53215247
53215271
53215277
53215289
53215291
53215297
53215303
53215343
53215369
53215373
53215403
53215411
53215433
53215439
53215453
53215489
53215529
53215531
53215543
53215549
53215567
53215597
53215649
53215691
53215693
53215717
53215739
53215753
53215777
53215781
53215793
53215801
53215829
53215843
53215853
53215867
53215919
53215927
53215937
53215949
53215961
53215963
53216021
53216039
53216047
53216063
53216113
53216117
53216147
53216159
53216161
53216167
53216179
53216221
53216231
53216257
53216263
53216269
53216281
53216287
53216299
53216329
53216347
53216351
53216377
53216389
53216419
53216437
53216447
53216453
53216467
53216507
53216509
53216519
53216531
53216543
53216591
53216593
53216599
53216617
53216621
53216627
53216633
53216689
53216699
53216707
53216731
53216741
53216759
53216789
53216791
53216797
53216803
53216857
53216873
53216899
53216903
53216923
53216941
53216951
53216959
53216971
53216981
53216983
53217023
53217091
53217097
53217121
53217133
53217161
53217163
53217167
53217181
53217209
53217223
53217251
53217253
53217257
53217277
53217299
53217313
53217337
53217343
53217371
53217403
53217419
53217431
53217449
53217457
53217473
53217487
53217503
53217509
53217533
53217547
53217551
53217589
53217601
53217623
53217641
53217719
53217721
53217733
53217737
53217739
53217751
53217763
53217767
53217779
53217781
53217799
53217811
53217839
53217859
53217863
53217893
53217907
53217947
53217971
53218019
53218037
53218049
53218073
53218079
53218091
53218093
53218111
53218127
53218129
53218157
53218199
53218261
53218267
53218273
53218283
53218331
53218339
53218409
53218423
53218427
53218439
53218453
53218457
53218463
53218489
53218499
53218507
53218541
53218549
53218553
53218577
53218579
53218589
53218597
53218603
53218643
53218651
53218663
53218667
53218673
53218717
53218729
53218771
53218783
53218793
53218807
53218813
53218817
53218859
53218889
53218897
53218927
53218933
53218937
53218939
53218951
53218961
53219009
53219029
53219039
53219071
53219083
53219099
53219119
53219123
53219137
53219149
53219161
53219191
53219203
53219207
53219227
53219233
53219269
53219273
53219291
53219311
53219317
53219329
53219363
53219381
53219407
53219417
53219429
53219443
53219459
53219461
53219501
53219519
53219527
53219533
53219549
53219561
53219563
53219581
53219603
53219609
53219659
53219687
53219689
53219759
53219773
53219783
53219807
53219813
53219821
53219863
53219867
53219879
53219899
53219917
53219921
53219941
53219951
53219977
53219987
53220001
53220029
53220053
53220059
53220067
53220073
53220077
53220103
53220107
53220113
53220119
53220127
53220143
53220151
53220161
53220169
53220199
53220241
53220259
53220269
53220289
53220313
53220341
53220359
53220371
53220373
53220379
53220407
53220439
53220443
53220451
53220457
53220473
53220491
53220499
53220553
53220581
53220589
53220593
53220611
53220613
53220617
53220619
53220631
53220649
53220683
53220703
53220709
53220719
53220733
53220743
53220757
53220803
53220823
53220833
53220859
53220883
53220889
53220899
53220901
53220907
53220917
53220983
53220997
53221013
53221019
53221031
53221043
53221073
53221081
53221093
53221111
53221151
53221171
53221187
53221253
53221277
53221283
53221303
53221313
53221319
53221331
53221361
53221367
53221369
53221417
53221477
53221507
53221523
53221537
53221541
53221559
53221561
53221591
53221601
53221613
53221621
53221631
53221633
53221639
53221673
53221687
53221691
53221697
53221703
53221709
53221711
53221771
53221787
53221807
53221811
53221859
53221867
53221871
53221877
53221921
53221933
53221939
53221963
53221967
53221969
53221979
53221981
53221991
53221999
53222011
53222027
53222033
53222077
53222083
53222101
53222129
53222131
53222159
53222167
53222177
53222179
53222203
53222219
53222227
53222231
53222269
53222311
53222357
53222371
53222383
53222417
53222419
53222423
53222431
53222459
53222467
53222473
53222479
53222489
53222509
53222527
53222531
53222557
53222581
53222593
53222599
53222641
53222669
53222693
53222711
53222717
53222731
53222737
53222773
53222783
53222789
53222791
53222803
53222809
53222821
53222831
53222839
53222891
53222921
53222929
53222951
53222963
53222987
53222999
53223007
53223013
53223017
53223019
53223029
53223041
53223083
53223097
53223139
53223143
53223151
53223167
53223179
53223193
53223197
53223217
53223227
53223257
53223271
53223281
53223307
53223329
53223343
53223361
53223383
53223397
53223409
53223419
53223431
53223433
53223437
53223451
53223461
53223473
53223509
53223539
53223553
53223557
53223563
53223589
53223601
53223629
53223673
53223689
53223697
53223701
53223707
53223721
53223727
53223733
53223739
53223757
53223761
53223763
53223767
53223773
53223823
53223827
53223829
53223847
53223899
53223917
53223941
53223953
53223967
53223971
53223977
53223979
53224007
53224013
53224021
53224037
53224043
53224091
53224103
53224123
53224133
53224159
53224169
53224177
53224181
53224183
53224201
53224207
53224217
53224247
53224267
53224279
53224291
53224307
53224319
53224321
53224387
53224393
53224417
53224421
53224429
53224471
53224477
53224481
53224487
53224517
53224543
53224559
53224571
53224597
53224607
53224649
53224651
53224673
53224687
53224693
53224709
53224729
53224751
53224753
53224763
53224777
53224781
53224789
53224817
53224819
53224823
53224849
53224877
53224883
53224901
53224931
53224939
53224949
53224973
53224979
53224991
53225033
53225069
53225087
53225089
53225111
53225141
53225143
53225149
53225153
53225167
53225173
53225177
53225191
53225201
53225219
53225261
53225279
53225297
53225299
53225309
53225311
53225323
53225369
53225401
53225407
53225423
53225429
53225437
53225449
53225461
53225467
53225477
53225509
53225533
53225561
53225563
53225567
53225569
53225587
53225591
53225603
53225609
53225617
53225633
53225639
53225651
53225663
53225713
53225717
53225747
53225771
53225801
53225803
53225813
53225867
53225903
53225911
53225917
53225923
53225927
53225941
53225947
53225993
53225999
53226023
53226037
53226053
53226067
53226097
53226109
53226113
53226139
53226149
53226169
53226181
53226191
53226193
53226197
53226253
53226263
53226311
53226317
53226359
53226367
53226373
53226403
53226409
53226421
53226431
53226449
53226451
53226457
53226463
53226491
53226493
53226497
53226527
53226529
53226533
53226601
53226631
53226661
53226671
53226689
53226703
53226707
53226731
53226751
53226763
53226773
53226781
53226793
53226799
53226857
53226863
53226869
53226883
53226911
53226937
53226947
53227007
53227049
53227063
53227079
53227081
53227099
53227123
53227133
53227159
53227177
53227183
53227193
53227231
53227241
53227243
53227253
53227271
53227331
53227337
53227393
53227397
53227457
53227469
53227481
53227483
53227513
53227519
53227523
53227541
53227549
53227567
53227579
53227597
53227609
53227637
53227649
53227667
53227693
53227703
53227711
53227763
53227843
53227871
53227879
53227903
53227913
53227921
53227927
53227931
53227939
53228009
53228011
53228033
53228039
53228047
53228057
53228099
53228107
53228129
53228167
53228171
53228179
53228213
53228221
53228249
53228251
53228267
53228269
53228303
53228317
53228323
53228341
53228353
53228359
53228387
53228389
53228419
53228423
53228477
53228489
53228491
53228507
53228551
53228563
53228587
53228599
53228657
53228689
53228713
53228723
53228729
53228789
53228803
53228843
53228849
53228867
53228869
53228873
53228881
53228893
53228897
53228911
53228927
53228933
53228939
53228941
53228971
53228993
53228999
53229019
53229047
53229049
53229053
53229067
53229073
53229097
53229101
53229157
53229167
53229179
53229229
53229233
53229257
53229259
53229277
53229283
53229287
53229307
53229349
53229367
53229373
53229389
53229401
53229403
53229419
53229467
53229479
53229493
53229497
53229523
53229541
53229559
53229563
53229577
53229581
53229619
53229661
53229713
53229733
53229739
53229749
53229763
53229853
53229871
53229919
53229937
53229947
53229949
53229983
53230031
53230057
53230063
53230103
53230159
53230169
53230181
53230187
53230207
53230217
53230231
53230241
53230291
53230301
53230313
53230321
53230327
53230337
53230339
53230357
53230403
53230439
53230453
53230469
53230493
53230501
53230511
53230523
53230549
53230577
53230607
53230637
53230663
53230691
53230699
53230721
53230729
53230733
53230739
53230741
53230777
53230823
53230829
53230831
53230843
53230847
53230867
53230873
53231051
53231053
53231093
53231111
53231117
53231147
53231159
53231183
53231207
53231219
53231231
53231261
53231263
53231287
53231317
53231329
53231351
53231359
53231363
53231383
53231441
53231449
53231473
53231491
53231513
53231551
53231569
53231587
53231593
53231599
53231609
53231621
53231623
53231627
53231707
53231723
53231767
53231771
53231861
53231869
53231873
53231881
53231887
53231917
53231953
53231993
53232001
53232013
53232031
53232071
53232073
53232089
53232119
53232121
53232149
53232163
53232169
53232191
53232211
53232217
53232241
53232269
53232271
53232293
53232317
53232329
53232343
53232367
53232401
53232407
53232437
53232449
53232451
53232467
53232479
53232497
53232521
53232523
53232527
53232541
53232551
53232589
53232601
53232671
53232689
53232713
53232721
53232733
53232761
53232791
53232799
53232847
53232877
53232901
53232911
53232917
53232919
53232929
53233013
53233021
53233027
53233039
53233043
53233049
53233073
53233091
53233099
53233153
53233157
53233199
53233237
53233267
53233289
53233321
53233331
53233373
53233391
53233451
53233471
53233487
53233489
53233501
53233507
53233549
53233591
53233601
53233619
53233633
53233673
53233723
53233757
53233769
53233777
53233811
53233841
53233849
53233853
53233897
53233903
53233927
53233963
53233967
53234011
53234023
53234047
53234057
53234059
53234131
53234141
53234149
53234177
53234179
53234189
53234197
53234239
53234243
53234287
53234323
53234329
53234341
53234383
53234393
53234407
53234431
53234437
53234449
53234477
53234491
53234509
53234521
53234539
53234543
53234563
53234567
53234569
53234591
53234609
53234617
53234647
53234651
53234653
53234663
53234669
53234677
53234683
53234693
53234729
53234743
53234771
53234809
53234813
53234821
53234833
53234849
53234887
53234893
53234911
53234953
53234959
53234963
53234977
53234983
53234999
53235001
53235011
53235053
53235059
53235073
53235107
53235139
53235151
53235157
53235199
53235223
53235233
53235253
53235257
53235263
53235269
53235289
53235337
53235361
53235367
53235379
53235437
53235451
53235461
53235467
53235499
53235509
53235521
53235527
53235541
53235569
53235571
53235583
53235599
53235613
53235629
53235659
53235661
53235667
53235673
53235697
53235703
53235719
53235727
53235757
53235779
53235781
53235803
53235811
53235821
53235829
53235841
53235863
53235943
53235953
53235971
53235977
53235991
53236019
53236037
53236039
53236067
53236069
53236091
53236097
53236133
53236153
53236181
53236201
53236223
53236243
53236273
53236277
53236357
53236361
53236369
53236397
53236399
53236411
53236429
53236457
53236481
53236483
53236487
53236493
53236501
53236529
53236543
53236549
53236553
53236609
53236619
53236621
53236633
53236643
53236649
53236661
53236691
53236739
53236763
53236787
53236811
53236823
53236831
53236847
53236867
53236871
53236873
53236891
53236903
53236913
53236919
53236933
53236943
53236949
53236991
53237021
53237027
53237029
53237033
53237039
53237123
53237153
53237167
53237179
53237207
53237213
53237227
53237237
53237263
53237299
53237333
53237363
53237369
53237377
53237381
53237399
53237407
53237419
53237423
53237441
53237467
53237473
53237501
53237537
53237543
53237549
53237573
53237603
53237641
53237683
53237729
53237749
53237759
53237773
53237813
53237839
53237851
53237861
53237879
53237903
53237909
53237911
53237923
53237927
53237941
53237953
53237971
53238011
53238013
53238041
53238047
53238089
53238091
53238127
53238139
53238173
53238181
53238193
53238233
53238239
53238259
53238277
53238281
53238293
53238313
53238319
53238329
53238347
53238349
53238391
53238433
53238457
53238463
53238469
53238487
53238499
53238511
53238517
53238533
53238539
53238557
53238593
53238631
53238637
53238667
53238677
53238697
53238701
53238737
53238739
53238791
53238833
53238839
53238841
53238863
53238877
53238901
53238907
53238919
53238943
53238953
53238961
53238971
53239001
53239013
53239037
53239049
53239057
53239091
53239093
53239097
53239133
53239163
53239187
53239201
53239211
53239217
53239229
53239231
53239237
53239247
53239253
53239261
53239321
53239343
53239441
53239451
53239453
53239499
53239513
53239541
53239553
53239609
53239639
53239643
53239649
53239657
53239723
53239727
53239789
53239811
53239817
53239819
53239829
53239859
53239867
53239877
53239933
53239999
53240021
53240023
53240087
53240111
53240123
53240167
53240171
53240179
53240189
53240191
53240203
53240207
53240219
53240221
53240269
53240279
53240281
53240309
53240333
53240339
53240347
53240387
53240393
53240399
53240417
53240419
53240431
53240441
53240459
53240483
53240501
53240503
53240543
53240587
53240623
53240633
53240639
53240647
53240657
53240683
53240687
53240713
53240731
53240767
53240771
53240773
53240827
53240843
53240849
53240851
53240879
53240881
53240893
53240899
53240903
53240909
53240911
53240921
53240927
53241011
53241047
53241061
53241079
53241091
53241109
53241119
53241121
53241131
53241137
53241143
53241169
53241197
53241233
53241259
53241283
53241289
53241301
53241317
53241341
53241371
53241379
53241403
53241407
53241427
53241449
53241451
53241469
53241523
53241571
53241583
53241599
53241607
53241623
53241641
53241649
53241653
53241673
53241691
53241707
53241719
53241737
53241817
53241889
53241901
53241907
53241949
53241953
53241967
53242003
53242027
53242037
53242073
53242121
53242139
53242141
53242151
53242177
53242183
53242187
53242193
53242201
53242207
53242219
53242243
53242247
53242253
53242291
53242303
53242327
53242333
53242349
53242361
53242373
53242411
53242457
53242489
53242507
53242513
53242517
53242523
53242529
53242537
53242543
53242547
53242571
53242573
53242583
53242601
53242613
53242619
53242627
53242633
53242697
53242711
53242727
53242789
53242799
53242817
53242831
53242859
53242867
53242877
53242897
53242909
53242933
53242949
53242951
53242991
53243011
53243017
53243033
53243039
53243041
53243083
53243117
53243119
53243123
53243131
53243143
53243153
53243161
53243189
53243219
53243233
53243243
53243249
53243251
53243279
53243327
53243329
53243347
53243357
53243363
53243381
53243389
53243401
53243471
53243479
53243483
53243497
53243501
53243537
53243573
53243581
53243633
53243639
53243651
53243669
53243713
53243731
53243737
53243741
53243759
53243803
53243807
53243819
53243821
53243831
53243837
53243849
53243857
53243887
53243891
53243899
53243917
53243929
53243941
53243969
53243989
53244007
53244031
53244041
53244043
53244047
53244067
53244077
53244097
53244101
53244151
53244157
53244167
53244193
53244223
53244239
53244259
53244263
53244311
53244337
53244343
53244353
53244397
53244409
53244413
53244419
53244421
53244427
53244437
53244463
53244481
53244539
53244547
53244559
53244571
53244601
53244617
53244619
53244641
53244649
53244661
53244671
53244673
53244677
53244683
53244757
53244761
53244767
53244787
53244811
53244827
53244857
53244871
53244883
53244907
53244911
53244929
53244943
53244953
53244979
53245007
53245021
53245067
53245103
53245117
53245121
53245123
53245141
53245169
53245177
53245193
53245237
53245271
53245273
53245279
53245303
53245307
53245319
53245327
53245403
53245427
53245441
53245453
53245471
53245559
53245561
53245571
53245573
53245583
53245589
53245691
53245697
53245721
53245727
53245781
53245799
53245823
53245831
53245861
53245891
53245901
53245937
53245957
53245963
53245967
53245991
53246021
53246029
53246033
53246047
53246051
53246087
53246111
53246131
53246153
53246197
53246201
53246203
53246239
53246257
53246269
53246279
53246309
53246317
53246353
53246359
53246371
53246377
53246381
53246383
53246423
53246429
53246467
53246471
53246477
53246507
53246509
53246519
53246527
53246537
53246549
53246551
53246563
53246573
53246603
53246657
53246681
53246701
53246719
53246729
53246801
53246849
53246861
53246867
53246881
53246891
53246917
53246923
53246953
53246957
53246989
53247017
53247031
53247037
53247041
53247053
53247067
53247071
53247079
53247091
53247097
53247109
53247127
53247133
53247137
53247143
53247157
53247191
53247197
53247199
53247203
53247209
53247211
53247223
53247241
53247251
53247269
53247289
53247307
53247353
53247361
53247407
53247409
53247413
53247419
53247427
53247431
53247437
53247511
53247539
53247547
53247577
53247581
53247611
53247613
53247619
53247637
53247673
53247679
53247697
53247707
53247713
53247787
53247793
53247797
53247809
53247811
53247833
53247839
53247841
53247853
53247869
53247871
53247911
53247919
53247947
53247949
53247979
53247989
53247991
53248001
53248009
53248021
53248033
53248037
53248043
53248067
53248079
53248103
53248123
53248141
53248193
53248211
53248249
53248253
53248271
53248309
53248313
53248331
53248333
53248337
53248339
53248343
53248373
53248387
53248409
53248417
53248423
53248453
53248457
53248477
53248493
53248523
53248543
53248549
53248561
53248579
53248589
53248597
53248633
53248639
53248667
53248673
53248681
53248691
53248711
53248717
53248721
53248753
53248763
53248787
53248799
53248807
53248817
53248831
53248889
53248907
53248919
53248931
53248939
53248969
53248973
53249029
53249051
53249057
53249069
53249087
53249101
53249113
53249129
53249137
53249143
53249149
53249171
53249197
53249221
53249237
53249257
53249281
53249293
53249311
53249359
53249363
53249369
53249377
53249387
53249429
53249467
53249473
53249479
53249507
53249509
53249519
53249557
53249561
53249591
53249633
53249641
53249659
53249663
53249671
53249681
53249687
53249719
53249741
53249743
53249753
53249759
53249773
53249803
53249809
53249827
53249839
53249843
53249851
53249863
53249881
53249893
53249897
53249921
53249983
53250023
53250031
53250047
53250049
53250077
53250079
53250091
53250101
53250139
53250151
53250181
53250199
53250209
53250247
53250257
53250259
53250299
53250311
53250317
53250347
53250367
53250397
53250413
53250419
53250427
53250487
53250493
53250517
53250523
53250541
53250553
53250557
53250581
53250601
53250607
53250623
53250629
53250649
53250707
53250737
53250739
53250779
53250793
53250803
53250809
53250811
53250833
53250893
53250907
53250917
53250947
53250979
53251013
53251031
53251069
53251073
53251097
53251117
53251127
53251147
53251151
53251153
53251181
53251189
53251199
53251213
53251241
53251277
53251283
53251291
53251301
53251307
53251313
53251321
53251339
53251381
53251403
53251411
53251421
53251427
53251441
53251447
53251477
53251487
53251507
53251519
53251567
53251573
53251577
53251603
53251619
53251643
53251651
53251657
53251663
53251669
53251691
53251711
53251733
53251747
53251753
53251777
53251787
53251789
53251817
53251819
53251823
53251883
53251943
53251949
53251997
53252009
53252021
53252039
53252051
53252057
53252063
53252093
53252099
53252119
53252159
53252167
53252179
53252197
53252237
53252239
53252249
53252257
53252261
53252293
53252369
53252371
53252401
53252413
53252431
53252443
53252453
53252461
53252489
53252491
53252539
53252543
53252561
53252569
53252579
53252593
53252597
53252603
53252609
53252663
53252669
53252681
53252701
53252737
53252777
53252779
53252821
53252851
53252887
53252921
53252923
53252951
53252971
53252977
53252999
53253001
53253017
53253059
53253103
53253157
53253169
53253191
53253229
53253253
53253271
53253289
53253311
53253313
53253329
53253331
53253353
53253359
53253373
53253377
53253391
53253413
53253419
53253433
53253437
53253439
53253449
53253451
53253457
53253467
53253493
53253509
53253511
53253517
53253521
53253539
53253569
53253581
53253589
53253593
53253601
53253617
53253647
53253649
53253709
53253731
53253749
53253757
53253787
53253791
53253839
53253853
53253857
53253859
53253869
53253883
53253899
53253913
53253953
53253971
53253997
53254027
53254031
53254051
53254057
53254073
53254099
53254127
53254139
53254141
53254147
53254151
53254153
53254163
53254171
53254181
53254231
53254309
53254343
53254349
53254379
53254381
53254391
53254393
53254447
53254451
53254459
53254517
53254519
53254541
53254547
53254561
53254567
53254571
53254601
53254603
53254609
53254627
53254633
53254661
53254673
53254681
53254687
53254699
53254711
53254717
53254781
53254793
53254819
53254823
53254847
53254849
53254879
53254907
53254909
53254919
53254937
53254939
53254961
53254963
53254969
53254997
53255011
53255021
53255029
53255039
53255047
53255093
53255123
53255141
53255149
53255161
53255171
53255177
53255201
53255219
53255227
53255239
53255249
53255261
53255263
53255273
53255287
53255311
53255341
53255353
53255383
53255399
53255417
53255437
53255443
53255453
53255459
53255473
53255483
53255491
53255497
53255519
53255533
53255563
53255567
53255593
53255621
53255627
53255633
53255639
53255641
53255677
53255681
53255711
53255723
53255749
53255753
53255759
53255771
53255779
53255791
53255809
53255837
53255863
53255869
53255899
53255903
53255911
53255921
53255927
53255941
53255947
53255953
53255959
53255981
53255999
53256001
53256041
53256067
53256097
53256101
53256113
53256143
53256163
53256167
53256179
53256187
53256193
53256197
53256199
53256251
53256263
53256271
53256277
53256289
53256323
53256433
53256451
53256457
53256473
53256479
53256503
53256547
53256583
53256629
53256647
53256659
53256683
53256689
53256703
53256719
53256739
53256743
53256751
53256761
53256769
53256779
53256793
53256817
53256821
53256899
53256901
53256911
53256941
53256947
53256961
53256967
53256989
53257081
53257093
53257109
53257123
53257159
53257181
53257187
53257201
53257207
53257229
53257241
53257249
53257261
53257271
53257273
53257289
53257301
53257307
53257327
53257357
53257367
53257387
53257403
53257417
53257423
53257441
53257499
53257537
53257553
53257591
53257609
53257639
53257643
53257669
53257679
53257681
53257709
53257723
53257751
53257759
53257769
53257781
53257793
53257801
53257823
53257829
53257847
53257849
53257871
53257873
53257879
53257937
53257979
53257987
53258017
53258021
53258033
53258039
53258069
53258071
53258077
53258089
53258147
53258167
53258173
53258189
53258201
53258237
53258243
53258321
53258327
53258329
53258347
53258351
53258357
53258371
53258377
53258383
53258389
53258393
53258417
53258431
53258437
53258453
53258459
53258461
53258477
53258479
53258483
53258489
53258509
53258563
53258581
53258617
53258657
53258677
53258687
53258701
53258717
53258749
53258771
53258801
53258809
53258813
53258827
53258833
53258851
53258857
53258861
53258879
53258921
53258923
53258941
53258951
53258971
53258987
53259029
53259049
53259077
53259083
53259103
53259119
53259127
53259133
53259163
53259187
53259197
53259203
53259211
53259247
53259251
53259259
53259263
53259289
53259307
53259331
53259377
53259383
53259389
53259397
53259403
53259463
53259497
53259517
53259529
53259553
53259587
53259593
53259599
53259611
53259629
53259637
53259673
53259719
53259737
53259769
53259797
53259809
53259821
53259823
53259847
53259889
53259917
53259937
53259967
53259991
53260007
53260061
53260069
53260079
53260093
53260127
53260147
53260183
53260219
53260231
53260241
53260247
53260253
53260261
53260301
53260307
53260309
53260313
53260351
53260357
53260367
53260369
53260379
53260391
53260397
53260399
53260411
53260453
53260463
53260481
53260567
53260583
53260607
53260619
53260621
53260631
53260637
53260673
53260679
53260693
53260699
53260717
53260741
53260777
53260793
53260799
53260807
53260841
53260853
53260943
53260967
53261003
53261029
53261041
53261053
53261059
53261083
53261099
53261101
53261111
53261137
53261149
53261171
53261177
53261189
53261191
53261209
53261213
53261231
53261233
53261267
53261287
53261303
53261321
53261333
53261339
53261347
53261381
53261407
53261413
53261423
53261437
53261443
53261471
53261473
53261519
53261521
53261539
53261567
53261581
53261591
53261597
53261623
53261647
53261701
53261713
53261743
53261809
53261843
53261861
53261863
53261899
53261903
53261909
53261927
53261933
53261941
53261953
53261963
53262049
53262059
53262101
53262103
53262107
53262113
53262127
53262137
53262161
53262163
53262197
53262199
53262221
53262229
53262259
53262281
53262289
53262311
53262323
53262331
53262347
53262359
53262361
53262367
53262397
53262401
53262431
53262439
53262463
53262467
53262487
53262493
53262533
53262541
53262551
53262563
53262593
53262607
53262631
53262637
53262659
53262691
53262701
53262739
53262749
53262791
53262799
53262809
53262829
53262863
53262877
53262883
53262901
53262949
53262961
53262967
53262973
53263003
53263013
53263027
53263033
53263037
53263081
53263097
53263103
53263121
53263127
53263157
53263183
53263211
53263297
53263303
53263307
53263319
53263337
53263367
53263381
53263391
53263409
53263417
53263433
53263453
53263493
53263513
53263519
53263531
53263543
53263547
53263577
53263583
53263603
53263619
53263649
53263667
53263687
53263697
53263709
53263723
53263729
53263733
53263747
53263787
53263813
53263823
53263829
53263841
53263867
53263877
53263901
53263937
53263943
53263949
53263963
53263997
53264023
53264051
53264089
53264117
53264147
53264173
53264203
53264209
53264243
53264317
53264327
53264339
53264347
53264359
53264363
53264369
53264381
53264411
53264437
53264447
53264473
53264501
53264509
53264567
53264591
53264599
53264611
53264623
53264633
53264639
53264647
53264671
53264681
53264683
53264693
53264747
53264753
53264767
53264777
53264801
53264819
53264833
53264837
53264843
53264873
53264891
53264899
53264929
53264951
53264957
53264963
53264969
53264971
53264983
53264989
53265007
53265011
53265019
53265031
53265041
53265059
53265071
53265101
53265103
53265119
53265137
53265181
53265203
53265211
53265221
53265269
53265271
53265283
53265287
53265307
53265367
53265391
53265419
53265461
53265467
53265479
53265503
53265529
53265559
53265571
53265577
53265587
53265623
53265643
53265649
53265661
53265673
53265679
53265697
53265701
53265713
53265727
53265739
53265757
53265763
53265767
53265791
53265799
53265809
53265857
53265869
53265881
53265917
53265923
53265937
53265941
53265973
53266001
53266009
53266019
53266039
53266067
53266097
53266111
53266123
53266133
53266201
53266327
53266331
53266333
53266351
53266357
53266373
53266387
53266391
53266393
53266397
53266399
53266403
53266427
53266429
53266441
53266511
53266523
53266531
53266547
53266571
53266613
53266621
53266639
53266663
53266669
53266673
53266687
53266727
53266751
53266757
53266769
53266771
53266783
53266789
53266799
53266813
53266819
53266841
53266849
53266853
53266867
53266879
53266901
53266903
53266921
53266931
53266951
53266963
53266973
53266979
53266991
53267009
53267023
53267047
53267063
53267099
53267131
53267141
53267143
53267177
53267209
53267233
53267243
53267267
53267281
53267293
53267303
53267311
53267321
53267327
53267369
53267387
53267399
53267413
53267419
53267429
53267437
53267503
53267509
53267549
53267551
53267587
53267639
53267653
53267663
53267677
53267689
53267707
53267713
53267743
53267759
53267791
53267801
53267813
53267857
53267869
53267891
53267909
53267923
53267933
53267939
53267941
53267957
53267959
53267969
53268011
53268029
53268043
53268079
53268097
53268101
53268109
53268139
53268211
53268217
53268239
53268277
53268287
53268301
53268329
53268337
53268349
53268353
53268359
53268367
53268379
53268401
53268403
53268451
53268469
53268517
53268521
53268541
53268557
53268577
53268581
53268587
53268619
53268637
53268659
53268671
53268689
53268697
53268703
53268707
53268731
53268739
53268767
53268781
53268791
53268793
53268797
53268821
53268827
53268847
53268857
53268883
53268893
53268961
53268967
53268979
53268983
53269003
53269009
53269019
53269031
53269033
53269057
53269091
53269121
53269133
53269171
53269193
53269207
53269213
53269243
53269247
53269267
53269273
53269277
53269301
53269361
53269367
53269417
53269423
53269427
53269429
53269441
53269457
53269477
53269481
53269511
53269523
53269543
53269547
53269553
53269583
53269589
53269591
53269609
53269613
53269639
53269661
53269703
53269729
53269739
53269759
53269763
53269807
53269813
53269829
53269831
53269837
53269871
53269877
53269889
53269907
53269913
53269921
53269949
53269967
53269999
53270003
53270039
53270051
53270081
53270083
53270099
53270101
53270117
53270131
53270143
53270177
53270201
53270207
53270213
53270219
53270227
53270251
53270267
53270279
53270297
53270309
53270311
53270351
53270407
53270429
53270447
53270449
53270489
53270513
53270551
53270587
53270597
53270611
53270663
53270677
53270681
53270719
53270729
53270731
53270747
53270753
53270773
53270779
53270797
53270821
53270839
53270857
53270869
53270887
53270891
53270929
53270953
53270957
53270981
53270983
53270993
53271007
53271017
53271037
53271061
53271067
53271073
53271077
53271089
53271107
53271121
53271131
53271133
53271161
53271167
53271181
53271187
53271223
53271227
53271233
53271247
53271287
53271301
53271313
53271331
53271343
53271389
53271397
53271401
53271403
53271419
53271433
53271451
53271457
53271479
53271481
53271503
53271509
53271511
53271553
53271563
53271571
53271577
53271599
53271607
53271613
53271643
53271683
53271697
53271707
53271737
53271773
53271781
53271791
53271793
53271847
53271851
53271859
53271893
53271899
53271923
53271937
53271947
53271961
53272003
53272007
53272019
53272057
53272061
53272069
53272073
53272097
53272099
53272111
53272171
53272187
53272189
53272199
53272213
53272231
53272249
53272253
53272279
53272343
53272433
53272451
53272469
53272487
53272493
53272501
53272511
53272519
53272529
53272537
53272613
53272621
53272627
53272633
53272643
53272651
53272673
53272721
53272729
53272763
53272777
53272799
53272847
53272873
53272889
53272907
53272927
53272931
53273023
53273027
53273057
53273111
53273113
53273117
53273123
53273141
53273149
53273153
53273177
53273179
53273197
53273201
53273237
53273239
53273249
53273281
53273287
53273323
53273329
53273347
53273369
53273371
53273383
53273387
53273399
53273449
53273483
53273503
53273527
53273537
53273569
53273573
53273581
53273629
53273651
53273659
53273677
53273713
53273723
53273741
53273743
53273749
53273789
53273837
53273839
53273849
53273863
53273917
53273933
53273951
53273953
53273977
53273981
53274029
53274037
53274041
53274061
53274071
53274079
53274083
53274097
53274101
53274103
53274121
53274149
53274161
53274173
53274197
53274217
53274223
53274241
53274251
53274253
53274259
53274281
53274283
53274307
53274317
53274367
53274373
53274383
53274401
53274427
53274433
53274439
53274469
53274497
53274511
53274541
53274577
53274589
53274607
53274619
53274623
53274659
53274667
53274673
53274679
53274691
53274707
53274713
53274733
53274761
53274797
53274799
53274811
53274853
53274869
53274913
53274919
53274929
53274937
53274941
53274953
53274971
53274989
53275003
53275007
53275039
53275043
53275049
53275051
53275067
53275087
53275091
53275109
53275129
53275139
53275147
53275223
53275231
53275273
53275303
53275333
53275351
53275361
53275421
53275427
53275447
53275451
53275457
53275471
53275477
53275513
53275517
53275529
53275531
53275549
53275553
53275571
53275583
53275589
53275679
53275693
53275709
53275711
53275727
53275741
53275757
53275793
53275799
53275811
53275847
53275853
53275861
53275877
53275883
53275891
53275903
53275907
53275919
53275969
53275973
53275991
53276009
53276017
53276033
53276071
53276087
53276101
53276107
53276117
53276129
53276131
53276137
53276143
53276177
53276213
53276221
53276231
53276297
53276309
53276347
53276359
53276369
53276371
53276401
53276407
53276413
53276429
53276471
53276491
53276539
53276549
53276563
53276581
53276599
53276611
53276617
53276651
53276653
53276687
53276719
53276747
53276771
53276777
53276789
53276831
53276833
53276837
53276863
53276921
53276981
53276983
53276989
53277001
53277013
53277019
53277053
53277061
53277073
53277097
53277101
53277109
53277113
53277143
53277149
53277209
53277227
53277229
53277233
53277277
53277283
53277359
53277383
53277397
53277401
53277421
53277443
53277493
53277503
53277533
53277551
53277557
53277563
53277589
53277593
53277613
53277647
53277671
53277709
53277713
53277769
53277839
53277841
53277853
53277857
53277859
53277877
53277911
53277923
53277941
53277943
53277947
53277953
53277967
53278007
53278009
53278019
53278021
53278037
53278061
53278073
53278081
53278129
53278139
53278157
53278163
53278171
53278217
53278271
53278319
53278321
53278331
53278339
53278349
53278361
53278363
53278397
53278399
53278427
53278439
53278487
53278499
53278513
53278523
53278529
53278549
53278571
53278573
53278609
53278633
53278651
53278657
53278661
53278703
53278723
53278751
53278807
53278859
53278861
53278891
53278903
53278909
53278921
53278931
53278949
53278993
53278999
53279029
53279069
53279081
53279087
53279089
53279099
53279129
53279143
53279147
53279159
53279189
53279197
53279209
53279221
53279231
53279243
53279267
53279299
53279311
53279333
53279357
53279389
53279393
53279407
53279423
53279449
53279461
53279489
53279497
53279509
53279521
53279533
53279573
53279617
53279627
53279659
53279689
53279701
53279713
53279719
53279729
53279767
53279771
53279777
53279797
53279833
53279861
53279879
53279903
53279909
53279911
53279923
53279953
53279957
53279969
53279977
53279981
53280001
53280011
53280013
53280043
53280067
53280079
53280083
53280089
53280109
53280133
53280137
53280151
53280169
53280173
53280191
53280203
53280223
53280233
53280251
53280263
53280307
53280319
53280323
53280341
53280347
53280349
53280379
53280391
53280401
53280419
53280421
53280449
53280527
53280551
53280559
53280587
53280589
53280637
53280653
53280671
53280679
53280683
53280701
53280707
53280727
53280763
