53936131
53936149
53936153
53936161
53936167
53936177
53936191
53936203
53936209
53936221
53936243
53936263
53936287
53936293
53936321
53936327
53936329
53936347
53936353
53936387
53936413
53936423
53936431
53936437
53936447
53936479
53936483
53936503
53936521
53936527
53936543
53936551
53936557
53936591
53936593
53936629
53936647
53936693
53936719
53936731
53936737
53936791
53936833
53936843
53936849
53936851
53936887
53936893
53936899
53936917
53936923
53936933
53936959
53936963
53936977
53936989
53937019
53937053
53937097
53937109
53937119
53937133
53937229
53937259
53937271
53937283
53937313
53937337
53937347
53937349
53937391
53937407
53937503
53937539
53937563
53937581
53937589
53937619
53937629
53937659
53937661
53937677
53937703
53937721
53937727
53937733
53937739
53937757
53937761
53937769
53937773
53937817
53937833
53937839
53937853
53937857
53937893
53937901
53937911
53937931
53937937
53938007
53938019
53938051
53938067
53938081
53938123
53938139
53938163
53938189
53938201
53938219
53938223
53938253
53938301
53938303
53938307
53938309
53938327
53938349
53938369
53938387
53938421
53938439
53938441
53938513
53938523
53938529
53938553
53938561
53938601
53938631
53938649
53938679
53938691
53938817
53938831
53938837
53938849
53938877
53938957
53938991
53939003
53939009
53939023
53939029
53939047
53939051
53939057
53939063
53939099
53939111
53939131
53939141
53939153
53939161
53939183
53939201
53939227
53939257
53939261
53939273
53939279
53939321
53939359
53939363
53939387
53939401
53939437
53939443
53939519
53939527
53939539
53939551
53939563
53939579
53939591
53939609
53939617
53939621
53939653
53939687
53939693
53939701
53939707
53939729
53939731
53939741
53939771
53939779
53939789
53939801
53939839
53939863
53939867
53939869
53939911
53939927
53939939
53939947
53939953
53939989
53940001
53940013
53940023
53940041
53940059
53940071
53940077
53940079
53940097
53940113
53940121
53940137
53940143
53940169
53940181
53940247
53940281
53940283
53940301
53940311
53940317
53940323
53940389
53940391
53940401
53940407
53940433
53940457
53940517
53940529
53940547
53940553
53940569
53940577
53940581
53940611
53940641
53940659
53940661
53940683
53940703
53940739
53940743
53940749
53940751
53940763
53940793
53940797
53940811
53940823
53940839
53940851
53940869
53940893
53940907
53940917
53940919
53940923
53940973
53940977
53940979
53940989
53941039
53941093
53941109
53941123
53941177
53941183
53941193
53941201
53941207
53941211
53941213
53941229
53941253
53941267
53941273
53941309
53941319
53941331
53941351
53941367
53941369
53941397
53941411
53941423
53941441
53941483
53941529
53941541
53941543
53941607
53941619
53941621
53941631
53941649
53941673
53941681
53941687
53941717
53941721
53941729
53941733
53941787
53941807
53941813
53941843
53941847
53941861
53941879
53941883
53941897
53941957
53941973
53941981
53942033
53942047
53942051
53942093
53942111
53942113
53942123
53942129
53942137
53942143
53942171
53942177
53942209
53942219
53942249
53942261
53942267
53942299
53942341
53942351
53942353
53942359
53942363
53942381
53942423
53942431
53942443
53942467
53942477
53942489
53942507
53942509
53942519
53942527
53942533
53942549
53942561
53942563
53942587
53942591
53942599
53942617
53942627
53942641
53942671
53942677
53942687
53942723
53942771
53942773
53942807
53942827
53942831
53942857
53942879
53942891
53942893
53942899
53942953
53942963
53942983
53943037
53943047
53943059
53943067
53943079
53943121
53943139
53943157
53943179
53943181
53943209
53943217
53943221
53943233
53943269
53943283
53943293
53943313
53943319
53943343
53943367
53943389
53943403
53943433
53943437
53943467
53943481
53943493
53943497
53943517
53943551
53943553
53943563
53943623
53943647
53943653
53943661
53943691
53943697
53943713
53943719
53943727
53943731
53943739
53943767
53943781
53943803
53943821
53943829
53943833
53943847
53943853
53943863
53943871
53943893
53943913
53943959
53943997
53944001
53944013
53944067
53944073
53944103
53944129
53944133
53944141
53944159
53944171
53944181
53944199
53944217
53944271
53944277
53944327
53944337
53944339
53944343
53944351
53944367
53944399
53944441
53944463
53944469
53944481
53944493
53944529
53944543
53944547
53944567
53944589
53944603
53944607
53944609
53944633
53944651
53944663
53944691
53944699
53944711
53944741
53944753
53944763
53944777
53944789
53944811
53944817
53944829
53944873
53944879
53944897
53944903
53944907
53944921
53944931
53944951
53944973
53944987
53944997
53944999
53945027
53945039
53945077
53945083
53945093
53945137
53945141
53945153
53945179
53945197
53945201
53945207
53945209
53945219
53945273
53945291
53945401
53945417
53945429
53945431
53945449
53945453
53945497
53945501
53945513
53945527
53945543
53945569
53945609
53945629
53945657
53945699
53945711
53945719
53945747
53945753
53945789
53945819
53945867
53945893
53945923
53945987
53945993
53945999
53946023
53946031
53946041
53946043
53946047
53946089
53946127
53946157
53946173
53946181
53946199
53946203
53946223
53946229
53946239
53946251
53946307
53946311
53946329
53946331
53946341
53946379
53946397
53946401
53946427
53946433
53946437
53946443
53946461
53946463
53946517
53946533
53946551
53946619
53946637
53946649
53946653
53946667
53946689
53946733
53946749
53946751
53946769
53946773
53946803
53946817
53946821
53946829
53946847
53946853
53946877
53946883
53946887
53946889
53946911
53946917
53946943
53946953
53946973
53947027
53947039
53947051
53947079
53947093
53947111
53947129
53947141
53947183
53947193
53947249
53947277
53947301
53947321
53947339
53947343
53947357
53947379
53947381
53947391
53947447
53947463
53947469
53947483
53947501
53947519
53947541
53947547
53947549
53947561
53947567
53947571
53947573
53947577
53947583
53947601
53947633
53947637
53947639
53947651
53947661
53947667
53947703
53947711
53947727
53947763
53947787
53947793
53947807
53947819
53947849
53947853
53947871
53947877
53947891
53947913
53947981
53947991
53948047
53948053
53948077
53948093
53948107
53948119
53948131
53948137
53948159
53948171
53948173
53948197
53948221
53948249
53948261
53948267
53948287
53948299
53948309
53948311
53948341
53948369
53948371
53948407
53948417
53948441
53948459
53948491
53948537
53948549
53948561
53948591
53948611
53948623
53948641
53948663
53948677
53948681
53948683
53948689
53948693
53948707
53948717
53948723
53948749
53948759
53948761
53948767
53948821
53948831
53948861
53948879
53948887
53948891
53948893
53948911
53948929
53948933
53948941
53948953
53948957
53948981
53948987
53949001
53949013
53949017
53949067
53949073
53949089
53949101
53949157
53949163
53949167
53949173
53949197
53949199
53949209
53949221
53949239
53949257
53949277
53949299
53949323
53949377
53949433
53949451
53949457
53949479
53949503
53949527
53949529
53949583
53949593
53949611
53949617
53949647
53949671
53949677
53949739
53949767
53949769
53949787
53949799
53949839
53949853
53949859
53949871
53949893
53949923
53949953
53949977
53949991
53949997
53950003
53950007
53950009
53950037
53950073
53950081
53950087
53950147
53950151
53950213
53950241
53950277
53950279
53950297
53950307
53950319
53950327
53950349
53950357
53950361
53950397
53950399
53950427
53950441
53950471
53950483
53950499
53950511
53950513
53950517
53950543
53950553
53950573
53950579
53950591
53950619
53950621
53950627
53950649
53950651
53950669
53950697
53950703
53950717
53950739
53950751
53950753
53950763
53950777
53950811
53950889
53950891
53950903
53950907
53950927
53950931
53950973
53950987
53950993
53951021
53951033
53951083
53951087
53951101
53951141
53951153
53951167
53951173
53951179
53951189
53951201
53951221
53951237
53951257
53951263
53951269
53951273
53951299
53951327
53951357
53951363
53951407
53951419
53951423
53951437
53951477
53951479
53951519
53951539
53951581
53951593
53951609
53951617
53951657
53951663
53951669
53951699
53951701
53951717
53951731
53951747
53951789
53951791
53951801
53951819
53951837
53951851
53951869
53951879
53951881
53951893
53951899
53951917
53951923
53951929
53951959
53951983
53951987
53951993
53952029
53952047
53952053
53952091
53952103
53952109
53952113
53952127
53952131
53952133
53952139
53952247
53952257
53952263
53952277
53952293
53952317
53952323
53952337
53952347
53952359
53952377
53952389
53952421
53952439
53952461
53952469
53952517
53952539
53952559
53952581
53952583
53952593
53952599
53952631
53952637
53952643
53952649
53952667
53952671
53952719
53952737
53952763
53952791
53952793
53952797
53952817
53952823
53952859
53952863
53952869
53952881
53952901
53952907
53952923
53952937
53952953
53952959
53952961
53952967
53952973
53952979
53953001
53953043
53953057
53953063
53953069
53953073
53953091
53953111
53953153
53953169
53953177
53953181
53953201
53953231
53953241
53953259
53953271
53953301
53953307
53953309
53953349
53953379
53953381
53953387
53953409
53953421
53953429
53953439
53953447
53953451
53953453
53953457
53953513
53953517
53953531
53953541
53953567
53953589
53953591
53953619
53953621
53953633
53953637
53953649
53953721
53953723
53953741
53953793
53953799
53953811
53953813
53953817
53953819
53953843
53953849
53953957
53953973
53953987
53954009
53954023
53954051
53954059
53954063
53954083
53954119
53954161
53954171
53954183
53954189
53954221
53954269
53954279
53954321
53954339
53954347
53954377
53954419
53954437
53954441
53954443
53954491
53954507
53954513
53954531
53954567
53954569
53954581
53954591
53954603
53954609
53954611
53954633
53954639
53954653
53954669
53954687
53954701
53954743
53954749
53954759
53954767
53954783
53954827
53954863
53954903
53954909
53954921
53954933
53954963
53954977
53955001
53955023
53955029
53955037
53955047
53955089
53955131
53955133
53955149
53955151
53955163
53955173
53955179
53955191
53955197
53955199
53955203
53955227
53955241
53955277
53955289
53955313
53955329
53955337
53955359
53955371
53955379
53955437
53955439
53955479
53955481
53955487
53955521
53955547
53955589
53955607
53955613
53955641
53955667
53955673
53955679
53955683
53955691
53955743
53955761
53955767
53955787
53955793
53955799
53955809
53955821
53955827
53955851
53955871
53955883
53955899
53955911
53955947
53956003
53956051
53956057
53956061
53956069
53956073
53956087
53956093
53956109
53956121
53956127
53956129
53956139
53956157
53956169
53956187
53956193
53956207
53956261
53956277
53956313
53956319
53956349
53956363
53956381
53956387
53956393
53956421
53956433
53956439
53956457
53956493
53956499
53956519
53956537
53956543
53956547
53956549
53956571
53956579
53956601
53956613
53956649
53956681
53956687
53956699
53956711
53956741
53956753
53956801
53956807
53956813
53956831
53956843
53956883
53956897
53956901
53956933
53956937
53956939
53956949
53956951
53956961
53956967
53956993
53956999
53957009
53957041
53957047
53957053
53957077
53957083
53957087
53957117
53957119
53957153
53957227
53957243
53957251
53957257
53957261
53957263
53957291
53957377
53957411
53957417
53957419
53957443
53957467
53957479
53957483
53957503
53957513
53957531
53957539
53957569
53957573
53957591
53957597
53957621
53957623
53957653
53957669
53957671
53957689
53957693
53957699
53957707
53957723
53957741
53957753
53957759
53957767
53957789
53957791
53957797
53957821
53957831
53957857
53957863
53957909
53957923
53957957
53957971
53957987
53957989
53958007
53958071
53958089
53958097
53958101
53958133
53958137
53958211
53958251
53958277
53958283
53958353
53958427
53958431
53958449
53958451
53958467
53958511
53958547
53958551
53958557
53958559
53958571
53958601
53958623
53958643
53958649
53958661
53958673
53958701
53958757
53958767
53958787
53958893
53958907
53958967
53958973
53958991
53958997
53959001
53959039
53959043
53959057
53959079
53959117
53959159
53959163
53959181
53959201
53959211
53959223
53959229
53959237
53959253
53959261
53959333
53959387
53959393
53959439
53959457
53959501
53959523
53959531
53959559
53959603
53959613
53959621
53959627
53959637
53959657
53959667
53959669
53959673
53959693
53959709
53959733
53959739
53959783
53959793
53959799
53959811
53959823
53959831
53959837
53959847
53959849
53959859
53959861
53959879
53959889
53959891
53959931
53959963
53959967
53959987
53959999
53960003
53960017
53960041
53960063
53960069
53960083
53960107
53960111
53960113
53960117
53960129
53960147
53960167
53960177
53960189
53960197
53960219
53960233
53960251
53960267
53960281
53960287
53960293
53960297
53960299
53960321
53960339
53960351
53960353
53960381
53960383
53960407
53960419
53960441
53960443
53960471
53960477
53960483
53960509
53960521
53960531
53960537
53960549
53960579
53960581
53960609
53960629
53960663
53960671
53960681
53960701
53960717
53960719
53960723
53960729
53960749
53960759
53960807
53960813
53960827
53960857
53960867
53960891
53960927
53960939
53960947
53960953
53960957
53960971
53960993
53961031
53961053
53961067
53961073
53961079
53961101
53961113
53961119
53961137
53961143
53961211
53961233
53961241
53961251
53961283
53961287
53961293
53961301
53961307
53961319
53961343
53961353
53961377
53961403
53961409
53961419
53961443
53961461
53961559
53961563
53961569
53961581
53961601
53961613
53961619
53961629
53961643
53961647
53961671
53961683
53961701
53961707
53961709
53961727
53961769
53961797
53961811
53961821
53961823
53961833
53961839
53961847
53961851
53961883
53961889
53961899
53961911
53961923
53961949
53961967
53961983
53961991
53961997
53962061
53962081
53962099
53962121
53962141
53962151
53962171
53962193
53962211
53962217
53962219
53962231
53962277
53962297
53962309
53962327
53962339
53962387
53962409
53962423
53962453
53962459
53962477
53962487
53962499
53962507
53962523
53962529
53962541
53962553
53962589
53962621
53962673
53962691
53962693
53962697
53962751
53962759
53962781
53962787
53962789
53962801
53962817
53962819
53962829
53962837
53962859
53962861
53962871
53962873
53962891
53962897
53962919
53962921
53962927
53962933
53962949
53962963
53962973
53962999
53963023
53963027
53963071
53963081
53963087
53963089
53963099
53963123
53963141
53963149
53963167
53963209
53963213
53963297
53963303
53963317
53963383
53963407
53963411
53963419
53963431
53963449
53963453
53963471
53963513
53963531
53963537
53963549
53963579
53963587
53963597
53963599
53963603
53963633
53963647
53963659
53963669
53963677
53963683
53963713
53963731
53963737
53963761
53963771
53963783
53963807
53963827
53963837
53963843
53963881
53963891
53963909
53963953
53963969
53963977
53963981
53963989
53963999
53964007
53964023
53964061
53964067
53964091
53964101
53964139
53964191
53964203
53964221
53964257
53964277
53964289
53964293
53964299
53964311
53964343
53964367
53964377
53964403
53964457
53964467
53964497
53964499
53964523
53964539
53964553
53964557
53964577
53964587
53964629
53964649
53964661
53964697
53964719
53964761
53964773
53964791
53964797
53964811
53964829
53964839
53964913
53964917
53964929
53964941
53964947
53964973
53964983
53964991
53965001
53965069
53965081
53965103
53965127
53965133
53965147
53965159
53965169
53965181
53965193
53965213
53965231
53965237
53965243
53965273
53965279
53965283
53965333
53965349
53965357
53965367
53965393
53965399
53965403
53965427
53965459
53965477
53965481
53965489
53965493
53965507
53965517
53965519
53965537
53965547
53965591
53965601
53965603
53965649
53965651
53965673
53965679
53965711
53965733
53965741
53965783
53965801
53965859
53965867
53965921
53965949
53965969
53965987
53965991
53965997
53965999
53966039
53966051
53966057
53966063
53966069
53966093
53966117
53966123
53966149
53966167
53966183
53966191
53966197
53966207
53966221
53966261
53966267
53966281
53966321
53966357
53966371
53966383
53966389
53966411
53966447
53966453
53966489
53966501
53966509
53966513
53966519
53966527
53966543
53966569
53966581
53966587
53966597
53966621
53966641
53966711
53966713
53966719
53966723
53966777
53966797
53966819
53966839
53966851
53966863
53966909
53966911
53966963
53966977
53967007
53967013
53967037
53967041
53967077
53967083
53967097
53967103
53967113
53967119
53967143
53967149
53967157
53967161
53967203
53967257
53967281
53967301
53967307
53967323
53967341
53967343
53967413
53967443
53967449
53967457
53967461
53967481
53967509
53967527
53967533
53967541
53967547
53967601
53967607
53967631
53967647
53967649
53967671
53967689
53967701
53967721
53967757
53967769
53967779
53967787
53967803
53967827
53967829
53967857
53967871
53967917
53967937
53967973
53967989
53968003
53968027
53968039
53968063
53968073
53968091
53968093
53968121
53968127
53968129
53968153
53968171
53968219
53968223
53968231
53968249
53968253
53968261
53968283
53968289
53968301
53968331
53968349
53968357
53968367
53968403
53968429
53968517
53968529
53968559
53968571
53968573
53968609
53968619
53968637
53968639
53968697
53968703
53968757
53968781
53968793
53968813
53968819
53968867
53968877
53968883
53968891
53968909
53968921
53968939
53968961
53968963
53968979
53968991
53969009
53969021
53969057
53969059
53969089
53969093
53969099
53969107
53969143
53969147
53969183
53969197
53969213
53969231
53969263
53969269
53969287
53969303
53969327
53969341
53969353
53969393
53969413
53969417
53969437
53969449
53969453
53969473
53969479
53969491
53969501
53969507
53969521
53969527
53969537
53969549
53969579
53969581
53969593
53969621
53969647
53969681
53969693
53969701
53969711
53969749
53969761
53969801
53969803
53969807
53969819
53969831
53969833
53969857
53969863
53969873
53969879
53969893
53969911
53969969
53969987
53970017
53970067
53970079
53970097
53970109
53970139
53970149
53970157
53970173
53970179
53970181
53970187
53970197
53970199
53970209
53970211
53970233
53970239
53970281
53970337
53970347
53970379
53970409
53970439
53970451
53970467
53970481
53970487
53970557
53970593
53970607
53970611
53970613
53970641
53970643
53970649
53970689
53970731
53970743
53970779
53970793
53970803
53970823
53970853
53970859
53970923
53971003
53971007
53971009
53971033
53971037
53971051
53971069
53971097
53971109
53971111
53971139
53971189
53971199
53971201
53971223
53971237
53971259
53971261
53971273
53971283
53971301
53971319
53971327
53971361
53971391
53971417
53971427
53971429
53971439
53971487
53971513
53971531
53971537
53971553
53971591
53971597
53971613
53971637
53971661
53971667
53971669
53971679
53971693
53971711
53971721
53971727
53971741
53971759
53971769
53971781
53971811
53971817
53971849
53971859
53971877
53971909
53971919
53971921
53971927
53971963
53971979
53971993
53971997
53972029
53972041
53972057
53972063
53972069
53972101
53972111
53972119
53972123
53972143
53972153
53972167
53972173
53972203
53972221
53972231
53972249
53972273
53972291
53972311
53972357
53972363
53972377
53972389
53972417
53972423
53972431
53972437
53972447
53972489
53972491
53972507
53972531
53972533
53972539
53972543
53972557
53972579
53972629
53972663
53972689
53972693
53972707
53972731
53972747
53972791
53972797
53972801
53972803
53972813
53972839
53972843
53972887
53972923
53972957
53972969
53973001
53973013
53973043
53973107
53973119
53973149
53973151
53973169
53973187
53973197
53973209
53973253
53973287
53973301
53973307
53973329
53973331
53973389
53973431
53973457
53973467
53973503
53973523
53973529
53973533
53973539
53973551
53973559
53973599
53973607
53973631
53973677
53973679
53973683
53973707
53973721
53973743
53973757
53973761
53973763
53973767
53973779
53973781
53973797
53973811
53973817
53973859
53973877
53973919
53973923
53973943
53973979
53973989
53974013
53974051
53974057
53974091
53974127
53974147
53974177
53974181
53974183
53974211
53974213
53974223
53974237
53974243
53974259
53974273
53974279
53974289
53974339
53974357
53974363
53974367
53974373
53974411
53974429
53974451
53974457
53974469
53974477
53974517
53974519
53974523
53974553
53974577
53974579
53974621
53974631
53974633
53974637
53974733
53974741
53974747
53974757
53974769
53974783
53974787
53974807
53974831
53974853
53974871
53974891
53974909
53974913
53974919
53974961
53974967
53974979
53974993
53975023
53975027
53975059
53975063
53975069
53975081
53975087
53975111
53975113
53975137
53975171
53975183
53975189
53975197
53975213
53975239
53975261
53975269
53975279
53975287
53975329
53975353
53975377
53975413
53975417
53975429
53975437
53975443
53975473
53975477
53975483
53975491
53975497
53975513
53975533
53975539
53975567
53975587
53975591
53975609
53975611
53975617
53975633
53975651
53975653
53975659
53975717
53975729
53975759
53975767
53975773
53975797
53975837
53975843
53975861
53975863
53975893
53975897
53975927
53975947
53975953
53975959
53976001
53976011
53976019
53976023
53976029
53976031
53976067
53976073
53976079
53976089
53976103
53976107
53976113
53976119
53976149
53976151
53976157
53976161
53976179
53976199
53976203
53976211
53976217
53976233
53976269
53976281
53976289
53976317
53976379
53976383
53976407
53976467
53976509
53976551
53976577
53976617
53976641
53976647
53976661
53976667
53976679
53976697
53976707
53976709
53976731
53976761
53976781
53976803
53976833
53976851
53976863
53976893
53976941
53976943
53976947
53976977
53976991
53977031
53977037
53977039
53977087
53977097
53977139
53977151
53977177
53977181
53977213
53977223
53977229
53977237
53977247
53977321
53977337
53977351
53977369
53977379
53977393
53977403
53977421
53977447
53977457
53977477
53977489
53977519
53977529
53977543
53977549
53977579
53977591
53977597
53977631
53977663
53977681
53977697
53977717
53977747
53977753
53977769
53977799
53977811
53977829
53977831
53977837
53977843
53977867
53977883
53977909
53977927
53977933
53977951
53977981
53977991
53977997
53978011
53978021
53978039
53978059
53978063
53978083
53978087
53978117
53978129
53978131
53978143
53978147
53978149
53978167
53978189
53978191
53978203
53978237
53978257
53978293
53978299
53978311
53978321
53978341
53978369
53978377
53978381
53978387
53978399
53978413
53978437
53978453
53978479
53978497
53978501
53978503
53978521
53978527
53978543
53978549
53978579
53978581
53978627
53978629
53978633
53978647
53978663
53978669
53978699
53978707
53978731
53978737
53978741
53978747
53978761
53978789
53978797
53978809
53978833
53978849
53978879
53978887
53978891
53978921
53978933
53978971
53979007
53979017
53979031
53979043
53979049
53979053
53979071
53979109
53979113
53979119
53979151
53979161
53979169
53979173
53979181
53979187
53979197
53979203
53979217
53979221
53979223
53979227
53979271
53979283
53979377
53979391
53979397
53979439
53979473
53979511
53979517
53979521
53979533
53979553
53979557
53979581
53979593
53979613
53979623
53979647
53979691
53979697
53979719
53979721
53979727
53979763
53979767
53979769
53979799
53979839
53979841
53979851
53979853
53979881
53979883
53979889
53979901
53979907
53979941
53979949
53979971
53979973
53979997
53980009
53980019
53980033
53980039
53980097
53980123
53980133
53980141
53980153
53980163
53980169
53980183
53980193
53980217
53980237
53980243
53980259
53980279
53980291
53980309
53980337
53980357
53980391
53980417
53980429
53980441
53980453
53980469
53980481
53980483
53980529
53980573
53980601
53980607
53980631
53980637
53980639
53980649
53980651
53980673
53980679
53980681
53980697
53980699
53980709
53980711
53980721
53980733
53980807
53980819
53980837
53980847
53980973
53980981
53980987
53980991
53980999
53981009
53981063
53981077
53981111
53981143
53981149
53981159
53981173
53981197
53981233
53981243
53981251
53981309
53981327
53981351
53981353
53981357
53981377
53981381
53981399
53981407
53981423
53981429
53981471
53981479
53981491
53981497
53981503
53981531
53981533
53981549
53981561
53981591
53981593
53981597
53981617
53981651
53981687
53981689
53981693
53981701
53981723
53981729
53981737
53981747
53981771
53981777
53981827
53981839
53981843
53981857
53981861
53981867
53981891
53981903
53981911
53981957
53981999
53982007
53982023
53982041
53982053
53982073
53982083
53982151
53982161
53982163
53982167
53982193
53982217
53982221
53982251
53982263
53982277
53982289
53982301
53982323
53982337
53982353
53982391
53982407
53982413
53982419
53982431
53982529
53982547
53982557
53982647
53982653
53982671
53982689
53982727
53982751
53982763
53982767
53982787
53982809
53982823
53982827
53982839
53982847
53982893
53982919
53982923
53982941
53982959
53982961
53982967
53983003
53983049
53983063
53983067
53983073
53983079
53983081
53983087
53983091
53983133
53983141
53983159
53983207
53983219
53983247
53983249
53983271
53983273
53983301
53983331
53983337
53983339
53983367
53983379
53983393
53983417
53983453
53983459
53983499
53983519
53983549
53983571
53983583
53983607
53983649
53983661
53983697
53983711
53983723
53983729
53983817
53983861
53983873
53983889
53983901
53983913
53983933
53983949
53983957
53983981
53983987
53984009
53984023
53984033
53984057
53984081
53984083
53984087
53984093
53984101
53984141
53984159
53984171
53984173
53984179
53984213
53984239
53984251
53984261
53984267
53984291
53984297
53984309
53984311
53984317
53984323
53984347
53984387
53984407
53984417
53984419
53984461
53984471
53984543
53984549
53984551
53984563
53984597
53984627
53984653
53984699
53984731
53984743
53984753
53984761
53984771
53984773
53984849
53984851
53984867
53984869
53984873
53984881
53984891
53984893
53984923
53984927
53984929
53984963
53984971
53984993
53985017
53985073
53985077
53985079
53985083
53985089
53985101
53985103
53985131
53985133
53985143
53985157
53985181
53985199
53985223
53985227
53985247
53985259
53985277
53985329
53985359
53985383
53985389
53985391
53985419
53985431
53985433
53985457
53985461
53985467
53985473
53985509
53985551
53985571
53985583
53985587
53985599
53985619
53985653
53985689
53985691
53985697
53985703
53985713
53985739
53985779
53985817
53985823
53985857
53985871
53985881
53985901
53985917
53985937
53985961
53985977
53985983
53985989
53986021
53986039
53986043
53986069
53986091
53986099
53986103
53986109
53986117
53986133
53986147
53986157
53986187
53986189
53986193
53986211
53986213
53986241
53986259
53986291
53986301
53986307
53986319
53986321
53986343
53986351
53986363
53986379
53986399
53986411
53986433
53986447
53986477
53986481
53986547
53986561
53986567
53986573
53986609
53986637
53986649
53986693
53986697
53986703
53986721
53986753
53986763
53986817
53986831
53986843
53986853
53986897
53986921
53986927
53986949
53986981
53986987
53987029
53987041
53987047
53987069
53987071
53987083
53987111
53987117
53987147
53987149
53987173
53987191
53987203
53987209
53987237
53987239
53987251
53987261
53987273
53987281
53987287
53987293
53987333
53987363
53987389
53987407
53987411
53987431
53987441
53987449
53987513
53987519
53987539
53987543
53987561
53987567
53987579
53987603
53987629
53987669
53987701
53987711
53987723
53987753
53987779
53987783
53987803
53987837
53987839
53987861
53987881
53987893
53987909
53987933
53987951
53987959
53987963
53988049
53988059
53988071
53988089
53988119
53988133
53988157
53988191
53988203
53988211
53988229
53988239
53988271
53988281
53988287
53988293
53988299
53988313
53988317
53988323
53988421
53988433
53988437
53988449
53988457
53988479
53988491
53988527
53988559
53988581
53988611
53988631
53988673
53988703
53988731
53988743
53988773
53988791
53988817
53988833
53988839
53988863
53988871
53988877
53988881
53988901
53988919
53988941
53988943
53988959
53988967
53988971
53988973
53988983
53989021
53989063
53989109
53989141
53989147
53989157
53989163
53989171
53989193
53989217
53989219
53989261
53989283
53989291
53989301
53989319
53989343
53989361
53989363
53989367
53989409
53989421
53989451
53989489
53989499
53989513
53989517
53989531
53989547
53989567
53989589
53989601
53989609
53989643
53989673
53989681
53989709
53989721
53989723
53989751
53989753
53989769
53989777
53989783
53989823
53989829
53989847
53989867
53989877
53989883
53989889
53989913
53989921
53989927
53989937
53989939
53989961
53989973
53990021
53990029
53990051
53990059
53990081
53990087
53990099
53990107
53990117
53990119
53990129
53990137
53990149
53990197
53990213
53990221
53990227
53990243
53990273
53990311
53990329
53990333
53990341
53990353
53990371
53990389
53990393
53990401
53990423
53990441
53990449
53990473
53990501
53990509
53990537
53990539
53990549
53990579
53990603
53990617
53990633
53990641
53990669
53990687
53990689
53990701
53990707
53990711
53990719
53990731
53990749
53990767
53990777
53990801
53990819
53990831
53990857
53990869
53990897
53990899
53990927
53990957
53990969
53990971
53990977
53990983
53990999
53991001
53991017
53991053
53991071
53991089
53991121
53991139
53991149
53991151
53991173
53991209
53991229
53991241
53991247
53991263
53991277
53991299
53991317
53991319
53991323
53991341
53991349
53991361
53991401
53991433
53991437
53991479
53991529
53991551
53991571
53991599
53991647
53991659
53991661
53991697
53991713
53991719
53991809
53991827
53991871
53991877
53991919
53991923
53991929
53991937
53991947
53991967
53991979
53992007
53992061
53992073
53992181
53992193
53992199
53992207
53992217
53992241
53992261
53992271
53992273
53992303
53992327
53992373
53992423
53992441
53992451
53992469
53992487
53992501
53992507
53992511
53992513
53992517
53992541
53992559
53992591
53992597
53992633
53992639
53992709
53992711
53992723
53992727
53992733
53992739
53992769
53992789
53992831
53992871
53992921
53992931
53992943
53992963
53992987
53992997
53992999
53993033
53993039
53993059
53993081
53993119
53993131
53993141
53993143
53993237
53993281
53993293
53993333
53993347
53993369
53993371
53993393
53993417
53993453
53993483
53993503
53993507
53993519
53993521
53993531
53993561
53993579
53993603
53993609
53993617
53993629
53993677
53993689
53993701
53993707
53993729
53993743
53993749
53993827
53993831
53993833
53993851
53993861
53993899
53993917
53993941
53993963
53993977
53994011
53994013
53994037
53994053
53994071
53994079
53994107
53994113
53994167
53994203
53994217
53994223
53994229
53994247
53994251
53994277
53994301
53994313
53994319
53994323
53994337
53994373
53994389
53994403
53994407
53994427
53994449
53994463
53994481
53994497
53994503
53994509
53994517
53994559
53994569
53994583
53994623
53994631
53994643
53994649
53994659
53994671
53994673
53994679
53994709
53994727
53994739
53994761
53994791
53994793
53994797
53994817
53994833
53994859
53994923
53994937
53994947
53994949
53994973
53994977
53995001
53995021
53995027
53995049
53995063
53995079
53995103
53995121
53995141
53995153
53995199
53995219
53995243
53995259
53995261
53995289
53995343
53995363
53995369
53995373
53995379
53995387
53995423
53995441
53995457
53995481
53995493
53995531
53995537
53995577
53995589
53995603
53995619
53995633
53995649
53995661
53995687
53995693
53995703
53995727
53995763
53995783
53995813
53995819
53995829
53995841
53995847
53995861
53995867
53995889
53995897
53995901
53995933
53995951
53995979
53995993
53996009
53996021
53996051
53996069
53996071
53996077
53996083
53996099
53996147
53996177
53996179
53996183
53996191
53996213
53996219
53996227
53996251
53996329
53996351
53996359
53996363
53996381
53996401
53996413
53996417
53996419
53996443
53996447
53996473
53996491
53996507
53996531
53996533
53996581
53996627
53996629
53996647
53996671
53996681
53996687
53996693
53996779
53996783
53996791
53996819
53996821
53996837
53996851
53996861
53996867
53996881
53996909
53996911
53996953
53996963
53996989
53997001
53997007
53997011
53997019
53997059
53997067
53997079
53997113
53997127
53997143
53997149
53997179
53997193
53997197
53997233
53997239
53997247
53997271
53997277
53997323
53997337
53997367
53997413
53997421
53997497
53997521
53997523
53997539
53997569
53997571
53997607
53997611
53997617
53997641
53997649
53997667
53997707
53997709
53997719
53997761
53997773
53997781
53997833
53997883
53997887
53997907
53997917
53997919
53997929
53997941
53997953
53997961
53998031
53998033
53998037
53998051
53998081
53998093
53998111
53998117
53998121
53998129
53998141
53998163
53998177
53998201
53998213
53998229
53998279
53998289
53998297
53998333
53998339
53998349
53998363
53998369
53998379
53998387
53998391
53998403
53998421
53998433
53998453
53998459
53998489
53998499
53998501
53998523
53998531
53998591
53998597
53998601
53998631
53998649
53998661
53998673
53998691
53998729
53998739
53998753
53998771
53998793
53998801
53998811
53998823
53998843
53998853
53998913
53998921
53998933
53998937
53998951
53998991
53998999
53999017
53999039
53999063
53999069
53999111
53999149
53999161
53999171
53999203
53999207
53999233
53999269
53999291
53999299
53999321
53999333
53999339
53999371
53999389
53999399
53999401
53999411
53999417
53999431
53999437
53999447
53999453
53999459
53999471
53999483
53999503
53999587
53999591
53999597
53999623
53999639
53999651
53999657
53999681
53999683
53999713
53999741
53999749
53999773
53999801
53999819
53999821
53999833
53999857
53999879
53999887
53999917
53999963
53999969
53999977
53999989
54000031
54000053
54000061
54000103
54000139
54000151
54000161
54000169
54000179
54000203
54000209
54000259
54000263
54000293
54000361
54000367
54000383
54000461
54000467
54000473
54000521
54000533
54000539
54000577
54000589
54000599
54000623
54000631
54000643
54000673
54000691
54000701
54000703
54000743
54000763
54000767
54000769
54000787
54000809
54000811
54000827
54000829
54000841
54000883
54000887
54000911
54000913
54000917
54000923
54000931
54000937
54000949
54000971
54001037
54001063
54001067
54001091
54001099
54001121
54001127
54001133
54001147
54001151
54001193
54001201
54001247
54001273
54001301
54001303
54001313
54001351
54001379
54001391
54001399
54001499
54001501
54001523
54001529
54001573
54001583
54001589
54001603
54001609
54001613
54001643
