54394889
54394909
54394913
54394937
54394939
54394943
54394961
54394969
54394979
54394997
54395051
54395059
54395063
54395071
54395093
54395101
54395113
54395123
54395153
54395177
54395191
54395221
54395273
54395279
54395311
54395317
54395333
54395353
54395377
54395381
54395389
54395399
54395401
54395441
54395447
54395459
54395477
54395531
54395533
54395569
54395599
54395609
54395623
54395629
54395641
54395657
54395659
54395701
54395711
54395717
54395729
54395771
54395777
54395791
54395797
54395819
54395833
54395839
54395857
54395867
54395881
54395899
54395921
54395953
54395963
54395981
54395983
54396019
54396029
54396037
54396049
54396059
54396071
54396091
54396101
54396119
54396137
54396143
54396149
54396151
54396157
54396229
54396239
54396263
54396269
54396281
54396313
54396317
54396337
54396347
54396359
54396367
54396383
54396389
54396421
54396427
54396443
54396467
54396499
54396509
54396521
54396557
54396569
54396577
54396611
54396619
54396631
54396673
54396701
54396737
54396739
54396803
54396827
54396841
54396851
54396869
54396913
54396917
54396949
54396959
54396961
54396967
54396973
54397003
54397039
54397061
54397073
54397097
54397103
54397151
54397153
54397159
54397163
54397181
54397199
54397223
54397237
54397241
54397249
54397253
54397261
54397271
54397303
54397307
54397333
54397349
54397379
54397381
54397393
54397403
54397429
54397463
54397481
54397523
54397531
54397549
54397571
54397597
54397621
54397633
54397639
54397643
54397661
54397667
54397723
54397729
54397747
54397751
54397757
54397771
54397781
54397793
54397799
54397801
54397843
54397883
54397897
54397907
54397913
54397919
54397927
54397933
54397979
54397991
54398009
54398017
54398023
54398033
54398039
54398063
54398077
54398089
54398093
54398119
54398161
54398167
54398189
54398191
54398207
54398219
54398257
54398321
54398327
54398347
54398371
54398389
54398423
54398429
54398437
54398447
54398467
54398471
54398489
54398527
54398537
54398549
54398579
54398587
54398627
54398633
54398671
54398699
54398719
54398731
54398737
54398753
54398801
54398803
54398833
54398837
54398849
54398863
54398873
54398879
54398899
54398909
54398941
54398951
54398959
54398969
54398977
54398987
54399011
54399013
54399019
54399043
54399049
54399061
54399067
54399073
54399077
54399083
54399091
54399097
54399101
54399119
54399143
54399151
54399161
54399181
54399193
54399197
54399271
54399281
54399313
54399329
54399341
54399349
54399391
54399403
54399431
54399437
54399461
54399463
54399467
54399487
54399491
54399523
54399529
54399533
54399547
54399557
54399589
54399599
54399659
54399671
54399689
54399701
54399721
54399757
54399767
54399769
54399781
54399797
54399799
54399803
54399811
54399857
54399871
54399883
54399887
54399893
54399923
54399937
54399941
54399959
54399971
54399973
54399979
54399997
54400039
54400057
54400067
54400079
54400127
54400163
54400169
54400189
54400193
54400223
54400237
54400243
54400261
54400303
54400309
54400321
54400327
54400351
54400361
54400373
54400421
54400447
54400453
54400469
54400487
54400499
54400517
54400559
54400571
54400579
54400613
54400637
54400649
54400651
54400673
54400679
54400699
54400711
54400733
54400741
54400769
54400771
54400793
54400813
54400859
54400873
54400903
54400909
54400963
54400993
54401021
54401033
54401041
54401051
54401057
54401093
54401099
54401101
54401107
54401131
54401153
54401167
54401177
54401197
54401213
54401239
54401273
54401299
54401317
54401357
54401381
54401393
54401401
54401423
54401429
54401441
54401443
54401453
54401461
54401471
54401483
54401531
54401537
54401563
54401587
54401639
54401657
54401663
54401707
54401713
54401723
54401749
54401759
54401761
54401777
54401801
54401821
54401839
54401843
54401857
54401861
54401947
54402001
54402011
54402013
54402059
54402067
54402079
54402097
54402109
54402119
54402133
54402143
54402157
54402163
54402209
54402211
54402233
54402239
54402251
54402269
54402277
54402281
54402287
54402319
54402373
54402389
54402409
54402451
54402457
54402461
54402473
54402497
54402503
54402511
54402571
54402577
54402583
54402587
54402619
54402671
54402683
54402707
54402781
54402841
54402847
54402877
54402893
54402917
54402991
54403003
54403021
54403051
54403057
54403081
54403087
54403091
54403147
54403189
54403199
54403201
54403231
54403241
54403243
54403249
54403259
54403267
54403309
54403339
54403381
54403409
54403421
54403499
54403513
54403523
54403529
54403571
54403603
54403633
54403651
54403663
54403691
54403693
54403703
54403709
54403787
54403793
54403819
54403847
54403849
54403871
54403873
54403883
54403891
54403919
54403931
54403939
54403967
54403969
54403991
54404003
54404027
54404033
54404041
54404047
54404057
54404059
54404083
54404107
54404137
54404167
54404179
54404197
54404209
54404227
54404297
54404299
54404303
54404351
54404359
54404401
54404459
54404477
54404489
54404527
54404557
54404561
54404579
54404593
54404599
54404611
54404621
54404627
54404629
54404633
54404639
54404653
54404677
54404687
54404711
54404731
54404747
54404789
54404797
54404807
54404849
54404887
54404891
54404893
54404939
54404941
54404953
54404971
54404989
54404993
54405007
54405041
54405067
54405079
54405103
54405121
54405163
54405173
54405187
54405199
54405269
54405271
54405283
54405313
54405331
54405353
54405359
54405361
54405371
54405391
54405397
54405431
54405467
54405469
54405499
54405517
54405521
54405529
54405539
54405551
54405553
54405563
54405601
54405629
54405677
54405691
54405697
54405727
54405739
54405749
54405773
54405781
54405803
54405821
54405823
54405853
54405863
54405881
54405887
54405889
54405913
54405917
54405937
54405983
54406013
54406019
54406031
54406043
54406067
54406087
54406111
54406123
54406141
54406181
54406193
54406207
54406217
54406229
54406259
54406267
54406277
54406279
54406283
54406337
54406343
54406361
54406379
54406403
54406411
54406421
54406453
54406459
54406463
54406487
54406493
54406529
54406559
54406603
54406607
54406663
54406669
54406717
54406733
54406741
54406757
54406769
54406771
54406787
54406811
54406819
54406837
54406841
54406843
54406853
54406867
54406873
54406879
54406889
54406897
54406931
54406951
54406981
54406993
54406999
54407047
54407053
54407069
54407071
54407099
54407107
54407113
54407137
54407141
54407159
54407173
54407183
54407189
54407207
54407209
54407233
54407237
54407239
54407261
54407299
54407329
54407347
54407357
54407359
54407363
54407377
54407399
54407407
54407447
54407453
54407471
54407473
54407543
54407609
54407641
54407651
54407713
54407729
54407737
54407761
54407767
54407777
54407783
54407813
54407863
54407869
54407897
54407921
54407957
54407959
54407987
54408017
54408023
54408037
54408047
54408061
54408071
54408083
54408091
54408097
54408119
54408139
54408163
54408217
54408239
54408247
54408253
54408283
54408293
54408301
54408329
54408337
54408377
54408383
54408413
54408421
54408439
54408461
54408467
54408479
54408481
54408499
54408511
54408527
54408539
54408577
54408583
54408659
54408667
54408677
54408701
54408703
54408707
54408713
54408719
54408733
54408737
54408811
54408829
54408841
54408847
54408853
54408859
54408863
54408923
54408931
54408943
54408947
54408953
54408973
54408979
54408983
54408997
54409001
54409013
54409021
54409051
54409079
54409081
54409097
54409109
54409153
54409181
54409189
54409207
54409211
54409241
54409273
54409279
54409291
54409301
54409321
54409343
54409357
54409379
54409391
54409417
54409447
54409451
54409471
54409477
54409489
54409493
54409507
54409541
54409567
54409631
54409633
54409637
54409657
54409669
54409699
54409709
54409717
54409739
54409753
54409759
54409777
54409783
54409793
54409799
54409801
54409837
54409841
54409891
54409913
54409931
54409951
54409969
54409997
54410051
54410063
54410087
54410101
54410117
54410123
54410131
54410137
54410141
54410159
54410173
54410201
54410207
54410219
54410227
54410261
54410263
54410273
54410287
54410297
54410309
54410327
54410423
54410431
54410441
54410453
54410507
54410513
54410519
54410533
54410561
54410563
54410569
54410579
54410593
54410599
54410621
54410627
54410639
54410647
54410651
54410687
54410717
54410723
54410789
54410827
54410843
54410849
54410869
54410879
54410933
54410959
54410971
54410987
54411011
54411017
54411037
54411043
54411073
54411103
54411113
54411121
54411143
54411151
54411173
54411187
54411191
54411197
54411199
54411239
54411257
54411283
54411299
54411341
54411359
54411361
54411389
54411403
54411433
54411463
54411493
54411503
54411523
54411527
54411547
54411557
54411559
54411587
54411589
54411593
54411613
54411691
54411701
54411737
54411739
54411751
54411769
54411823
54411829
54411857
54411869
54411871
54411881
54411887
54411923
54411943
54411971
54411979
54411989
54412009
54412013
54412021
54412027
54412051
54412069
54412073
54412081
54412103
54412109
54412139
54412147
54412159
54412187
54412217
54412231
54412283
54412301
54412307
54412313
54412327
54412339
54412349
54412387
54412399
54412433
54412451
54412487
54412489
54412499
54412507
54412517
54412537
54412541
54412543
54412583
54412591
54412601
54412619
54412627
54412649
54412661
54412663
54412697
54412711
54412727
54412741
54412747
54412807
54412847
54412849
54412861
54412873
54412877
54412879
54412921
54412933
54412973
54412991
54412999
54413059
54413063
54413081
54413083
54413113
54413123
54413137
54413143
54413231
54413237
54413257
54413291
54413297
54413299
54413327
54413329
54413341
54413353
54413371
54413393
54413449
54413453
54413461
54413497
54413507
54413509
54413521
54413539
54413573
54413609
54413629
54413659
54413687
54413693
54413713
54413731
54413741
54413747
54413803
54413899
54414023
54414029
54414047
54414077
54414079
54414089
54414091
54414103
54414163
54414169
54414193
54414197
54414259
54414277
54414281
54414287
54414301
54414323
54414337
54414341
54414377
54414403
54414439
54414443
54414463
54414509
54414553
54414557
54414559
54414589
54414593
54414599
54414611
54414617
54414629
54414631
54414691
54414709
54414719
54414721
54414733
54414761
54414781
54414791
54414809
54414839
54414847
54414853
54414859
54414863
54414869
54414881
54414907
54414937
54414947
54414953
54414959
54414961
54414967
54414973
54414979
54415007
54415061
54415093
54415099
54415103
54415129
54415133
54415187
54415201
54415213
54415243
54415289
54415337
54415343
54415357
54415391
54415409
54415421
54415469
54415481
54415483
54415531
54415549
54415561
54415583
54415609
54415637
54415661
54415679
54415681
54415693
54415703
54415717
54415747
54415763
54415783
54415799
54415831
54415841
54415847
54415849
54415853
54415873
54415901
54415909
54415951
54415957
54415967
54415973
54416003
54416017
54416023
54416029
54416041
54416051
54416053
54416111
54416119
54416147
54416149
54416189
54416207
54416249
54416251
54416281
54416287
54416311
54416347
54416353
54416359
54416363
54416387
54416407
54416431
54416443
54416489
54416491
54416503
54416519
54416533
54416539
54416561
54416567
54416569
54416573
54416587
54416591
54416599
54416611
54416617
54416633
54416639
54416653
54416657
54416707
54416723
54416729
54416753
54416771
54416773
54416777
54416807
54416837
54416891
54416897
54416911
54416933
54416951
54416959
54416987
54417001
54417019
54417031
54417049
54417053
54417091
54417109
54417131
54417151
54417157
54417161
54417163
54417179
54417217
54417227
54417239
54417247
54417263
54417277
54417281
54417283
54417301
54417331
54417361
54417371
54417439
54417443
54417457
54417479
54417497
54417547
54417557
54417569
54417589
54417607
54417637
54417641
54417683
54417703
54417707
54417709
54417721
54417751
54417761
54417763
54417773
54417791
54417809
54417821
54417827
54417829
54417851
54417889
54417911
54417941
54417959
54417971
54417973
54417991
54417997
54418019
54418031
54418043
54418073
54418079
54418097
54418153
54418187
54418213
54418219
54418267
54418277
54418291
54418303
54418319
54418321
54418367
54418409
54418417
54418421
54418457
54418477
54418487
54418499
54418501
54418517
54418531
54418537
54418549
54418571
54418583
54418613
54418619
54418631
54418633
54418657
54418669
54418687
54418769
54418789
54418811
54418813
54418829
54418883
54418909
54418927
54418957
54418963
54418999
54419011
54419039
54419069
54419077
54419087
54419089
54419107
54419117
54419129
54419149
54419153
54419161
54419179
54419191
54419201
54419257
54419263
54419269
54419293
54419297
54419327
54419411
54419413
54419429
54419461
54419471
54419483
54419501
54419513
54419527
54419537
54419543
54419579
54419593
54419597
54419609
54419621
54419623
54419647
54419657
54419681
54419683
54419693
54419767
54419773
54419777
54419779
54419791
54419797
54419801
54419803
54419837
54419887
54419899
54419903
54419929
54419951
54419987
54419993
54419999
54420049
54420053
54420071
54420083
54420101
54420131
54420133
54420137
54420167
54420169
54420181
54420187
54420193
54420209
54420217
54420239
54420257
54420271
54420319
54420329
54420337
54420397
54420409
54420419
54420433
54420449
54420467
54420473
54420491
54420511
54420523
54420581
54420649
54420661
54420701
54420721
54420761
54420767
54420781
54420787
54420803
54420811
54420857
54420871
54420887
54420889
54420901
54420923
54420943
54420953
54420979
54420991
54421001
54421009
54421019
54421033
54421049
54421061
54421091
54421099
54421109
54421153
54421177
54421181
54421201
54421217
54421231
54421247
54421271
54421277
54421291
54421303
54421307
54421319
54421321
54421327
54421387
54421397
54421481
54421501
54421537
54421547
54421553
54421613
54421639
54421649
54421663
54421667
54421691
54421693
54421727
54421751
54421769
54421823
54421853
54421867
54421877
54421901
54421921
54421963
54421967
54421993
54422003
54422029
54422033
54422051
54422057
54422059
54422077
54422087
54422089
54422111
54422119
54422161
54422189
54422191
54422237
54422257
54422273
54422279
54422297
54422311
54422339
54422341
54422351
54422359
54422369
54422371
54422383
54422387
54422429
54422483
54422497
54422507
54422527
54422551
54422561
54422567
54422579
54422611
54422617
54422659
54422681
54422791
54422803
54422833
54422843
54422873
54422909
54422911
54422939
54422959
54422969
54422983
54422987
54422989
54422999
54423007
54423029
54423059
54423067
54423077
54423097
54423101
54423107
54423157
54423167
54423181
54423199
54423203
54423211
54423223
54423241
54423247
54423253
54423283
54423289
54423301
54423329
54423361
54423367
54423371
54423377
54423389
54423427
54423433
54423461
54423469
54423487
54423493
54423533
54423541
54423553
54423563
54423583
54423599
54423601
54423637
54423641
54423667
54423679
54423689
54423703
54423737
54423751
54423757
54423793
54423821
54423833
54423839
54423841
54423937
54423977
54423983
54423991
54423997
54424001
54424031
54424061
54424063
54424087
54424091
54424103
54424109
54424133
54424169
54424171
54424177
54424211
54424217
54424229
54424247
54424267
54424297
54424319
54424339
54424351
54424367
54424397
54424423
54424441
54424501
54424519
54424523
54424547
54424549
54424571
54424577
54424597
54424603
54424613
54424631
54424651
54424661
54424691
54424697
54424751
54424807
54424813
54424819
54424823
54424829
54424847
54424849
54424889
54424897
54424901
54424907
54424913
54424921
54424927
54424943
54425023
54425053
54425087
54425089
54425093
54425099
54425131
54425159
54425171
54425179
54425197
54425213
54425227
54425249
54425251
54425309
54425321
54425323
54425351
54425363
54425377
54425407
54425411
54425473
54425479
54425513
54425531
54425533
54425543
54425561
54425563
54425587
54425593
54425597
54425599
54425621
54425639
54425669
54425699
54425713
54425719
54425729
54425731
54425759
54425849
54425879
54425887
54425911
54425929
54425941
54425947
54425951
54425957
54426017
54426019
54426037
54426041
54426059
54426067
54426101
54426103
54426107
54426131
54426137
54426139
54426161
54426167
54426179
54426199
54426209
54426217
54426227
54426233
54426247
54426263
54426269
54426271
54426293
54426313
54426331
54426353
54426373
54426377
54426397
54426403
54426419
54426443
54426451
54426461
54426473
54426479
54426481
54426509
54426529
54426587
54426613
54426623
54426629
54426637
54426641
54426653
54426677
54426709
54426737
54426751
54426761
54426767
54426791
54426839
54426871
54426907
54426923
54426943
54426961
54426973
54426989
54427003
54427007
54427019
54427063
54427069
54427073
54427123
54427127
54427133
54427147
54427159
54427181
54427187
54427193
54427211
54427271
54427273
54427309
54427313
54427339
54427349
54427367
54427391
54427397
54427411
54427547
54427553
54427561
54427567
54427579
54427589
54427621
54427627
54427649
54427663
54427669
54427679
54427691
54427697
54427721
54427741
54427753
54427781
54427783
54427801
54427823
54427843
54427853
54427889
54427903
54427907
54427937
54427939
54427943
54427957
54427963
54427969
54427987
54428029
54428047
54428057
54428063
54428071
54428081
54428093
54428107
54428111
54428117
54428161
54428173
54428177
54428183
54428201
54428207
54428233
54428249
54428299
54428333
54428357
54428377
54428399
54428431
54428449
54428459
54428477
54428501
54428527
54428609
54428629
54428641
54428659
54428663
54428677
54428681
54428687
54428701
54428719
54428729
54428743
54428753
54428761
54428779
54428783
54428809
54428821
54428831
54428837
54428861
54428893
54428903
54428909
54428921
54428923
54428947
54428989
54428999
54429029
54429031
54429071
54429073
54429103
54429113
54429119
54429131
54429139
54429173
54429187
54429209
54429227
54429229
54429299
54429313
54429343
54429371
54429373
54429377
54429409
54429413
54429437
54429439
54429451
54429467
54429493
54429497
54429511
54429539
54429541
54429577
54429581
54429587
54429589
54429593
54429637
54429677
54429679
54429703
54429719
54429743
54429757
54429797
54429811
54429821
54429829
54429841
54429853
54429857
54429863
54429871
54429899
54429911
54429931
54429943
54429961
54429967
54429979
54430027
54430031
54430043
54430069
54430097
54430127
54430153
54430157
54430163
54430177
54430241
54430249
54430253
54430279
54430283
54430291
54430309
54430339
54430373
54430393
54430399
54430423
54430469
54430507
54430553
54430601
54430609
54430613
54430661
54430667
54430681
54430693
54430703
54430711
54430721
54430723
54430757
54430799
54430813
54430837
54430847
54430853
54430879
54430891
54430907
54430927
54430939
54430951
54430963
54430969
54430973
54430993
54430997
54431011
54431017
54431023
54431051
54431089
54431101
54431129
54431137
54431141
54431183
54431191
54431197
54431213
54431233
54431261
54431291
54431303
54431323
54431327
54431341
54431353
54431357
54431359
54431383
54431387
54431389
54431393
54431411
54431449
54431471
54431473
54431497
54431513
54431519
54431543
54431591
54431617
54431621
54431651
54431677
54431681
54431683
54431693
54431701
54431719
54431747
54431749
54431759
54431771
54431779
54431801
54431809
54431831
54431837
54431843
54431849
54431857
54431891
54431893
54431911
54431917
54431929
54431933
54431959
54431963
54432013
54432029
54432083
54432089
54432097
54432107
54432139
54432149
54432163
54432167
54432173
54432179
54432193
54432199
54432211
54432227
54432239
54432241
54432319
54432331
54432337
54432347
54432349
54432361
54432407
54432409
54432437
54432451
54432457
54432463
54432491
54432509
54432541
54432563
54432569
54432571
54432593
54432601
54432611
54432641
54432713
54432731
54432733
54432767
54432773
54432787
54432799
54432821
54432823
54432841
54432901
54432907
54432919
54432941
54432947
54432979
54432991
54433007
54433013
54433033
54433037
54433039
54433061
54433063
54433091
54433103
54433129
54433139
54433153
54433163
54433189
54433193
54433213
54433217
54433229
54433259
54433277
54433283
54433297
54433307
54433339
54433349
54433369
54433381
54433391
54433403
54433417
54433441
54433453
54433469
54433487
54433501
54433523
54433531
54433553
54433573
54433583
54433601
54433633
54433637
54433649
54433669
54433679
54433741
54433823
54433843
54433853
54433859
54433867
54433871
54433877
54433889
54433891
54433901
54433909
54433933
54433963
54433969
54433979
54433997
54433999
54434041
54434057
54434071
54434089
54434099
54434113
54434117
54434179
54434197
54434213
54434227
54434231
54434257
54434287
54434291
54434293
54434309
54434311
54434321
54434327
54434329
54434371
54434377
54434381
54434389
54434423
54434441
54434453
54434461
54434467
54434503
54434519
54434531
54434533
54434579
54434581
54434587
54434591
54434647
54434651
54434671
54434687
54434701
54434717
54434719
54434741
54434747
54434749
54434759
54434797
54434837
54434873
54434899
54434909
54434917
54434929
54434959
54434971
54434987
54435011
54435023
54435049
54435067
54435079
54435083
54435097
54435107
54435137
54435149
54435217
54435239
54435253
54435299
54435389
54435401
54435421
54435439
54435517
54435533
54435553
54435559
54435571
54435587
54435593
54435599
54435613
54435617
54435653
54435671
54435707
54435713
54435749
54435761
54435767
54435781
54435791
54435803
54435811
54435827
54435859
54435863
54435877
54435919
54435923
54435943
54435949
54435967
54435971
54436033
54436037
54436043
54436073
54436079
54436087
54436099
54436157
54436171
54436181
54436201
54436211
54436241
54436253
54436259
54436301
54436309
54436321
54436379
54436399
54436411
54436429
54436441
54436457
54436471
54436477
54436493
54436513
54436517
54436537
54436549
54436553
54436573
54436579
54436597
54436637
54436661
54436663
54436693
54436747
54436751
54436769
54436783
54436787
54436793
54436817
54436819
54436829
54436831
54436841
54436853
54436861
54436867
54436891
54436901
54436909
54436927
54436931
54436937
54436981
54437003
54437039
54437051
54437057
54437059
54437093
54437143
54437171
54437203
54437221
54437231
54437237
54437239
54437267
54437291
54437329
54437351
54437359
54437363
54437371
54437377
54437393
54437401
54437419
54437423
54437429
54437431
54437479
54437503
54437549
54437561
54437569
54437623
54437629
54437653
54437657
54437749
54437753
54437771
54437777
54437809
54437813
54437819
54437861
54437879
54437881
54437917
54437921
54437939
54437951
54437963
54438019
54438053
54438073
54438101
54438127
54438157
54438187
54438203
54438221
54438239
54438253
54438257
54438259
54438269
54438271
54438277
54438299
54438311
54438313
54438323
54438331
54438341
54438343
54438379
54438383
54438407
54438421
54438427
54438431
54438443
54438451
54438463
54438467
54438499
54438523
54438563
54438589
54438599
54438613
54438617
54438649
54438653
54438661
54438673
54438689
54438701
54438707
54438739
54438749
54438757
54438793
54438799
54438823
54438833
54438859
54438863
54438869
54438871
54438889
54438893
54438911
54438919
54438949
54438961
54438991
54438997
54439013
54439027
54439031
54439039
54439043
54439057
54439067
54439111
54439153
54439157
54439163
54439169
54439171
54439201
54439243
54439271
54439283
54439327
54439337
54439339
54439369
54439387
54439391
54439397
54439421
54439433
54439481
54439487
54439493
54439499
54439507
54439519
54439529
54439547
54439549
54439573
54439589
54439607
54439613
54439621
54439631
54439663
54439717
54439727
54439733
54439739
54439741
54439753
54439793
54439859
54439867
54439871
54439943
54439961
54439963
54439993
54440027
54440033
54440039
54440051
54440059
54440077
54440081
54440083
54440093
54440119
54440131
54440153
54440167
54440203
54440219
54440233
54440237
54440291
54440293
54440297
54440317
54440327
54440369
54440387
54440389
54440459
54440461
54440467
54440473
54440479
54440501
54440509
54440513
54440543
54440549
54440591
54440597
54440611
54440651
54440663
54440689
54440693
54440723
54440761
54440777
54440797
54440803
54440807
54440809
54440863
54440887
54440927
54440933
54440951
54440957
54440983
54441043
54441067
54441073
54441077
54441083
54441109
54441119
54441131
54441151
54441187
54441203
54441209
54441227
54441241
54441271
54441281
54441287
54441329
54441337
54441353
54441367
54441377
54441379
54441383
54441407
54441419
54441421
54441427
54441449
54441469
54441473
54441503
54441521
54441533
54441553
54441641
54441643
54441679
54441683
54441731
54441733
54441743
54441757
54441767
54441781
54441799
54441811
54441841
54441847
54441853
54441899
54441901
54441977
54441997
54442001
54442033
54442039
54442043
54442057
54442061
54442079
54442093
54442097
54442099
54442117
54442147
54442153
54442189
54442247
54442249
54442259
54442291
54442319
54442321
54442331
54442337
54442379
54442433
54442463
54442469
54442471
54442477
54442481
54442499
54442513
54442519
54442523
54442559
54442573
54442579
54442589
54442621
54442631
54442643
54442649
54442667
54442673
54442693
54442747
54442757
54442763
54442769
54442807
54442877
54442879
54442897
54442901
54442931
54442933
54442951
54442979
54442981
54442987
54443003
54443009
54443033
54443057
54443069
54443071
54443089
54443107
54443111
54443119
54443159
54443183
54443219
54443239
54443251
54443261
54443267
54443281
54443309
54443357
54443377
54443383
54443407
54443413
54443491
54443497
54443551
54443567
54443573
54443591
54443611
54443617
54443621
54443677
54443689
54443693
54443713
54443743
54443749
54443771
54443801
54443819
54443821
54443827
54443839
54443849
54443861
54443863
54443887
54443899
54443927
54443929
54443957
54443981
54444041
54444067
54444077
54444097
54444113
54444127
54444161
54444209
54444227
54444233
54444239
54444241
54444263
54444287
54444307
54444323
54444337
54444373
54444413
54444437
54444469
54444479
54444491
54444499
54444503
54444547
54444553
54444583
54444623
54444653
54444673
54444701
54444707
54444743
54444791
54444799
54444809
54444827
54444857
54444893
54444911
54444913
54444961
54444989
54445057
54445063
54445073
54445091
54445099
54445103
54445121
54445133
54445147
54445199
54445201
54445211
54445217
54445229
54445243
54445249
54445277
54445283
54445289
54445297
54445309
54445337
54445357
54445381
54445387
54445397
54445399
54445451
54445453
54445477
54445487
54445511
54445513
54445519
54445541
54445561
54445571
54445591
54445597
54445603
54445619
54445627
54445637
54445639
54445667
54445709
54445739
54445777
54445793
54445799
54445819
54445823
54445829
54445913
54445927
54445939
54445943
54445949
54445973
54446023
54446027
54446059
54446107
54446111
54446149
54446159
54446173
54446179
54446207
54446209
54446219
54446281
54446309
54446341
54446347
54446363
54446377
54446417
54446449
54446453
54446467
54446473
54446519
54446527
54446569
54446593
54446603
54446611
54446617
54446657
54446683
54446687
54446747
54446753
54446759
54446771
54446783
54446789
54446797
54446803
54446807
54446839
54446849
54446851
54446863
54446923
54446929
54446939
54446963
54446983
54446993
54447013
54447023
54447047
54447061
54447077
54447083
54447089
54447101
54447109
54447121
54447149
54447157
54447161
54447193
54447203
54447223
54447227
54447229
54447251
54447257
54447259
54447299
54447301
54447329
54447343
54447347
54447373
54447391
54447409
54447433
54447469
54447473
54447487
54447493
54447517
54447527
54447553
54447577
54447593
54447599
54447607
54447611
54447623
54447629
54447637
54447641
54447671
54447677
54447697
54447721
54447733
54447791
54447803
54447817
54447823
54447851
54447857
54447871
54447893
54447919
54447937
54448001
54448003
54448039
54448049
54448057
54448063
54448067
54448073
54448081
54448099
54448111
54448157
54448159
54448187
54448189
54448193
54448211
54448213
54448253
54448279
54448333
54448367
54448379
54448391
54448403
54448439
54448441
54448477
54448481
54448489
54448517
54448519
54448531
54448577
54448579
54448591
54448609
54448619
54448651
54448673
54448703
54448717
54448721
54448733
54448763
54448777
54448817
54448819
54448829
54448831
54448859
54448873
54448903
54448949
54448951
54448973
54448991
54449033
54449039
54449047
54449053
54449063
54449081
54449093
54449111
54449159
54449173
54449203
54449207
54449209
54449251
54449267
54449273
54449279
54449281
54449293
54449321
54449323
54449333
54449341
54449387
54449401
54449413
54449449
54449467
54449477
54449489
54449503
54449509
54449513
54449519
54449531
54449539
54449557
54449587
54449597
54449663
54449669
54449683
54449693
54449711
54449749
54449777
54449789
54449821
54449833
54449869
54449917
54449951
54449959
54450001
54450013
54450037
54450047
54450059
54450061
54450073
54450079
54450127
54450157
54450161
54450233
54450283
54450287
54450301
54450317
54450323
54450349
54450359
54450377
54450379
54450391
54450401
54450437
54450457
54450509
54450521
54450533
54450553
54450559
54450577
54450593
54450611
54450619
54450629
54450647
54450673
54450691
54450701
54450703
54450733
54450757
54450763
54450793
54450797
54450811
54450859
54450889
54450899
54450931
54450947
54450953
54450961
54451003
54451021
54451043
54451069
54451081
54451121
54451127
54451129
54451139
54451147
54451213
54451219
54451253
54451261
54451279
54451297
54451307
54451343
54451367
54451393
54451417
54451421
54451429
54451433
54451447
54451451
54451483
54451489
54451499
54451517
54451543
54451547
54451559
54451583
54451597
54451601
54451613
54451633
54451643
54451651
54451667
54451681
54451687
54451693
54451699
54451729
54451811
54451843
54451861
54451933
54451949
54451963
54451973
54451981
54451987
54451993
54452009
54452023
54452051
54452107
54452113
54452131
54452143
54452159
54452183
54452219
54452267
54452287
54452317
54452323
54452329
54452351
54452353
54452357
54452369
54452417
54452429
54452449
54452471
54452473
54452483
54452501
54452509
54452539
54452549
54452579
54452591
54452597
54452617
54452627
54452681
54452719
54452729
54452759
54452767
54452831
54452851
54452861
54452911
54452933
54452939
54452947
54452969
54453001
54453013
54453037
54453059
54453067
54453079
54453083
54453127
54453131
54453169
54453173
54453187
54453197
54453209
54453251
54453331
54453337
54453341
54453349
54453359
54453367
54453383
54453463
54453481
54453517
54453551
54453557
54453587
54453593
54453611
54453613
54453629
54453643
54453713
54453733
54453739
54453743
54453761
54453767
54453797
54453799
54453809
54453821
54453823
54453827
54453853
54453859
54453901
54453911
54453913
54453929
54453961
54453979
54454033
54454051
54454061
54454067
54454069
54454079
54454097
54454117
54454163
54454177
54454181
54454187
54454201
54454207
54454217
54454243
54454249
54454289
54454303
54454307
54454319
54454331
54454339
54454403
54454427
54454441
54454447
54454457
54454471
54454483
54454487
54454493
54454511
54454531
54454549
54454567
54454571
54454573
54454591
54454607
54454613
54454619
54454661
54454681
54454711
54454747
54454753
54454769
54454781
54454783
54454849
54454871
54454913
54454919
54454921
54454963
54454993
54455017
54455021
54455041
54455077
54455081
54455113
54455119
54455123
54455161
54455207
54455239
54455279
54455309
54455321
54455333
54455347
54455351
54455363
54455377
54455381
54455413
54455449
54455461
54455483
54455497
54455507
54455543
54455551
54455567
54455579
54455581
54455603
54455627
54455647
54455659
54455669
54455677
54455683
54455693
54455701
54455741
54455813
54455837
54455839
54455873
54455887
54455893
54455909
54455923
54455953
54455959
54455969
54455977
54456001
54456007
54456011
54456013
54456023
54456041
54456047
54456097
54456107
54456133
54456161
54456179
54456191
54456209
54456211
54456239
54456247
54456257
54456263
54456277
54456293
54456317
54456343
54456349
54456397
54456401
54456407
54456431
54456439
54456443
54456449
54456463
54456481
54456497
54456511
54456551
54456607
54456631
54456643
54456653
54456659
54456667
54456707
54456749
54456757
54456761
54456781
54456799
54456803
54456817
54456839
54456889
54456911
54456923
54456931
54456937
54456949
54456959
54456971
54456989
54457057
54457063
54457133
54457147
54457181
54457189
54457199
54457223
54457241
54457267
54457309
54457321
54457339
54457357
54457387
54457391
54457397
54457411
54457423
54457453
54457457
54457463
54457493
54457499
54457517
54457549
54457561
54457573
54457577
54457589
54457609
54457633
54457687
54457699
54457703
54457759
54457769
54457789
54457829
54457831
54457847
54457873
54457883
54457901
54457903
54457937
54457957
54457961
54457967
54457993
54458011
54458059
54458071
54458077
54458087
54458099
54458113
54458147
54458153
54458171
54458179
54458197
54458221
54458233
54458267
54458279
54458297
54458311
54458321
54458323
54458333
54458347
54458359
54458363
54458377
54458407
54458441
54458449
54458461
54458501
54458609
54458611
54458627
54458629
54458639
54458647
54458653
54458659
54458713
54458741
54458771
54458791
54458797
54458801
54458809
54458813
54458819
54458821
54458849
54458891
54458893
54458903
54458923
54458933
54458951
54458953
54458977
54458981
54458983
54458993
54459017
54459023
54459043
54459047
54459049
54459077
54459089
54459091
54459103
54459133
54459151
54459161
54459173
54459179
54459191
54459233
54459253
54459277
54459287
54459289
54459299
54459329
54459373
54459401
54459403
54459407
54459413
54459421
54459463
54459479
54459539
54459541
54459557
54459569
54459589
54459599
54459637
54459661
54459707
54459731
54459737
54459739
54459751
54459799
54459803
54459817
54459827
54459851
54459859
54459877
54459917
54459943
54459953
54459961
54460019
54460031
54460033
54460037
54460051
54460073
54460121
54460123
54460157
54460181
54460183
54460207
54460243
54460249
54460253
54460271
54460279
54460291
54460303
54460319
54460321
54460349
54460369
54460381
