53411843
53411857
53411867
53411879
53411887
53411893
53411903
53411923
53411929
53411947
53411999
53412013
53412017
53412043
53412083
53412089
53412109
53412131
53412223
53412241
53412251
53412253
53412259
53412277
53412311
53412343
53412383
53412391
53412431
53412449
53412503
53412533
53412551
53412563
53412587
53412613
53412617
53412631
53412643
53412677
53412683
53412701
53412707
53412731
53412757
53412773
53412839
53412847
53412851
53412883
53412893
53412911
53412949
53412979
53412991
53413001
53413013
53413033
53413039
53413043
53413049
53413057
53413091
53413109
53413117
53413121
53413141
53413159
53413177
53413189
53413193
53413219
53413259
53413277
53413301
53413319
53413333
53413343
53413357
53413361
53413397
53413411
53413457
53413463
53413469
53413483
53413487
53413501
53413517
53413531
53413537
53413543
53413583
53413627
53413639
53413649
53413663
53413687
53413691
53413709
53413721
53413727
53413747
53413753
53413757
53413793
53413799
53413831
53413859
53413861
53413873
53413891
53413901
53413907
53413957
53413963
53413993
53413999
53414063
53414099
53414131
53414159
53414161
53414197
53414219
53414227
53414233
53414237
53414243
53414279
53414341
53414353
53414359
53414363
53414381
53414399
53414423
53414429
53414437
53414489
53414497
53414509
53414531
53414587
53414593
53414609
53414639
53414651
53414657
53414659
53414693
53414707
53414737
53414743
53414789
53414807
53414813
53414819
53414821
53414849
53414887
53414917
53414927
53414929
53414941
53414951
53414971
53414989
53415007
53415053
53415101
53415107
53415113
53415121
53415133
53415191
53415203
53415209
53415221
53415233
53415247
53415277
53415287
53415293
53415317
53415353
53415371
53415379
53415391
53415409
53415433
53415437
53415463
53415529
53415533
53415539
53415601
53415617
53415619
53415623
53415647
53415689
53415701
53415721
53415727
53415773
53415781
53415793
53415799
53415811
53415833
53415839
53415841
53415871
53415877
53415899
53415917
53415919
53415937
53415961
53415979
53416001
53416039
53416067
53416079
53416081
53416093
53416147
53416151
53416157
53416169
53416229
53416249
53416273
53416291
53416301
53416303
53416309
53416331
53416333
53416357
53416361
53416369
53416387
53416409
53416411
53416457
53416471
53416477
53416501
53416507
53416513
53416589
53416591
53416609
53416631
53416661
53416673
53416681
53416697
53416729
53416763
53416777
53416799
53416807
53416823
53416829
53416837
53416841
53416843
53416849
53416871
53416903
53416919
53416931
53416939
53416943
53416969
53416991
53416997
53417003
53417033
53417041
53417059
53417069
53417083
53417107
53417129
53417149
53417153
53417167
53417171
53417173
53417237
53417249
53417251
53417261
53417279
53417297
53417311
53417327
53417369
53417387
53417401
53417407
53417411
53417423
53417437
53417443
53417447
53417467
53417471
53417491
53417537
53417549
53417563
53417579
53417593
53417599
53417627
53417633
53417641
53417657
53417659
53417687
53417701
53417713
53417719
53417737
53417809
53417831
53417849
53417857
53417863
53417909
53417921
53417933
53417989
53417993
53417999
53418031
53418041
53418049
53418059
53418061
53418073
53418109
53418163
53418217
53418241
53418251
53418257
53418271
53418283
53418311
53418317
53418331
53418361
53418389
53418451
53418467
53418479
53418499
53418503
53418517
53418527
53418569
53418577
53418583
53418623
53418637
53418643
53418653
53418679
53418691
53418721
53418727
53418731
53418749
53418751
53418769
53418793
53418803
53418809
53418821
53418839
53418847
53418853
53418863
53418887
53418889
53418901
53418919
53418923
53418929
53418973
53418977
53418979
53418997
53419007
53419019
53419027
53419039
53419043
53419057
53419063
53419109
53419123
53419139
53419159
53419181
53419183
53419207
53419217
53419259
53419309
53419319
53419339
53419343
53419357
53419391
53419411
53419439
53419463
53419481
53419489
53419493
53419519
53419523
53419571
53419633
53419637
53419649
53419651
53419657
53419673
53419687
53419699
53419739
53419747
53419753
53419781
53419783
53419787
53419799
53419801
53419841
53419853
53419859
53419901
53419909
53419921
53419939
53419979
53420009
53420033
53420047
53420057
53420111
53420113
53420167
53420177
53420179
53420183
53420189
53420197
53420207
53420209
53420231
53420243
53420261
53420317
53420321
53420357
53420369
53420371
53420387
53420399
53420401
53420413
53420431
53420453
53420459
53420473
53420483
53420501
53420503
53420539
53420557
53420561
53420569
53420603
53420659
53420671
53420683
53420693
53420699
53420729
53420747
53420753
53420771
53420777
53420779
53420797
53420803
53420833
53420839
53420867
53420879
53420911
53420959
53420963
53421013
53421031
53421037
53421059
53421079
53421097
53421127
53421133
53421139
53421163
53421167
53421169
53421209
53421239
53421241
53421253
53421283
53421287
53421289
53421343
53421353
53421391
53421397
53421419
53421461
53421493
53421503
53421527
53421547
53421553
53421583
53421593
53421611
53421623
53421629
53421637
53421653
53421677
53421679
53421689
53421743
53421757
53421761
53421763
53421833
53421839
53421883
53421887
53421889
53421899
53421913
53421923
53421937
53421941
53421967
53421971
53422003
53422027
53422049
53422051
53422079
53422093
53422097
53422111
53422151
53422163
53422181
53422183
53422217
53422231
53422277
53422301
53422309
53422351
53422361
53422367
53422373
53422387
53422403
53422417
53422429
53422489
53422513
53422529
53422541
53422571
53422591
53422627
53422643
53422673
53422679
53422697
53422741
53422751
53422757
53422771
53422793
53422801
53422807
53422829
53422849
53422909
53422913
53422937
53422949
53422981
53422987
53422991
53423009
53423011
53423023
53423047
53423057
53423081
53423093
53423119
53423141
53423159
53423173
53423177
53423179
53423203
53423213
53423221
53423233
53423263
53423303
53423317
53423339
53423351
53423353
53423389
53423471
53423479
53423483
53423507
53423519
53423527
53423543
53423551
53423567
53423581
53423603
53423609
53423621
53423651
53423653
53423659
53423717
53423719
53423749
53423753
53423789
53423791
53423807
53423813
53423827
53423837
53423869
53423897
53423899
53423939
53423971
53423977
53423999
53424023
53424043
53424089
53424121
53424139
53424167
53424187
53424197
53424199
53424221
53424229
53424269
53424277
53424281
53424311
53424347
53424359
53424367
53424379
53424403
53424407
53424433
53424443
53424451
53424463
53424487
53424499
53424509
53424529
53424541
53424577
53424587
53424611
53424617
53424629
53424643
53424673
53424691
53424697
53424703
53424733
53424739
53424743
53424769
53424773
53424799
53424809
53424817
53424821
53424823
53424841
53424851
53424869
53424881
53424887
53424893
53424911
53424919
53424937
53424949
53424991
53425019
53425037
53425039
53425079
53425087
53425103
53425111
53425129
53425133
53425147
53425153
53425171
53425181
53425189
53425193
53425199
53425201
53425223
53425231
53425241
53425247
53425261
53425289
53425363
53425367
53425387
53425423
53425429
53425439
53425451
53425459
53425487
53425499
53425517
53425529
53425553
53425571
53425579
53425591
53425597
53425613
53425637
53425661
53425693
53425703
53425709
53425759
53425787
53425807
53425811
53425831
53425837
53425843
53425871
53425873
53425877
53425903
53425907
53425919
53425937
53425969
53425973
53425991
53426003
53426089
53426099
53426101
53426111
53426129
53426137
53426141
53426143
53426147
53426159
53426183
53426213
53426251
53426297
53426327
53426333
53426341
53426363
53426369
53426371
53426377
53426383
53426407
53426431
53426441
53426449
53426467
53426479
53426489
53426507
53426521
53426543
53426551
53426591
53426599
53426603
53426617
53426621
53426623
53426627
53426663
53426687
53426701
53426713
53426743
53426753
53426761
53426771
53426773
53426783
53426797
53426819
53426833
53426843
53426873
53426881
53426957
53426983
53427007
53427029
53427053
53427061
53427067
53427083
53427103
53427119
53427139
53427161
53427163
53427173
53427197
53427211
53427217
53427239
53427263
53427281
53427289
53427293
53427301
53427317
53427343
53427359
53427389
53427403
53427419
53427427
53427461
53427511
53427523
53427529
53427589
53427607
53427613
53427631
53427641
53427653
53427659
53427683
53427691
53427701
53427709
53427721
53427739
53427749
53427799
53427811
53427817
53427823
53427839
53427841
53427883
53427893
53427931
53427953
53427967
53427971
53428021
53428027
53428031
53428051
53428087
53428181
53428201
53428223
53428261
53428267
53428301
53428339
53428343
53428357
53428367
53428369
53428373
53428409
53428439
53428447
53428483
53428537
53428541
53428549
53428553
53428559
53428561
53428577
53428579
53428597
53428601
53428607
53428633
53428651
53428673
53428691
53428693
53428709
53428721
53428723
53428729
53428789
53428813
53428819
53428829
53428831
53428871
53428877
53428889
53428891
53428927
53428939
53428951
53428957
53428967
53428979
53428981
53428993
53429029
53429063
53429081
53429099
53429149
53429171
53429179
53429183
53429203
53429219
53429231
53429251
53429261
53429269
53429297
53429309
53429329
53429347
53429393
53429401
53429423
53429449
53429477
53429527
53429533
53429557
53429561
53429567
53429581
53429599
53429627
53429659
53429681
53429723
53429731
53429773
53429797
53429801
53429807
53429809
53429819
53429821
53429837
53429867
53429899
53429917
53429939
53429953
53429969
53430001
53430017
53430029
53430049
53430061
53430073
53430077
53430079
53430101
53430103
53430121
53430161
53430163
53430187
53430191
53430197
53430229
53430241
53430271
53430277
53430281
53430287
53430301
53430319
53430347
53430359
53430367
53430401
53430409
53430427
53430437
53430469
53430497
53430521
53430547
53430583
53430589
53430593
53430599
53430647
53430649
53430653
53430661
53430697
53430709
53430719
53430721
53430737
53430739
53430743
53430757
53430761
53430787
53430791
53430799
53430803
53430823
53430827
53430841
53430851
53430857
53430859
53430917
53430929
53430947
53430961
53430977
53430989
53430991
53431009
53431031
53431043
53431087
53431117
53431127
53431141
53431193
53431229
53431243
53431247
53431297
53431349
53431373
53431393
53431421
53431429
53431447
53431451
53431453
53431463
53431481
53431517
53431519
53431529
53431531
53431597
53431603
53431619
53431633
53431649
53431661
53431681
53431751
53431753
53431759
53431787
53431801
53431823
53431849
53431853
53431871
53431907
53431919
53431927
53431957
53431999
53432011
53432039
53432051
53432053
53432077
53432081
53432083
53432087
53432089
53432117
53432147
53432153
53432167
53432191
53432201
53432209
53432219
53432231
53432263
53432287
53432303
53432311
53432317
53432339
53432369
53432387
53432419
53432447
53432459
53432461
53432497
53432501
53432537
53432539
53432549
53432591
53432593
53432609
53432647
53432669
53432707
53432719
53432723
53432759
53432777
53432779
53432791
53432801
53432831
53432839
53432857
53432879
53432891
53432903
53432923
53432941
53432983
53433013
53433053
53433077
53433089
53433097
53433137
53433157
53433161
53433179
53433241
53433269
53433307
53433311
53433319
53433349
53433361
53433383
53433403
53433427
53433433
53433437
53433449
53433481
53433503
53433509
53433521
53433539
53433547
53433551
53433559
53433571
53433581
53433617
53433647
53433671
53433683
53433707
53433713
53433727
53433749
53433769
53433791
53433799
53433803
53433817
53433829
53433841
53433847
53433857
53433859
53433893
53433967
53433977
53433997
53434001
53434013
53434019
53434021
53434027
53434033
53434039
53434063
53434067
53434097
53434133
53434169
53434177
53434187
53434189
53434201
53434223
53434259
53434261
53434291
53434319
53434333
53434369
53434373
53434391
53434393
53434397
53434399
53434411
53434427
53434457
53434523
53434561
53434567
53434609
53434627
53434643
53434657
53434673
53434691
53434699
53434709
53434721
53434729
53434739
53434741
53434753
53434781
53434811
53434847
53434867
53434879
53434891
53434937
53434987
53434999
53435017
53435021
53435059
53435093
53435147
53435153
53435159
53435167
53435189
53435251
53435273
53435299
53435309
53435311
53435321
53435383
53435387
53435401
53435411
53435419
53435443
53435449
53435461
53435477
53435507
53435513
53435531
53435549
53435579
53435593
53435611
53435623
53435653
53435671
53435687
53435741
53435749
53435761
53435773
53435791
53435821
53435827
53435839
53435843
53435849
53435857
53435861
53435897
53435911
53435933
53435959
53435983
53436001
53436007
53436011
53436013
53436017
53436023
53436041
53436109
53436169
53436179
53436181
53436197
53436203
53436221
53436239
53436247
53436277
53436283
53436307
53436323
53436329
53436367
53436403
53436419
53436421
53436431
53436443
53436451
53436533
53436557
53436583
53436599
53436619
53436623
53436629
53436631
53436637
53436679
53436701
53436703
53436739
53436767
53436781
53436847
53436853
53436857
53436893
53436907
53436931
53436941
53436947
53436961
53436983
53436997
53437019
53437039
53437051
53437057
53437061
53437081
53437117
53437133
53437151
53437207
53437229
53437243
53437277
53437283
53437297
53437301
53437313
53437357
53437393
53437399
53437429
53437457
53437463
53437499
53437507
53437513
53437523
53437529
53437547
53437567
53437589
53437607
53437609
53437627
53437667
53437711
53437721
53437729
53437751
53437781
53437799
53437819
53437847
53437849
53437859
53437871
53437873
53437877
53437903
53437907
53437963
53437991
53437997
53438029
53438057
53438059
53438081
53438093
53438111
53438113
53438137
53438167
53438179
53438183
53438243
53438251
53438291
53438299
53438321
53438339
53438351
53438369
53438377
53438401
53438423
53438443
53438461
53438479
53438509
53438519
53438521
53438527
53438543
53438549
53438557
53438573
53438611
53438639
53438641
53438657
53438669
53438741
53438779
53438813
53438873
53438881
53438897
53438899
53438911
53438921
53438927
53438929
53438971
53438977
53439013
53439017
53439037
53439049
53439053
53439059
53439079
53439091
53439107
53439119
53439121
53439149
53439151
53439161
53439163
53439193
53439203
53439209
53439227
53439241
53439283
53439289
53439293
53439299
53439311
53439341
53439349
53439361
53439367
53439389
53439409
53439413
53439437
53439461
53439469
53439473
53439487
53439509
53439521
53439553
53439559
53439563
53439587
53439601
53439623
53439643
53439689
53439709
53439719
53439731
53439733
53439751
53439767
53439791
53439811
53439829
53439839
53439853
53439863
53439901
53439917
53439929
53439941
53439979
53439983
53440003
53440007
53440019
53440031
53440091
53440111
53440133
53440169
53440183
53440207
53440213
53440223
53440237
53440267
53440337
53440391
53440393
53440399
53440421
53440423
53440433
53440447
53440481
53440487
53440511
53440553
53440573
53440609
53440613
53440637
53440657
53440669
53440679
53440687
53440693
53440729
53440747
53440757
53440763
53440771
53440789
53440859
53440879
53440903
53440909
53440949
53440957
53440969
53441033
53441039
53441041
53441071
53441077
53441093
53441107
53441111
53441137
53441147
53441153
53441159
53441161
53441231
53441233
53441261
53441263
53441273
53441291
53441299
53441309
53441317
53441321
53441341
53441363
53441369
53441393
53441407
53441413
53441419
53441441
53441449
53441477
53441483
53441497
53441513
53441533
53441537
53441539
53441587
53441593
53441599
53441611
53441617
53441677
53441723
53441777
53441779
53441803
53441807
53441849
53441891
53441909
53441939
53441951
53441977
53442017
53442019
53442083
53442119
53442127
53442131
53442143
53442199
53442209
53442211
53442217
53442223
53442227
53442251
53442343
53442359
53442371
53442397
53442413
53442427
53442437
53442443
53442449
53442457
53442461
53442463
53442469
53442491
53442533
53442539
53442553
53442589
53442659
53442673
53442733
53442757
53442769
53442773
53442799
53442811
53442817
53442827
53442833
53442881
53442913
53442919
53442941
53442943
53442959
53442971
53442979
53442989
53443063
53443069
53443073
53443079
53443127
53443129
53443147
53443211
53443231
53443249
53443267
53443297
53443303
53443307
53443331
53443337
53443361
53443363
53443391
53443457
53443483
53443487
53443499
53443501
53443517
53443547
53443553
53443571
53443573
53443583
53443589
53443601
53443609
53443613
53443619
53443633
53443657
53443661
53443667
53443717
53443729
53443739
53443757
53443771
53443777
53443829
53443843
53443861
53443879
53443889
53443913
53443931
53444009
53444011
53444047
53444059
53444063
53444081
53444099
53444101
53444119
53444137
53444143
53444159
53444161
53444173
53444177
53444179
53444189
53444219
53444221
53444239
53444257
53444263
53444273
53444291
53444297
53444329
53444351
53444353
53444389
53444393
53444407
53444423
53444459
53444471
53444483
53444497
53444507
53444513
53444519
53444533
53444543
53444551
53444569
53444579
53444581
53444591
53444597
53444609
53444623
53444639
53444647
53444669
53444747
53444749
53444773
53444791
53444803
53444827
53444863
53444873
53444917
53444947
53444953
53444971
53444977
53445011
53445013
53445053
53445071
53445097
53445103
53445143
53445149
53445187
53445191
53445199
53445221
53445239
53445241
53445247
53445269
53445281
53445299
53445313
53445349
53445377
53445389
53445391
53445397
53445401
53445437
53445449
53445451
53445473
53445487
53445527
53445541
53445547
53445589
53445593
53445617
53445619
53445647
53445653
53445659
53445683
53445697
53445713
53445719
53445757
53445761
53445781
53445793
53445827
53445851
53445863
53445901
53445911
53445913
53445923
53445929
53445961
53446007
53446021
53446061
53446067
53446087
53446103
53446117
53446123
53446157
53446177
53446277
53446301
53446361
53446363
53446399
53446403
53446409
53446427
53446429
53446433
53446451
53446541
53446543
53446571
53446579
53446583
53446619
53446643
53446649
53446651
53446663
53446667
53446669
53446699
53446711
53446717
53446727
53446763
53446769
53446781
53446787
53446801
53446831
53446879
53446889
53446909
53446927
53446931
53446961
53446969
53446993
53447003
53447021
53447027
53447033
53447047
53447063
53447071
53447077
53447089
53447113
53447143
53447153
53447159
53447179
53447183
53447227
53447243
53447257
53447287
53447327
53447347
53447363
53447389
53447393
53447411
53447419
53447447
53447467
53447491
53447497
53447501
53447509
53447533
53447587
53447591
53447621
53447623
53447629
53447633
53447657
53447701
53447707
53447729
53447731
53447743
53447747
53447749
53447759
53447803
53447819
53447851
53447857
53447861
53447897
53447909
53447941
53447951
53447963
53447987
53447993
53448001
53448037
53448053
53448079
53448107
53448151
53448169
53448253
53448271
53448281
53448293
53448299
53448301
53448341
53448347
53448359
53448397
53448403
53448407
53448427
53448443
53448449
53448467
53448469
53448487
53448491
53448509
53448553
53448581
53448589
53448599
53448601
53448607
53448623
53448643
53448667
53448671
53448679
53448713
53448719
53448727
53448761
53448797
53448809
53448817
53448821
53448847
53448853
53448883
53448911
53448947
53448959
53448973
53448977
53449009
53449027
53449051
53449057
53449063
53449091
53449111
53449133
53449141
53449157
53449159
53449169
53449189
53449219
53449229
53449247
53449259
53449271
53449273
53449289
53449307
53449313
53449321
53449351
53449367
53449379
53449391
53449397
53449399
53449463
53449469
53449471
53449507
53449511
53449537
53449577
53449589
53449633
53449657
53449667
53449681
53449709
53449729
53449771
53449777
53449783
53449787
53449789
53449829
53449841
53449873
53449883
53449889
53449897
53449901
53449909
53449919
53449931
53449933
53449961
53449973
53450011
53450027
53450039
53450041
53450051
53450063
53450069
53450081
53450113
53450123
53450141
53450147
53450171
53450207
53450209
53450239
53450251
53450269
53450273
53450281
53450297
53450339
53450377
53450387
53450437
53450461
53450491
53450497
53450503
53450539
53450557
53450561
53450563
53450587
53450623
53450651
53450671
53450711
53450713
53450753
53450759
53450767
53450773
53450779
53450821
53450843
53450863
53450867
53450909
53450927
53450939
53450951
53450959
53450987
53450989
53451007
53451017
53451019
53451023
53451029
53451053
53451061
53451091
53451127
53451169
53451187
53451191
53451197
53451239
53451271
53451301
53451319
53451337
53451367
53451371
53451397
53451407
53451443
53451457
53451467
53451469
53451473
53451481
53451487
53451493
53451499
53451527
53451551
53451557
53451571
53451583
53451641
53451649
53451661
53451691
53451703
53451707
53451721
53451763
53451773
53451779
53451787
53451809
53451821
53451829
53451833
53451847
53451877
53451899
53451911
53451919
53451941
53451943
53451971
53451973
53451989
53451991
53452001
53452031
53452039
53452067
53452093
53452099
53452109
53452117
53452121
53452127
53452181
53452193
53452211
53452213
53452229
53452237
53452247
53452261
53452271
53452291
53452303
53452327
53452351
53452361
53452363
53452367
53452387
53452411
53452417
53452433
53452439
53452447
53452499
53452501
53452513
53452519
53452523
53452537
53452541
53452543
53452577
53452603
53452613
53452639
53452657
53452661
53452697
53452699
53452727
53452733
53452769
53452799
53452831
53452843
53452873
53452891
53452957
53452979
53453011
53453017
53453041
53453129
53453143
53453149
53453209
53453227
53453237
53453243
53453291
53453297
53453317
53453329
53453333
53453339
53453369
53453377
53453443
53453459
53453461
53453483
53453497
53453509
53453513
53453537
53453539
53453563
53453573
53453581
53453597
53453599
53453623
53453639
53453651
53453663
53453671
53453681
53453717
53453737
53453749
53453759
53453761
53453779
53453819
53453837
53453843
53453891
53453921
53453963
53453969
53453971
53453999
53454019
53454029
53454053
53454067
53454073
53454083
53454091
53454109
53454113
53454127
53454131
53454133
53454143
53454169
53454179
53454209
53454211
53454217
53454227
53454259
53454287
53454293
53454301
53454343
53454397
53454421
53454431
53454433
53454439
53454449
53454491
53454517
53454563
53454589
53454593
53454607
53454617
53454637
53454659
53454683
53454701
53454703
53454707
53454721
53454781
53454787
53454803
53454823
53454827
53454853
53454871
53454887
53454893
53454901
53454931
53454941
53455007
53455019
53455049
53455099
53455109
53455133
53455139
53455141
53455153
53455163
53455169
53455177
53455187
53455211
53455231
53455247
53455279
53455291
53455301
53455313
53455397
53455433
53455469
53455471
53455477
53455489
53455529
53455537
53455547
53455561
53455573
53455609
53455621
53455631
53455651
53455663
53455679
53455681
53455691
53455723
53455739
53455757
53455771
53455817
53455819
53455879
53455931
53455943
53455993
53456047
53456057
53456093
53456099
53456111
53456129
53456141
53456173
53456197
53456213
53456239
53456243
53456281
53456297
53456303
53456311
53456323
53456357
53456387
53456411
53456423
53456461
53456467
53456471
53456479
53456503
53456509
53456563
53456587
53456609
53456651
53456677
53456699
53456723
53456729
53456737
53456779
53456791
53456833
53456849
53456863
53456873
53456903
53456941
53456969
53456983
53456987
53456999
53457007
53457011
53457017
53457029
53457059
53457067
53457077
53457133
53457139
53457143
53457149
53457161
53457169
53457191
53457199
53457211
53457233
53457247
53457259
53457281
53457343
53457373
53457427
53457449
53457457
53457487
53457499
53457511
53457529
53457541
53457553
53457577
53457581
53457601
53457623
53457629
53457631
53457647
53457661
53457667
53457709
53457713
53457737
53457743
53457749
53457757
53457787
53457793
53457797
53457821
53457853
53457881
53457917
53457931
53457947
53457977
53457997
53458019
53458033
53458037
53458051
53458057
53458061
53458091
53458099
53458103
53458109
53458121
53458151
53458157
53458177
53458193
53458201
53458213
53458241
53458253
53458261
53458271
53458289
53458297
53458309
53458333
53458351
53458367
53458373
53458393
53458403
53458439
53458441
53458459
53458469
53458481
53458487
53458501
53458541
53458567
53458577
53458597
53458619
53458627
53458679
53458709
53458777
53458781
53458807
53458813
53458819
53458843
53458859
53458879
53458883
53458901
53458939
53458963
53458967
53458981
53458987
53459011
53459017
53459041
53459047
53459053
53459059
53459071
53459111
53459113
53459123
53459129
53459173
53459183
53459201
53459207
53459239
53459243
53459297
53459303
53459311
53459317
53459323
53459327
53459353
53459359
53459381
53459411
53459443
53459453
53459467
53459473
53459477
53459519
53459569
53459573
53459629
53459639
53459641
53459647
53459671
53459677
53459683
53459687
53459699
53459741
53459743
53459771
53459773
53459801
53459827
53459837
53459867
53459869
53459893
53459927
53459929
53459933
53459971
53459993
53460047
53460049
53460061
53460067
53460109
53460131
53460133
53460179
53460181
53460233
53460259
53460283
53460299
53460353
53460361
53460367
53460391
53460401
53460403
53460409
53460419
53460499
53460503
53460521
53460527
53460557
53460559
53460569
53460611
53460683
53460697
53460751
53460769
53460793
53460817
53460829
53460839
53460853
53460857
53460863
53460899
53460907
53460923
53460943
53460973
53460977
53461027
53461049
53461061
53461069
53461087
53461103
53461127
53461129
53461157
53461183
53461201
53461237
53461279
53461283
53461313
53461333
53461357
53461403
53461439
53461469
53461487
53461501
53461517
53461523
53461531
53461547
53461567
53461571
53461589
53461609
53461613
53461621
53461627
53461643
53461657
53461673
53461699
53461739
53461741
53461747
53461757
53461777
53461783
53461799
53461817
53461829
53461843
53461853
53461861
53461871
53461873
53461879
53461883
53461897
53461927
53461937
53461939
53461951
53461973
53461999
53462009
53462023
53462039
53462053
53462069
53462081
53462089
53462099
53462113
53462117
53462141
53462153
53462177
53462179
53462183
53462239
53462249
53462251
53462261
53462293
53462323
53462329
53462393
53462407
53462441
53462471
53462473
53462477
53462489
53462491
53462509
53462527
53462537
53462543
53462551
53462579
53462581
53462593
53462663
53462677
53462681
53462719
53462723
53462753
53462771
53462777
53462819
53462861
53462867
53462869
53462881
53462887
53462897
53462917
53462933
53462951
53462953
53462957
53462987
53462989
53463029
53463031
53463049
53463107
53463149
53463161
53463197
53463203
53463281
53463287
53463307
53463337
53463343
53463439
53463461
53463469
53463601
53463607
53463611
53463647
53463653
53463671
53463677
53463689
53463719
53463731
53463757
53463763
53463811
53463829
53463841
53463847
53463859
53463889
53463911
53463913
53463979
53463989
53464009
53464013
53464049
53464063
53464067
53464069
53464087
53464097
53464109
53464153
53464211
53464217
53464247
53464261
53464267
53464291
53464319
53464331
53464343
53464379
53464381
53464399
53464403
53464409
53464417
53464457
53464471
53464483
53464501
53464517
53464531
53464559
53464571
53464573
53464577
53464591
53464597
53464681
53464687
53464693
53464717
53464729
53464753
53464769
53464771
53464799
53464823
53464837
53464843
53464849
53464871
53464877
53464891
53464913
53464921
53464967
53464979
53465003
53465021
53465063
53465077
53465089
53465117
53465123
53465143
53465171
53465207
53465213
53465231
53465233
53465281
53465303
53465309
53465311
53465339
53465351
53465369
53465381
53465389
53465417
53465431
53465453
53465471
53465479
53465491
53465497
53465507
53465513
53465519
53465539
53465567
53465579
53465591
53465597
53465617
53465683
53465701
53465717
53465723
53465729
53465747
53465749
53465759
53465773
53465803
53465807
53465809
53465827
53465903
53465921
53465939
53465941
53465959
53465987
53465989
53466011
53466089
53466097
53466121
53466131
53466137
53466143
53466163
53466181
53466197
53466223
53466239
53466251
53466253
53466293
53466299
53466311
53466313
53466349
53466389
53466433
53466499
53466503
53466521
53466527
53466529
53466557
53466563
53466577
53466593
53466601
53466607
53466613
53466617
53466631
53466653
53466671
53466701
53466719
53466731
53466757
53466773
53466781
53466793
53466823
53466827
53466841
53466863
53466869
53466901
53466913
53466943
53466949
53466977
53466979
53467003
53467013
53467021
53467027
53467081
53467093
53467123
53467163
53467177
53467181
53467199
53467217
53467229
53467259
53467277
53467283
53467303
53467307
53467313
53467327
53467357
53467367
53467399
53467411
53467451
53467457
53467483
53467489
53467493
53467517
53467549
53467559
53467597
53467613
53467621
53467633
53467639
53467643
53467651
53467657
53467681
53467693
53467727
53467751
53467787
53467789
53467819
53467823
53467829
53467867
53467891
53467913
53467933
53467951
53467987
53467991
53468011
53468017
53468057
53468089
53468117
53468119
53468131
53468159
53468167
53468197
53468201
53468251
53468287
53468291
53468297
53468309
53468321
53468329
53468333
53468369
53468377
53468411
53468423
53468447
53468449
53468453
53468473
53468477
53468483
53468539
53468581
53468617
53468627
53468677
53468699
53468711
53468719
53468729
53468743
53468759
53468839
53468843
53468873
53468887
53468897
53468903
53468917
53468929
53468957
53468963
53468971
53468977
53468993
53468999
53469007
53469037
53469041
53469049
53469061
53469121
53469133
53469137
53469139
53469161
53469193
53469223
53469239
53469259
53469271
53469307
53469313
53469343
53469373
53469433
53469443
53469467
53469469
53469473
53469557
53469569
53469571
53469583
53469589
53469613
53469631
53469643
53469659
53469697
53469701
53469727
53469751
53469763
53469791
53469803
53469809
53469817
53469821
53469827
53469833
53469851
53469853
53469869
53469901
53469943
53469959
53469967
53469979
53470003
53470033
53470051
53470061
53470073
53470093
53470097
53470121
53470129
53470159
53470181
53470187
53470189
53470201
53470211
53470213
53470223
53470231
53470243
53470283
53470301
53470327
53470337
53470363
53470367
53470379
53470397
53470421
53470433
53470441
53470447
53470463
53470507
53470553
53470591
53470603
53470619
53470633
53470657
53470673
53470679
53470687
53470721
53470723
53470727
53470759
53470771
53470777
53470787
53470811
53470849
53470853
53470861
53470871
53470919
53470927
53470943
53470951
53470969
53470979
53470981
53471017
53471029
53471053
53471081
53471083
53471087
53471107
53471123
53471129
53471147
53471161
53471177
53471189
53471213
53471219
53471221
53471227
53471233
53471267
53471279
53471303
53471323
53471351
53471357
53471399
53471413
53471423
53471437
53471459
53471461
53471501
53471507
53471543
53471557
53471581
53471597
53471599
53471629
53471633
53471651
53471657
53471669
53471687
53471689
53471731
53471767
53471791
53471797
53471809
53471813
53471819
53471827
53471839
53471867
53471881
53471903
53471959
53471983
53472031
53472037
53472053
53472103
53472109
53472119
53472121
53472149
53472151
53472163
53472193
53472197
53472203
53472227
53472233
53472247
53472257
53472269
53472299
53472319
53472373
53472379
53472383
53472413
53472431
53472439
53472481
53472509
53472527
53472533
53472541
53472571
53472577
53472581
53472583
53472611
53472619
53472623
53472637
53472689
53472697
53472721
53472739
53472751
53472761
53472763
53472823
53472829
53472841
53472851
53472857
53472863
53472941
53472943
53472961
53472977
53472983
53472989
53472997
53473003
53473009
53473019
53473033
53473039
53473067
53473081
53473099
53473117
53473127
53473141
53473181
53473193
53473241
53473243
53473249
53473253
53473289
53473297
53473309
53473319
53473333
53473349
53473351
53473417
53473421
53473447
53473463
53473487
53473501
53473513
53473531
53473549
53473559
53473573
53473601
53473613
53473631
53473633
53473649
53473681
53473801
53473813
53473831
53473837
53473841
53473867
53473907
53473909
53473933
53473957
53473967
53473969
53473997
53474009
53474017
53474021
53474023
53474041
53474111
53474117
53474153
53474171
53474177
53474221
53474233
53474243
53474261
53474263
53474293
53474321
53474329
53474353
53474359
53474371
53474381
53474387
53474423
53474429
53474437
53474441
53474479
53474483
53474489
53474497
53474513
53474539
53474557
53474567
53474599
53474621
53474623
53474627
53474633
53474653
53474677
53474689
53474699
53474711
53474717
53474719
53474723
53474737
53474749
53474801
53474803
53474807
53474833
53474851
53474867
53474881
53474887
53474891
53474893
53474899
53474923
53474957
53474963
53474983
53475061
53475077
53475083
53475119
53475151
53475167
53475173
53475199
53475209
53475211
53475229
53475239
53475241
53475271
53475281
53475293
53475307
53475349
53475361
53475371
53475377
53475407
53475419
53475427
53475431
53475473
53475551
53475559
53475599
53475637
53475647
53475661
53475679
53475683
53475733
53475743
53475769
53475803
53475817
53475839
53475853
53475869
53475881
53475893
53475923
53475949
53475959
53475967
53475973
53475977
53475997
53476001
53476019
53476021
53476043
53476061
53476079
53476103
53476123
53476141
53476151
53476187
53476193
53476201
53476229
53476253
53476289
53476307
53476337
53476387
53476399
53476421
53476447
53476453
53476471
53476483
53476487
53476531
53476537
53476559
53476589
53476603
53476627
53476639
53476681
53476693
53476711
53476733
53476739
53476757
53476777
53476793
53476823
53476831
53476837
53476847
53476873
53476889
53476897
53476919
53476933
53476979
53477027
53477041
53477051
53477057
53477059
53477101
53477107
53477111
53477113
53477197
53477219
53477227
53477239
53477261
53477269
53477299
53477311
53477329
53477339
53477351
53477357
