51314749
51314773
51314777
51314797
51314807
51314881
51314899
51314917
51314941
51314981
51314983
51314987
51315031
51315053
51315083
51315097
51315107
51315109
51315113
51315157
51315203
51315217
51315227
51315281
51315283
51315301
51315317
51315359
51315389
51315391
51315403
51315431
51315437
51315449
51315479
51315487
51315499
51315521
51315547
51315613
51315623
51315629
51315647
51315653
51315659
51315661
51315683
51315721
51315739
51315743
51315763
51315767
51315773
51315787
51315799
51315841
51315871
51315919
51315937
51315947
51315949
51315977
51315983
51315989
51316019
51316021
51316033
51316039
51316043
51316063
51316079
51316099
51316103
51316117
51316121
51316123
51316141
51316147
51316163
51316193
51316211
51316229
51316241
51316259
51316271
51316337
51316357
51316361
51316367
51316393
51316409
51316411
51316423
51316429
51316453
51316469
51316477
51316483
51316487
51316541
51316553
51316567
51316609
51316613
51316627
51316633
51316637
51316709
51316721
51316723
51316729
51316751
51316813
51316847
51316849
51316877
51316913
51316919
51316927
51316943
51316949
51316981
51317003
51317011
51317027
51317041
51317047
51317051
51317069
51317083
51317087
51317111
51317129
51317179
51317213
51317219
51317251
51317291
51317293
51317341
51317351
51317359
51317401
51317417
51317459
51317471
51317473
51317477
51317479
51317507
51317573
51317579
51317599
51317633
51317641
51317657
51317681
51317687
51317699
51317701
51317711
51317729
51317743
51317767
51317771
51317789
51317839
51317867
51317869
51317873
51317881
51317887
51317891
51317911
51317941
51317957
51317969
51317971
51318011
51318041
51318061
51318073
51318077
51318089
51318103
51318143
51318167
51318173
51318191
51318193
51318199
51318209
51318217
51318227
51318233
51318251
51318271
51318277
51318283
51318301
51318317
51318341
51318349
51318353
51318367
51318409
51318413
51318437
51318439
51318503
51318539
51318551
51318569
51318607
51318643
51318647
51318653
51318703
51318713
51318721
51318769
51318779
51318793
51318803
51318809
51318811
51318821
51318833
51318853
51318859
51318881
51318887
51318901
51318923
51318929
51318931
51318973
51318979
51318989
51318991
51318997
51319007
51319031
51319033
51319087
51319123
51319127
51319153
51319157
51319189
51319193
51319199
51319207
51319223
51319231
51319283
51319337
51319343
51319349
51319351
51319369
51319391
51319397
51319421
51319451
51319469
51319487
51319501
51319507
51319519
51319523
51319537
51319553
51319571
51319607
51319613
51319621
51319669
51319679
51319687
51319691
51319699
51319757
51319771
51319781
51319783
51319799
51319819
51319841
51319859
51319867
51319883
51319907
51319913
51319943
51319963
51319993
51320033
51320039
51320041
51320047
51320077
51320117
51320123
51320131
51320141
51320173
51320177
51320183
51320189
51320201
51320207
51320237
51320239
51320249
51320257
51320267
51320279
51320281
51320293
51320299
51320323
51320333
51320351
51320359
51320393
51320411
51320413
51320431
51320441
51320447
51320449
51320453
51320491
51320497
51320509
51320513
51320519
51320527
51320597
51320609
51320639
51320641
51320657
51320669
51320683
51320699
51320723
51320741
51320743
51320761
51320777
51320803
51320837
51320839
51320869
51320879
51320939
51320959
51320987
51320989
51320999
51321037
51321041
51321077
51321131
51321157
51321169
51321173
51321197
51321203
51321241
51321247
51321253
51321287
51321289
51321293
51321301
51321311
51321343
51321371
51321379
51321383
51321401
51321421
51321449
51321469
51321499
51321511
51321539
51321541
51321551
51321577
51321581
51321601
51321607
51321629
51321637
51321643
51321653
51321659
51321689
51321713
51321727
51321733
51321773
51321779
51321817
51321839
51321841
51321857
51321859
51321863
51321883
51321931
51321943
51321953
51321973
51322003
51322009
51322049
51322057
51322069
51322079
51322087
51322157
51322207
51322213
51322217
51322231
51322253
51322259
51322309
51322321
51322339
51322357
51322379
51322387
51322393
51322399
51322417
51322423
51322459
51322483
51322487
51322493
51322501
51322519
51322559
51322571
51322573
51322597
51322619
51322627
51322681
51322769
51322771
51322783
51322807
51322823
51322849
51322853
51322877
51322883
51322889
51322897
51322907
51322927
51322963
51322981
51322987
51322993
51323029
51323071
51323089
51323101
51323117
51323137
51323141
51323177
51323179
51323183
51323191
51323203
51323213
51323263
51323269
51323287
51323297
51323303
51323309
51323347
51323353
51323399
51323423
51323443
51323449
51323471
51323501
51323521
51323543
51323563
51323567
51323593
51323611
51323627
51323633
51323641
51323659
51323711
51323743
51323747
51323749
51323761
51323777
51323813
51323821
51323827
51323861
51323863
51323869
51323887
51323893
51323903
51323917
51323947
51323957
51323977
51323989
51324023
51324029
51324043
51324061
51324079
51324101
51324103
51324107
51324121
51324151
51324191
51324197
51324199
51324209
51324223
51324227
51324233
51324239
51324257
51324281
51324283
51324307
51324311
51324323
51324347
51324373
51324389
51324397
51324401
51324421
51324433
51324467
51324509
51324521
51324571
51324589
51324593
51324599
51324601
51324619
51324629
51324653
51324659
51324673
51324703
51324709
51324739
51324811
51324817
51324821
51324827
51324839
51324857
51324859
51324863
51324869
51324899
51324901
51324919
51324941
51324971
51324979
51325009
51325013
51325019
51325063
51325067
51325073
51325093
51325111
51325129
51325133
51325139
51325151
51325171
51325177
51325189
51325201
51325223
51325229
51325237
51325247
51325249
51325297
51325301
51325303
51325343
51325349
51325361
51325409
51325411
51325423
51325433
51325453
51325471
51325487
51325501
51325523
51325559
51325577
51325579
51325597
51325619
51325649
51325661
51325691
51325699
51325709
51325717
51325741
51325753
51325759
51325763
51325793
51325823
51325837
51325849
51325909
51325913
51325921
51325933
51325943
51325951
51325979
51325997
51326017
51326059
51326083
51326123
51326129
51326131
51326147
51326153
51326203
51326251
51326257
51326263
51326267
51326269
51326299
51326309
51326311
51326323
51326329
51326339
51326347
51326369
51326371
51326377
51326381
51326393
51326411
51326413
51326449
51326503
51326533
51326573
51326591
51326603
51326609
51326633
51326647
51326663
51326687
51326701
51326719
51326729
51326741
51326801
51326813
51326819
51326827
51326837
51326879
51326903
51326921
51326929
51326959
51326963
51326981
51326983
51326987
51327019
51327061
51327091
51327127
51327139
51327163
51327173
51327181
51327193
51327209
51327229
51327257
51327271
51327277
51327281
51327317
51327323
51327347
51327349
51327377
51327389
51327407
51327439
51327443
51327469
51327481
51327487
51327511
51327527
51327553
51327583
51327587
51327589
51327611
51327623
51327631
51327659
51327677
51327701
51327707
51327719
51327791
51327821
51327851
51327863
51327937
51327953
51327961
51327989
51328021
51328051
51328091
51328127
51328129
51328141
51328163
51328181
51328217
51328223
51328247
51328259
51328261
51328307
51328313
51328331
51328363
51328379
51328393
51328397
51328411
51328439
51328441
51328469
51328471
51328483
51328507
51328531
51328549
51328561
51328567
51328573
51328577
51328601
51328609
51328621
51328631
51328639
51328681
51328687
51328699
51328721
51328759
51328769
51328793
51328817
51328853
51328873
51328883
51328897
51328913
51328919
51328951
51328969
51328973
51328993
51329009
51329011
51329017
51329023
51329053
51329063
51329071
51329093
51329099
51329111
51329129
51329153
51329167
51329207
51329219
51329251
51329263
51329309
51329339
51329347
51329363
51329389
51329413
51329419
51329489
51329497
51329527
51329543
51329557
51329561
51329563
51329627
51329633
51329639
51329651
51329657
51329671
51329699
51329711
51329713
51329743
51329807
51329819
51329833
51329843
51329857
51329869
51329879
51329881
51329897
51329923
51329959
51329983
51330007
51330031
51330049
51330061
51330101
51330109
51330113
51330143
51330151
51330161
51330163
51330187
51330193
51330197
51330199
51330247
51330263
51330277
51330299
51330317
51330379
51330403
51330421
51330427
51330431
51330443
51330467
51330481
51330491
51330511
51330527
51330529
51330541
51330547
51330611
51330619
51330683
51330739
51330743
51330757
51330791
51330821
51330847
51330883
51330887
51330889
51330901
51330907
51330919
51330931
51330943
51330959
51330991
51330997
51331013
51331019
51331051
51331069
51331081
51331117
51331151
51331157
51331169
51331199
51331213
51331223
51331229
51331243
51331249
51331253
51331327
51331351
51331361
51331391
51331411
51331417
51331429
51331459
51331463
51331477
51331481
51331499
51331513
51331573
51331583
51331589
51331591
51331603
51331639
51331649
51331663
51331667
51331741
51331747
51331757
51331771
51331783
51331799
51331807
51331853
51331867
51331871
51331873
51331897
51331919
51331933
51331949
51331961
51331991
51332023
51332069
51332081
51332087
51332089
51332107
51332137
51332161
51332179
51332189
51332221
51332227
51332269
51332273
51332279
51332339
51332353
51332377
51332381
51332399
51332417
51332423
51332447
51332453
51332467
51332513
51332551
51332591
51332597
51332609
51332663
51332681
51332689
51332693
51332747
51332753
51332767
51332777
51332783
51332791
51332819
51332833
51332873
51332893
51332959
51332971
51332989
51333011
51333017
51333031
51333043
51333053
51333059
51333067
51333109
51333119
51333131
51333133
51333167
51333197
51333199
51333239
51333253
51333257
51333283
51333287
51333299
51333329
51333367
51333371
51333377
51333389
51333397
51333407
51333409
51333419
51333431
51333461
51333463
51333533
51333589
51333619
51333637
51333643
51333679
51333691
51333697
51333703
51333707
51333713
51333719
51333731
51333739
51333803
51333811
51333817
51333827
51333833
51333847
51333853
51333869
51333871
51333881
51333901
51333913
51333929
51333937
51333941
51333943
51333977
51333983
51334013
51334021
51334039
51334069
51334081
51334099
51334103
51334141
51334193
51334201
51334211
51334223
51334249
51334253
51334259
51334267
51334301
51334351
51334417
51334433
51334453
51334469
51334477
51334483
51334499
51334513
51334559
51334567
51334573
51334579
51334589
51334601
51334609
51334649
51334691
51334693
51334697
51334721
51334741
51334783
51334807
51334813
51334831
51334837
51334847
51334861
51334867
51334889
51334937
51334939
51334957
51334999
51335003
51335023
51335071
51335083
51335143
51335161
51335173
51335177
51335183
51335197
51335203
51335237
51335281
51335309
51335311
51335329
51335353
51335377
51335387
51335413
51335437
51335447
51335503
51335519
51335521
51335533
51335551
51335569
51335591
51335629
51335657
51335671
51335689
51335707
51335719
51335737
51335741
51335743
51335773
51335807
51335819
51335821
51335827
51335833
51335849
51335861
51335873
51335899
51335927
51335957
51335981
51335987
51336011
51336049
51336071
51336083
51336121
51336163
51336199
51336211
51336287
51336317
51336323
51336371
51336401
51336419
51336433
51336443
51336449
51336451
51336457
51336473
51336517
51336553
51336569
51336581
51336599
51336611
51336619
51336629
51336631
51336647
51336661
51336707
51336709
51336721
51336743
51336749
51336833
51336863
51336869
51336881
51336893
51336953
51336973
51336983
51336997
51337037
51337067
51337073
51337079
51337087
51337103
51337129
51337133
51337159
51337193
51337201
51337213
51337217
51337267
51337277
51337283
51337291
51337309
51337327
51337361
51337381
51337387
51337393
51337397
51337441
51337471
51337513
51337523
51337543
51337547
51337567
51337607
51337613
51337621
51337631
51337667
51337669
51337673
51337691
51337697
51337709
51337711
51337717
51337723
51337733
51337747
51337751
51337787
51337813
51337837
51337861
51337877
51337883
51337927
51337931
51337939
51337961
51337967
51337987
51337999
51338017
51338051
51338059
51338069
51338081
51338101
51338117
51338141
51338143
51338153
51338167
51338179
51338213
51338227
51338233
51338251
51338257
51338267
51338293
51338299
51338321
51338327
51338341
51338377
51338383
51338407
51338411
51338423
51338447
51338471
51338477
51338479
51338489
51338501
51338509
51338527
51338533
51338537
51338561
51338563
51338569
51338591
51338597
51338611
51338633
51338663
51338669
51338681
51338687
51338713
51338717
51338731
51338743
51338753
51338767
51338773
51338789
51338797
51338801
51338809
51338839
51338857
51338863
51338867
51338879
51338887
51338897
51338939
51338953
51338957
51338971
51338977
51338999
51339047
51339073
51339097
51339107
51339143
51339149
51339161
51339173
51339191
51339229
51339259
51339271
51339329
51339331
51339359
51339361
51339373
51339391
51339397
51339443
51339467
51339469
51339479
51339523
51339551
51339553
51339559
51339571
51339601
51339637
51339647
51339661
51339671
51339679
51339707
51339709
51339727
51339781
51339793
51339797
51339803
51339859
51339923
51339929
51339931
51339941
51339943
51340021
51340031
51340049
51340057
51340073
51340087
51340129
51340139
51340141
51340169
51340181
51340189
51340193
51340213
51340217
51340229
51340249
51340253
51340259
51340319
51340327
51340379
51340381
51340463
51340481
51340501
51340511
51340519
51340537
51340567
51340631
51340637
51340649
51340661
51340687
51340699
51340721
51340741
51340763
51340769
51340771
51340777
51340787
51340801
51340811
51340829
51340837
51340843
51340859
51340871
51340879
51340909
51340921
51340937
51340943
51340951
51340957
51340981
51340997
51341009
51341029
51341051
51341063
51341093
51341099
51341111
51341117
51341137
51341141
51341159
51341167
51341219
51341261
51341273
51341291
51341293
51341299
51341333
51341351
51341357
51341399
51341413
51341417
51341419
51341429
51341447
51341453
51341491
51341501
51341509
51341539
51341551
51341569
51341573
51341593
51341597
51341599
51341603
51341617
51341639
51341657
51341677
51341701
51341707
51341711
51341723
51341747
51341753
51341767
51341777
51341821
51341833
51341839
51341867
51341869
51341893
51341897
51341923
51341929
51341947
51341981
51341987
51342007
51342019
51342041
51342059
51342061
51342073
51342077
51342079
51342089
51342113
51342119
51342121
51342133
51342139
51342149
51342157
51342191
51342217
51342253
51342259
51342281
51342289
51342311
51342323
51342359
51342407
51342451
51342461
51342481
51342491
51342493
51342517
51342521
51342527
51342553
51342581
51342623
51342649
51342661
51342691
51342713
51342757
51342761
51342787
51342799
51342821
51342827
51342833
51342853
51342911
51342919
51342931
51342937
51342979
51342983
51343031
51343051
51343057
51343063
51343067
51343069
51343081
51343109
51343139
51343169
51343183
51343189
51343217
51343241
51343261
51343267
51343277
51343319
51343351
51343367
51343399
51343423
51343441
51343483
51343549
51343559
51343561
51343573
51343577
51343609
51343631
51343637
51343651
51343711
51343729
51343739
51343741
51343771
51343793
51343829
51343837
51343847
51343907
51343921
51343937
51343939
51343969
51343991
51343997
51344003
51344017
51344053
51344071
51344081
51344087
51344129
51344141
51344171
51344179
51344191
51344201
51344221
51344261
51344269
51344287
51344291
51344323
51344347
51344383
51344387
51344393
51344399
51344411
51344417
51344459
51344551
51344561
51344581
51344591
51344603
51344611
51344617
51344621
51344627
51344639
51344653
51344659
51344693
51344747
51344749
51344759
51344767
51344771
51344791
51344801
51344849
51344861
51344869
51344873
51344893
51344911
51344921
51344929
51344933
51344939
51344941
51344963
51344971
51344977
51344987
51344989
51345013
51345017
51345031
51345043
51345059
51345097
51345121
51345143
51345149
51345157
51345169
51345199
51345241
51345289
51345293
51345299
51345317
51345323
51345337
51345367
51345379
51345409
51345419
51345421
51345433
51345439
51345473
51345487
51345521
51345533
51345563
51345583
51345589
51345599
51345607
51345617
51345629
51345643
51345691
51345727
51345739
51345779
51345799
51345803
51345839
51345857
51345859
51345893
51345907
51345941
51345953
51346003
51346019
51346021
51346039
51346049
51346073
51346111
51346117
51346157
51346159
51346181
51346193
51346213
51346219
51346223
51346247
51346249
51346259
51346283
51346291
51346297
51346301
51346313
51346319
51346333
51346349
51346357
51346369
51346387
51346403
51346433
51346441
51346457
51346483
51346499
51346507
51346517
51346543
51346591
51346597
51346627
51346643
51346657
51346661
51346679
51346699
51346727
51346829
51346837
51346901
51346903
51346913
51346921
51346927
51346931
51346951
51346963
51346973
51346979
51346993
51347003
51347029
51347059
51347069
51347099
51347113
51347137
51347143
51347147
51347159
51347161
51347167
51347207
51347227
51347239
51347249
51347273
51347281
51347297
51347341
51347353
51347389
51347419
51347441
51347447
51347449
51347467
51347479
51347489
51347507
51347509
51347533
51347579
51347581
51347609
51347623
51347651
51347669
51347683
51347711
51347713
51347731
51347773
51347783
51347797
51347827
51347833
51347887
51347917
51347921
51347941
51347969
51347993
51347999
51348001
51348023
51348053
51348061
51348079
51348083
51348091
51348103
51348131
51348133
51348139
51348151
51348161
51348179
51348181
51348223
51348293
51348301
51348329
51348373
51348379
51348391
51348403
51348413
51348421
51348457
51348481
51348497
51348503
51348511
51348527
51348533
51348541
51348547
51348553
51348569
51348613
51348629
51348677
51348683
51348709
51348727
51348743
51348757
51348761
51348799
51348841
51348853
51348883
51348889
51348893
51348917
51348929
51348943
51348953
51348967
51348991
51349031
51349043
51349049
51349063
51349073
51349093
51349139
51349159
51349183
51349187
51349189
51349201
51349213
51349219
51349223
51349247
51349283
51349297
51349301
51349307
51349321
51349339
51349349
51349369
51349399
51349433
51349453
51349471
51349481
51349483
51349489
51349499
51349549
51349559
51349561
51349567
51349577
51349579
51349583
51349591
51349601
51349603
51349631
51349637
51349643
51349651
51349663
51349681
51349699
51349703
51349729
51349751
51349757
51349759
51349769
51349787
51349801
51349811
51349819
51349829
51349847
51349849
51349853
51349871
51349901
51349931
51349943
51349967
51349993
51350003
51350017
51350021
51350029
51350051
51350059
51350069
51350071
51350077
51350083
51350093
51350107
51350113
51350153
51350177
51350209
51350219
51350231
51350239
51350287
51350311
51350363
51350371
51350381
51350389
51350393
51350401
51350417
51350423
51350441
51350447
51350459
51350527
51350567
51350581
51350599
51350603
51350617
51350627
51350641
51350669
51350671
51350681
51350683
51350699
51350771
51350773
51350777
51350779
51350791
51350797
51350801
51350839
51350843
51350861
51350891
51350903
51350917
51350921
51350933
51350941
51350947
51350951
51350989
51351043
51351077
51351109
51351133
51351137
51351149
51351197
51351217
51351239
51351241
51351253
51351359
51351361
51351367
51351379
51351397
51351409
51351437
51351439
51351451
51351467
51351481
51351493
51351497
51351499
51351527
51351529
51351533
51351551
51351563
51351613
51351637
51351649
51351731
51351739
51351757
51351791
51351799
51351809
51351821
51351827
51351829
51351857
51351899
51351931
51351943
51351947
51351977
51351983
51351991
51351997
51352013
51352033
51352043
51352051
51352111
51352129
51352163
51352181
51352201
51352207
51352219
51352229
51352253
51352267
51352289
51352303
51352309
51352313
51352319
51352321
51352381
51352387
51352391
51352439
51352453
51352463
51352487
51352489
51352517
51352519
51352531
51352549
51352571
51352643
51352657
51352703
51352711
51352751
51352757
51352759
51352783
51352841
51352853
51352871
51352901
51352909
51352913
51352921
51352927
51352933
51352949
51352979
51352981
51352993
51353009
51353011
51353017
51353053
51353063
51353083
51353123
51353149
51353153
51353161
51353167
51353177
51353191
51353249
51353251
51353261
51353293
51353303
51353321
51353327
51353347
51353353
51353359
51353389
51353417
51353429
51353437
51353459
51353507
51353509
51353513
51353537
51353539
51353543
51353569
51353581
51353591
51353611
51353629
51353671
51353681
51353707
51353717
51353737
51353759
51353761
51353807
51353831
51353833
51353881
51353921
51353927
51353947
51353969
51353971
51353977
51353987
51353993
51354007
51354047
51354053
51354071
51354077
51354091
51354109
51354119
51354137
51354143
51354179
51354203
51354209
51354211
51354217
51354257
51354287
51354293
51354299
51354301
51354343
51354353
51354379
51354431
51354439
51354451
51354491
51354493
51354529
51354547
51354581
51354601
51354623
51354643
51354733
51354767
51354769
51354799
51354803
51354811
51354829
51354833
51354847
51354889
51354913
51354923
51354937
51354983
51354991
51355009
51355033
51355037
51355069
51355091
51355097
51355151
51355153
51355207
51355231
51355237
51355253
51355261
51355289
51355307
51355319
51355331
51355361
51355363
51355379
51355439
51355441
51355457
51355483
51355489
51355517
51355529
51355541
51355543
51355559
51355621
51355639
51355663
51355679
51355693
51355709
51355729
51355753
51355771
51355807
51355813
51355823
51355831
51355853
51355859
51355867
51355877
51355883
51355907
51355919
51355939
51355973
51355981
51355991
51355999
51356003
51356009
51356017
51356021
51356059
51356093
51356117
51356131
51356141
51356143
51356153
51356159
51356197
51356203
51356213
51356251
51356257
51356281
51356287
51356339
51356351
51356369
51356381
51356443
51356453
51356479
51356489
51356497
51356509
51356537
51356551
51356561
51356603
51356611
51356621
51356623
51356633
51356687
51356689
51356699
51356713
51356717
51356729
51356737
51356743
51356771
51356797
51356807
51356839
51356857
51356869
51356891
51356909
51356923
51356951
51356959
51356971
51356989
51356993
51357001
51357011
51357043
51357067
51357101
51357113
51357157
51357167
51357169
51357197
51357223
51357227
51357233
51357263
51357281
51357301
51357307
51357311
51357331
51357337
51357373
51357377
51357401
51357407
51357409
51357419
51357431
51357473
51357479
51357491
51357497
51357499
51357533
51357541
51357557
51357587
51357623
51357653
51357659
51357673
51357701
51357727
51357737
51357743
51357751
51357769
51357841
51357853
51357881
51357899
51357937
51357941
51357947
51357949
51357983
51358001
51358019
51358031
51358049
51358051
51358067
51358081
51358091
51358127
51358129
51358133
51358141
51358163
51358189
51358243
51358253
51358267
51358301
51358303
51358313
51358327
51358393
51358397
51358409
51358421
51358427
51358441
51358457
51358459
51358477
51358487
51358499
51358561
51358579
51358583
51358589
51358591
51358597
51358621
51358633
51358663
51358667
51358709
51358711
51358721
51358763
51358781
51358789
51358799
51358817
51358829
51358831
51358837
51358841
51358861
51358873
51358883
51358891
51358897
51358933
51358973
51358981
51358987
51358991
51358999
51359017
51359027
51359041
51359047
51359083
51359089
51359093
51359131
51359149
51359167
51359179
51359197
51359233
51359237
51359267
51359309
51359311
51359333
51359351
51359359
51359381
51359393
51359411
51359417
51359419
51359443
51359461
51359531
51359543
51359563
51359569
51359573
51359629
51359639
51359683
51359699
51359701
51359731
51359747
51359779
51359797
51359837
51359849
51359863
51359879
51359923
51359939
51359947
51359977
51359981
51359993
51359999
51360011
51360013
51360019
51360041
51360047
51360061
51360079
51360119
51360121
51360157
51360161
51360187
51360203
51360223
51360227
51360241
51360251
51360269
51360293
51360299
51360301
51360313
51360319
51360347
51360359
51360367
51360377
51360427
51360437
51360467
51360493
51360497
51360499
51360523
51360527
51360539
51360559
51360563
51360571
51360593
51360599
51360607
51360611
51360623
51360637
51360643
51360677
51360697
51360709
51360713
51360779
51360797
51360809
51360833
51360839
51360853
51360871
51360901
51360919
51360923
51360929
51360937
51360941
51360949
51360973
51360979
51360997
51361003
51361019
51361021
51361027
51361031
51361033
51361043
51361087
51361091
51361129
51361153
51361157
51361169
51361181
51361183
51361201
51361223
51361229
51361243
51361253
51361273
51361279
51361309
51361333
51361337
51361363
51361367
51361379
51361411
51361417
51361423
51361433
51361469
51361481
51361483
51361489
51361493
51361501
51361511
51361537
51361543
51361547
51361549
51361577
51361589
51361591
51361621
51361649
51361657
51361703
51361747
51361753
51361757
51361763
51361799
51361847
51361859
51361861
51361901
51361903
51361907
51361993
51362057
51362063
51362089
51362093
51362107
51362119
51362147
51362159
51362177
51362191
51362203
51362209
51362231
51362239
51362249
51362251
51362293
51362303
51362317
51362329
51362341
51362351
51362357
51362371
51362407
51362413
51362417
51362447
51362471
51362477
51362501
51362513
51362537
51362543
51362573
51362579
51362599
51362621
51362659
51362693
51362699
51362711
51362723
51362743
51362747
51362789
51362813
51362819
51362821
51362827
51362849
51362851
51362903
51362911
51362917
51362923
51362953
51362959
51362977
51362999
51363007
51363017
51363029
51363041
51363043
51363047
51363073
51363077
51363079
51363101
51363107
51363121
51363127
51363161
51363173
51363197
51363211
51363229
51363233
51363241
51363253
51363269
51363329
51363331
51363337
51363391
51363407
51363427
51363451
51363461
51363467
51363469
51363491
51363503
51363523
51363539
51363541
51363551
51363569
51363581
51363617
51363673
51363677
51363721
51363751
51363787
51363791
51363797
51363877
51363889
51363913
51363967
51363989
51364003
51364039
51364051
51364057
51364067
51364069
51364073
51364081
51364097
51364099
51364109
51364111
51364127
51364147
51364153
51364171
51364193
51364211
51364237
51364273
51364283
51364297
51364309
51364321
51364331
51364337
51364351
51364393
51364409
51364421
51364433
51364447
51364493
51364499
51364519
51364549
51364567
51364583
51364609
51364631
51364639
51364739
51364741
51364763
51364787
51364793
51364801
51364811
51364853
51364889
51364909
51364921
51364933
51364949
51364979
51364981
51365011
51365033
51365059
51365107
51365137
51365159
51365161
51365179
51365183
51365191
51365201
51365221
51365261
51365291
51365299
51365309
51365311
51365389
51365401
51365411
51365423
51365437
51365443
51365473
51365513
51365539
51365557
51365581
51365593
51365621
51365659
51365663
51365707
51365711
51365719
51365723
51365737
51365749
51365753
51365767
51365771
51365773
51365777
51365803
51365807
51365827
51365833
51365861
51365869
51365887
51365893
51365903
51365927
51365933
51365947
51365999
51366011
51366023
51366041
51366053
51366067
51366103
51366109
51366121
51366137
51366143
51366151
51366173
51366181
51366229
51366239
51366247
51366251
51366257
51366269
51366281
51366379
51366433
51366451
51366457
51366461
51366517
51366529
51366559
51366587
51366599
51366611
51366647
51366649
51366661
51366677
51366691
51366713
51366737
51366769
51366773
51366781
51366787
51366829
51366853
51366857
51366881
51366901
51366919
51366923
51366929
51366977
51367003
51367021
51367037
51367039
51367049
51367067
51367079
51367087
51367109
51367117
51367133
51367139
51367153
51367163
51367171
51367187
51367189
51367213
51367243
51367247
51367259
51367291
51367321
51367343
51367357
51367367
51367373
51367391
51367397
51367411
51367453
51367457
51367483
51367541
51367543
51367549
51367567
51367571
51367607
51367609
51367637
51367661
51367669
51367681
51367703
51367709
51367733
51367741
51367751
51367753
51367769
51367777
51367801
51367807
51367831
51367871
51367919
51367949
51367969
51367973
51367997
51368011
51368017
51368021
51368027
51368047
51368059
51368063
51368081
51368087
51368111
51368137
51368201
51368243
51368279
51368281
51368299
51368311
51368327
51368329
51368347
51368351
51368357
51368363
51368377
51368393
51368411
51368413
51368417
51368479
51368497
51368503
51368507
51368549
51368587
51368633
51368641
51368651
51368659
51368663
51368671
51368677
51368689
51368693
51368711
51368741
51368749
51368797
51368843
51368851
51368857
51368861
51368869
51368879
51368887
51368921
51368923
51368927
51368929
51368939
51368963
51368971
51368983
51369001
51369007
51369029
51369049
51369083
51369089
51369107
51369119
51369127
51369169
51369181
51369203
51369229
51369233
51369239
51369319
51369323
51369361
51369371
51369379
51369401
51369403
51369413
51369457
51369473
51369491
51369517
51369541
51369547
51369553
51369581
51369587
51369601
51369623
51369677
51369719
51369739
51369751
51369757
51369763
51369781
51369797
51369823
51369827
51369841
51369953
51369959
51369961
51369973
51369979
51370009
51370021
51370043
51370051
51370093
51370127
51370147
51370157
51370159
51370169
51370183
51370199
51370211
51370213
51370217
51370237
51370273
51370301
51370321
51370343
51370349
51370391
51370399
51370427
51370469
51370507
51370511
51370537
51370567
51370589
51370603
51370607
51370633
51370639
51370717
51370729
51370747
51370783
51370819
51370829
51370849
51370867
51370897
51370901
51370931
51370933
51370981
51370987
51370993
51371039
51371051
51371053
51371057
51371063
51371069
51371081
51371083
51371129
51371137
51371149
51371171
51371179
51371183
51371189
51371191
51371227
51371249
51371279
51371303
51371311
51371317
51371323
51371339
51371347
51371381
51371387
51371393
51371431
51371461
51371471
51371521
51371533
51371539
51371549
51371563
51371597
51371599
51371641
51371659
51371669
51371693
51371741
51371783
51371791
51371797
51371833
51371851
51371863
51371869
51371891
51371897
51371899
51371911
51371921
51371923
51371927
51371941
51371951
51371981
51371993
51372007
51372019
51372023
51372031
51372059
51372077
51372089
51372107
51372119
51372131
51372149
51372157
51372203
51372227
51372241
51372247
51372289
51372323
51372329
51372331
51372341
51372353
51372359
51372403
51372469
51372473
51372481
51372527
51372533
51372557
51372571
51372577
51372641
51372647
51372649
51372653
51372683
51372709
51372743
51372757
51372773
51372779
51372781
51372787
51372799
51372817
51372857
51372863
51372883
51372889
51372901
51372907
51372911
51372913
51372931
51372967
51373009
51373013
51373033
51373037
51373039
51373061
51373067
51373081
51373087
51373111
51373139
51373177
51373183
51373193
51373213
51373253
51373277
51373307
51373327
51373331
51373339
51373349
51373363
51373373
51373391
51373393
51373403
51373409
51373423
51373447
51373457
51373459
51373477
51373481
51373499
51373573
51373577
51373583
51373627
51373633
51373639
51373661
51373669
51373717
51373757
51373759
51373769
51373787
51373793
51373799
51373807
51373811
51373831
51373841
51373849
51373873
51373897
51373919
51373921
51373939
51373997
51373999
51374003
51374021
51374027
51374033
51374047
51374053
51374077
51374087
51374123
51374137
51374143
51374173
51374201
51374263
51374269
51374273
51374287
51374291
51374299
51374303
51374311
51374317
51374321
51374329
51374333
51374339
51374369
51374371
51374381
51374419
51374473
51374507
51374509
51374513
51374549
51374591
51374597
51374621
51374623
51374633
51374641
51374647
51374669
51374671
51374717
51374767
51374779
51374797
51374821
51374831
51374891
51374933
51374941
51374957
51374959
51375001
51375013
51375041
51375047
51375053
51375083
51375101
51375119
51375127
51375151
51375157
51375197
51375199
51375217
51375251
51375263
51375271
51375281
51375287
51375299
51375329
51375341
51375347
51375361
51375383
51375397
51375403
51375421
51375431
51375451
51375461
51375469
51375521
51375523
51375539
51375551
51375593
51375613
51375641
51375659
51375661
51375689
51375703
51375707
51375749
51375763
51375769
51375781
51375799
51375803
51375809
51375811
51375823
51375851
51375913
51375937
51375949
51375967
51375971
51375979
51376007
51376037
51376049
51376067
51376093
51376109
51376111
51376177
51376189
51376211
51376219
51376223
51376231
51376249
51376277
51376291
51376327
51376333
51376349
51376373
51376417
51376421
51376439
51376447
51376469
51376483
51376489
51376519
51376531
51376537
51376543
51376547
51376561
51376571
51376573
51376631
51376667
51376673
51376681
51376691
51376723
51376727
51376783
51376789
51376811
51376847
51376877
51376879
51376883
51376891
51376901
51376909
51376937
51376943
51376957
51376987
51377003
51377057
51377069
51377071
51377089
51377093
51377099
51377107
51377143
51377149
51377153
51377171
51377173
51377177
51377191
51377203
51377219
51377231
51377237
51377243
51377267
51377269
51377317
51377321
51377341
51377363
51377399
51377401
51377419
51377429
51377449
51377453
51377461
51377467
51377479
51377483
51377507
51377527
51377537
51377549
51377563
51377569
51377593
51377611
51377657
51377671
51377681
51377693
51377737
51377743
51377771
51377773
51377789
51377803
51377813
51377827
51377857
51377863
51377873
51377891
51377897
51377903
51377917
51377933
51377947
51377959
51377969
51377971
51377981
51377983
51377987
51378001
51378017
51378023
51378101
51378143
51378149
51378157
51378167
51378179
51378181
51378221
51378259
51378269
51378277
51378293
51378307
51378317
51378319
51378323
51378391
51378433
51378443
51378449
51378469
51378491
51378493
51378497
51378529
51378541
51378553
51378559
51378581
51378583
51378589
51378601
51378611
51378623
51378659
51378667
51378671
51378673
51378689
51378713
51378737
51378763
51378773
51378779
51378799
51378823
51378827
51378853
51378881
51378919
51378949
51378961
51378967
51379061
51379073
51379087
51379093
51379099
51379123
51379129
51379169
51379177
51379187
51379189
51379201
51379231
51379259
51379267
51379277
51379291
51379297
51379301
51379331
51379333
51379381
51379397
51379399
51379409
51379451
51379469
51379481
51379483
51379487
51379511
51379547
51379567
51379571
51379577
51379579
51379613
51379621
51379649
51379651
51379673
51379681
51379693
51379709
51379733
51379759
51379771
51379777
51379787
51379813
51379817
51379829
51379837
51379841
51379849
51379859
51379871
51379877
51379879
51379897
51379901
51379919
51379921
51379957
51379997
51380023
51380029
51380033
51380039
51380057
51380059
51380081
51380107
51380111
51380149
51380159
51380167
51380179
