52887559
52887607
52887613
52887623
52887631
52887641
52887661
52887701
52887739
52887749
52887761
52887797
52887839
52887841
52887871
52887881
52887907
52887931
52887937
52887949
52887973
52888009
52888021
52888057
52888061
52888079
52888081
52888093
52888103
52888111
52888163
52888169
52888193
52888211
52888219
52888243
52888271
52888279
52888307
52888327
52888331
52888351
52888357
52888379
52888391
52888417
52888421
52888469
52888481
52888501
52888519
52888531
52888553
52888579
52888607
52888621
52888637
52888639
52888669
52888691
52888727
52888741
52888757
52888763
52888777
52888817
52888831
52888861
52888867
52888879
52888907
52888919
52888933
52888939
52888943
52888949
52888961
52888973
52888981
52888991
52888993
52889009
52889087
52889101
52889143
52889171
52889191
52889209
52889233
52889251
52889267
52889279
52889281
52889299
52889321
52889323
52889339
52889341
52889377
52889381
52889383
52889413
52889423
52889437
52889461
52889477
52889479
52889519
52889561
52889609
52889647
52889657
52889663
52889671
52889677
52889693
52889701
52889729
52889747
52889773
52889797
52889819
52889827
52889911
52889933
52889971
52889987
52890011
52890023
52890037
52890049
52890059
52890067
52890121
52890127
52890139
52890143
52890161
52890163
52890197
52890199
52890203
52890217
52890221
52890223
52890241
52890251
52890259
52890283
52890289
52890329
52890337
52890347
52890361
52890379
52890389
52890391
52890407
52890413
52890443
52890457
52890479
52890493
52890571
52890611
52890613
52890637
52890647
52890659
52890683
52890703
52890709
52890713
52890793
52890829
52890847
52890907
52890911
52890941
52890947
52890949
52890967
52890997
52891021
52891031
52891037
52891039
52891057
52891061
52891123
52891127
52891129
52891171
52891229
52891243
52891249
52891253
52891291
52891313
52891327
52891337
52891339
52891343
52891351
52891357
52891361
52891367
52891373
52891387
52891393
52891409
52891411
52891451
52891507
52891511
52891583
52891589
52891637
52891661
52891669
52891703
52891711
52891723
52891733
52891753
52891757
52891771
52891799
52891823
52891837
52891957
52891963
52891987
52892017
52892051
52892053
52892069
52892093
52892101
52892131
52892149
52892153
52892171
52892197
52892209
52892221
52892233
52892239
52892291
52892297
52892309
52892311
52892327
52892339
52892353
52892381
52892383
52892443
52892459
52892471
52892527
52892557
52892563
52892591
52892621
52892629
52892639
52892677
52892689
52892731
52892737
52892743
52892753
52892759
52892761
52892767
52892773
52892783
52892803
52892821
52892837
52892843
52892849
52892857
52892909
52892921
52892923
52892951
52892963
52892971
52892977
52892999
52893007
52893023
52893041
52893047
52893059
52893067
52893079
52893119
52893133
52893149
52893151
52893163
52893173
52893179
52893209
52893251
52893263
52893271
52893289
52893293
52893299
52893319
52893383
52893433
52893479
52893499
52893517
52893521
52893541
52893553
52893601
52893611
52893623
52893641
52893661
52893689
52893697
52893707
52893713
52893751
52893761
52893769
52893787
52893791
52893833
52893871
52893923
52893937
52893943
52893949
52893959
52894027
52894063
52894069
52894073
52894097
52894099
52894117
52894139
52894147
52894151
52894187
52894199
52894207
52894211
52894217
52894229
52894279
52894291
52894301
52894307
52894313
52894351
52894363
52894393
52894397
52894409
52894417
52894421
52894427
52894433
52894441
52894447
52894453
52894483
52894493
52894511
52894547
52894573
52894591
52894631
52894661
52894669
52894703
52894717
52894759
52894781
52894783
52894799
52894801
52894813
52894817
52894819
52894909
52894949
52894999
52895023
52895039
52895047
52895077
52895081
52895111
52895123
52895131
52895137
52895173
52895201
52895209
52895231
52895243
52895261
52895263
52895267
52895273
52895287
52895299
52895303
52895309
52895387
52895389
52895399
52895441
52895443
52895471
52895473
52895519
52895527
52895543
52895587
52895599
52895611
52895659
52895663
52895671
52895693
52895701
52895707
52895741
52895743
52895761
52895783
52895803
52895807
52895819
52895833
52895839
52895849
52895851
52895861
52895917
52895933
52895939
52895957
52895987
52895989
52896001
52896017
52896047
52896049
52896071
52896073
52896079
52896083
52896101
52896119
52896131
52896139
52896157
52896161
52896167
52896187
52896227
52896229
52896253
52896257
52896287
52896293
52896313
52896353
52896373
52896397
52896409
52896419
52896439
52896463
52896497
52896499
52896517
52896521
52896533
52896539
52896553
52896563
52896581
52896593
52896617
52896637
52896661
52896671
52896689
52896709
52896713
52896731
52896737
52896763
52896773
52896797
52896853
52896859
52896901
52896919
52896947
52896953
52896959
52896971
52896973
52896983
52896997
52897001
52897003
52897049
52897063
52897111
52897123
52897133
52897157
52897177
52897193
52897199
52897211
52897241
52897277
52897283
52897289
52897307
52897321
52897337
52897367
52897381
52897391
52897393
52897399
52897451
52897459
52897469
52897519
52897529
52897541
52897547
52897561
52897567
52897597
52897601
52897703
52897709
52897739
52897759
52897787
52897799
52897877
52897903
52897909
52897937
52897961
52897963
52897967
52897973
52898017
52898039
52898047
52898051
52898057
52898089
52898099
52898113
52898119
52898149
52898177
52898221
52898231
52898239
52898269
52898281
52898297
52898317
52898327
52898341
52898347
52898353
52898357
52898371
52898381
52898423
52898449
52898477
52898497
52898507
52898519
52898537
52898539
52898561
52898563
52898579
52898591
52898609
52898653
52898683
52898707
52898723
52898731
52898737
52898743
52898761
52898801
52898819
52898821
52898861
52898887
52898893
52898903
52898921
52898933
52898947
52898957
52898959
52899043
52899083
52899089
52899101
52899131
52899151
52899157
52899163
52899167
52899179
52899181
52899193
52899221
52899239
52899251
52899283
52899293
52899313
52899337
52899349
52899433
52899449
52899463
52899479
52899499
52899527
52899533
52899541
52899559
52899569
52899571
52899593
52899601
52899607
52899617
52899641
52899653
52899697
52899709
52899719
52899773
52899787
52899809
52899811
52899841
52899887
52899893
52899911
52899923
52899929
52899941
52899953
52899991
52899997
52900033
52900037
52900129
52900139
52900153
52900163
52900171
52900187
52900219
52900231
52900241
52900247
52900249
52900261
52900273
52900297
52900301
52900303
52900357
52900361
52900381
52900429
52900433
52900439
52900451
52900457
52900493
52900511
52900531
52900543
52900567
52900577
52900591
52900613
52900633
52900681
52900699
52900703
52900717
52900723
52900747
52900763
52900781
52900801
52900823
52900829
52900867
52900919
52900931
52900951
52900979
52901003
52901021
52901033
52901041
52901053
52901077
52901087
52901099
52901113
52901117
52901119
52901131
52901141
52901143
52901153
52901201
52901203
52901207
52901227
52901243
52901267
52901279
52901281
52901291
52901327
52901351
52901383
52901389
52901393
52901417
52901419
52901447
52901479
52901483
52901507
52901543
52901551
52901557
52901581
52901623
52901647
52901657
52901663
52901677
52901687
52901699
52901711
52901729
52901747
52901777
52901831
52901851
52901857
52901869
52901873
52901929
52901941
52901993
52902007
52902037
52902043
52902053
52902071
52902077
52902103
52902107
52902121
52902127
52902133
52902163
52902167
52902209
52902211
52902229
52902247
52902253
52902257
52902281
52902287
52902319
52902331
52902349
52902361
52902373
52902379
52902383
52902389
52902391
52902407
52902431
52902449
52902481
52902491
52902497
52902503
52902529
52902541
52902557
52902559
52902571
52902601
52902611
52902613
52902643
52902649
52902653
52902659
52902667
52902671
52902697
52902701
52902719
52902721
52902743
52902749
52902769
52902797
52902803
52902841
52902847
52902853
52902869
52902887
52902907
52902911
52902917
52902979
52903003
52903021
52903057
52903073
52903091
52903127
52903129
52903139
52903141
52903157
52903159
52903177
52903183
52903187
52903217
52903237
52903241
52903283
52903313
52903321
52903327
52903339
52903343
52903369
52903387
52903447
52903457
52903463
52903483
52903537
52903547
52903559
52903567
52903579
52903633
52903637
52903661
52903663
52903667
52903679
52903729
52903751
52903831
52903843
52903853
52903867
52903871
52903891
52903909
52903927
52903973
52904021
52904029
52904039
52904053
52904069
52904081
52904087
52904099
52904107
52904129
52904143
52904161
52904171
52904177
52904213
52904237
52904239
52904249
52904261
52904273
52904287
52904333
52904351
52904353
52904363
52904377
52904407
52904429
52904477
52904513
52904519
52904539
52904587
52904591
52904603
52904639
52904647
52904681
52904689
52904701
52904707
52904711
52904717
52904737
52904767
52904773
52904777
52904791
52904809
52904827
52904837
52904843
52904849
52904851
52904861
52904881
52904923
52904953
52904963
52904977
52904981
52904993
52905001
52905031
52905053
52905059
52905089
52905091
52905103
52905107
52905109
52905119
52905137
52905163
52905191
52905197
52905199
52905233
52905247
52905269
52905271
52905287
52905299
52905317
52905319
52905323
52905341
52905371
52905373
52905379
52905383
52905403
52905421
52905469
52905473
52905487
52905491
52905511
52905521
52905553
52905563
52905569
52905571
52905577
52905613
52905637
52905647
52905689
52905731
52905733
52905761
52905799
52905817
52905833
52905857
52905883
52905907
52905913
52905917
52905977
52905997
52906019
52906027
52906037
52906079
52906103
52906111
52906129
52906151
52906171
52906199
52906201
52906207
52906223
52906247
52906253
52906291
52906309
52906313
52906327
52906333
52906361
52906423
52906453
52906519
52906571
52906589
52906603
52906619
52906627
52906681
52906691
52906699
52906741
52906753
52906787
52906793
52906829
52906859
52906871
52906883
52906891
52906901
52906937
52906943
52906967
52906979
52906981
52906993
52907021
52907027
52907053
52907081
52907089
52907093
52907137
52907143
52907171
52907177
52907201
52907219
52907233
52907269
52907279
52907317
52907333
52907341
52907357
52907377
52907411
52907423
52907443
52907461
52907467
52907489
52907509
52907527
52907581
52907593
52907599
52907611
52907623
52907627
52907639
52907641
52907677
52907683
52907693
52907737
52907773
52907857
52907867
52907903
52907909
52907983
52908001
52908043
52908049
52908059
52908061
52908067
52908077
52908083
52908109
52908127
52908139
52908157
52908169
52908173
52908181
52908221
52908223
52908239
52908241
52908259
52908263
52908269
52908281
52908313
52908347
52908371
52908377
52908451
52908463
52908467
52908481
52908503
52908517
52908523
52908551
52908571
52908577
52908593
52908601
52908613
52908617
52908623
52908629
52908677
52908679
52908683
52908689
52908697
52908707
52908733
52908767
52908797
52908799
52908839
52908859
52908871
52908917
52908923
52908943
52908949
52908953
52908959
52908967
52909007
52909009
52909027
52909063
52909067
52909069
52909081
52909093
52909111
52909121
52909123
52909127
52909139
52909187
52909189
52909201
52909217
52909231
52909237
52909247
52909249
52909261
52909279
52909291
52909303
52909313
52909327
52909331
52909333
52909379
52909399
52909403
52909421
52909463
52909481
52909487
52909511
52909517
52909541
52909553
52909561
52909567
52909589
52909609
52909613
52909657
52909663
52909687
52909691
52909723
52909757
52909781
52909783
52909817
52909819
52909849
52909853
52909859
52909897
52909903
52909919
52909931
52909937
52909939
52909943
52909957
52909973
52909979
52909993
52910021
52910027
52910029
52910057
52910071
52910083
52910113
52910129
52910141
52910219
52910257
52910261
52910267
52910279
52910293
52910309
52910317
52910321
52910381
52910387
52910393
52910401
52910441
52910447
52910449
52910461
52910509
52910513
52910527
52910531
52910563
52910569
52910581
52910621
52910639
52910701
52910713
52910719
52910773
52910807
52910813
52910857
52910873
52910887
52910899
52910909
52910927
52910929
52910933
52910939
52910947
52910959
52910983
52910989
52911043
52911071
52911091
52911097
52911127
52911151
52911161
52911163
52911193
52911211
52911223
52911227
52911251
52911253
52911263
52911289
52911311
52911317
52911319
52911347
52911407
52911413
52911427
52911473
52911487
52911503
52911527
52911533
52911557
52911559
52911563
52911571
52911581
52911619
52911643
52911647
52911673
52911679
52911697
52911721
52911743
52911767
52911773
52911797
52911809
52911829
52911839
52911841
52911847
52911869
52911889
52911893
52911913
52911953
52911959
52911997
52912021
52912039
52912043
52912049
52912051
52912087
52912091
52912117
52912127
52912141
52912147
52912151
52912159
52912187
52912199
52912217
52912241
52912243
52912261
52912333
52912361
52912373
52912393
52912399
52912411
52912421
52912423
52912441
52912451
52912471
52912477
52912481
52912487
52912493
52912499
52912507
52912529
52912597
52912637
52912649
52912697
52912711
52912729
52912757
52912759
52912763
52912787
52912801
52912819
52912841
52912859
52912861
52912879
52912883
52912901
52912913
52912931
52912933
52912943
52912957
52912961
52912973
52912987
52912999
52913009
52913039
52913051
52913089
52913111
52913137
52913149
52913171
52913191
52913221
52913227
52913257
52913321
52913339
52913353
52913387
52913417
52913431
52913447
52913467
52913477
52913507
52913513
52913519
52913551
52913569
52913573
52913591
52913611
52913629
52913633
52913659
52913669
52913671
52913677
52913687
52913699
52913701
52913713
52913743
52913753
52913771
52913789
52913797
52913801
52913837
52913849
52913891
52913897
52913929
52913933
52913969
52913989
52914079
52914097
52914101
52914133
52914139
52914161
52914163
52914167
52914187
52914223
52914229
52914247
52914289
52914307
52914311
52914317
52914331
52914341
52914349
52914359
52914371
52914391
52914401
52914419
52914439
52914457
52914461
52914481
52914493
52914517
52914529
52914541
52914571
52914583
52914599
52914611
52914619
52914643
52914661
52914671
52914679
52914689
52914731
52914733
52914749
52914751
52914767
52914787
52914793
52914871
52914889
52914893
52914913
52914919
52914929
52914947
52914959
52914971
52914977
52914989
52915007
52915013
52915063
52915087
52915127
52915129
52915151
52915199
52915211
52915267
52915277
52915283
52915309
52915319
52915333
52915363
52915397
52915411
52915417
52915427
52915477
52915483
52915547
52915553
52915567
52915591
52915607
52915613
52915619
52915637
52915649
52915669
52915699
52915721
52915727
52915763
52915769
52915799
52915829
52915867
52915879
52915901
52915909
52915921
52915927
52915949
52915963
52915991
52916027
52916033
52916041
52916047
52916051
52916063
52916099
52916111
52916153
52916173
52916191
52916203
52916209
52916231
52916239
52916249
52916251
52916267
52916293
52916309
52916317
52916321
52916323
52916417
52916447
52916449
52916467
52916477
52916489
52916579
52916581
52916593
52916599
52916603
52916663
52916681
52916683
52916711
52916713
52916723
52916749
52916777
52916803
52916827
52916839
52916849
52916891
52916917
52916921
52916947
52916953
52916987
52916989
52916999
52917001
52917013
52917017
52917023
52917037
52917049
52917061
52917079
52917097
52917103
52917113
52917119
52917121
52917131
52917143
52917149
52917157
52917169
52917191
52917259
52917269
52917313
52917331
52917349
52917367
52917377
52917407
52917419
52917421
52917427
52917433
52917443
52917467
52917517
52917521
52917523
52917539
52917587
52917643
52917661
52917701
52917727
52917737
52917743
52917751
52917763
52917827
52917841
52917857
52917859
52917863
52917929
52917941
52917947
52917959
52917973
52917989
52918043
52918051
52918081
52918087
52918109
52918111
52918121
52918133
52918139
52918163
52918169
52918181
52918189
52918199
52918219
52918223
52918259
52918267
52918291
52918319
52918343
52918351
52918361
52918373
52918379
52918391
52918429
52918471
52918513
52918571
52918601
52918609
52918639
52918687
52918717
52918721
52918729
52918799
52918847
52918871
52918907
52918913
52918919
52918937
52918951
52918961
52918967
52918973
52918979
52918981
52918993
52919063
52919071
52919081
52919089
52919101
52919149
52919183
52919189
52919221
52919239
52919261
52919291
52919303
52919323
52919333
52919341
52919357
52919371
52919393
52919407
52919411
52919413
52919423
52919437
52919467
52919483
52919491
52919501
52919507
52919549
52919591
52919593
52919621
52919639
52919653
52919683
52919687
52919689
52919707
52919717
52919719
52919729
52919747
52919761
52919777
52919813
52919819
52919837
52919843
52919851
52919857
52919863
52919869
52919891
52919899
52919903
52919927
52919957
52919969
52919981
52920037
52920083
52920089
52920103
52920107
52920113
52920137
52920163
52920169
52920173
52920191
52920209
52920239
52920247
52920251
52920281
52920289
52920293
52920313
52920349
52920359
52920383
52920403
52920421
52920431
52920451
52920509
52920533
52920577
52920587
52920601
52920613
52920617
52920629
52920641
52920649
52920653
52920661
52920683
52920697
52920739
52920761
52920859
52920877
52920887
52920893
52920941
52920971
52920979
52920991
52920997
52921007
52921019
52921021
52921039
52921067
52921069
52921093
52921097
52921103
52921109
52921111
52921117
52921139
52921147
52921181
52921207
52921217
52921241
52921243
52921279
52921307
52921333
52921361
52921397
52921399
52921409
52921411
52921439
52921457
52921499
52921501
52921513
52921537
52921541
52921553
52921559
52921567
52921579
52921591
52921621
52921633
52921637
52921639
52921651
52921667
52921711
52921733
52921741
52921747
52921751
52921753
52921763
52921769
52921787
52921793
52921801
52921807
52921819
52921823
52921837
52921853
52921903
52921907
52921927
52921933
52921943
52922017
52922029
52922033
52922039
52922041
52922069
52922083
52922101
52922117
52922119
52922147
52922171
52922203
52922213
52922227
52922251
52922273
52922279
52922281
52922341
52922347
52922357
52922369
52922393
52922399
52922417
52922437
52922447
52922449
52922459
52922483
52922537
52922561
52922579
52922599
52922621
52922629
52922641
52922663
52922699
52922707
52922713
52922719
52922729
52922731
52922743
52922773
52922803
52922813
52922827
52922843
52922851
52922861
52922869
52922873
52922897
52922899
52922911
52922927
52922953
52922957
52922959
52922971
52923001
52923011
52923019
52923071
52923077
52923089
52923137
52923139
52923197
52923217
52923229
52923257
52923263
52923271
52923301
52923307
52923317
52923371
52923383
52923473
52923523
52923553
52923557
52923571
52923587
52923589
52923593
52923643
52923671
52923707
52923719
52923749
52923763
52923779
52923781
52923809
52923823
52923847
52923859
52923883
52923887
52923901
52923919
52923947
52923967
52923973
52923977
52923979
52923991
52924007
52924031
52924033
52924057
52924061
52924129
52924147
52924163
52924199
52924237
52924241
52924243
52924259
52924273
52924283
52924301
52924321
52924337
52924363
52924373
52924429
52924433
52924441
52924457
52924463
52924477
52924499
52924511
52924513
52924517
52924537
52924559
52924561
52924579
52924591
52924609
52924631
52924639
52924649
52924693
52924717
52924721
52924801
52924831
52924847
52924853
52924889
52924897
52924901
52924903
52924939
52924951
52924957
52924969
52924999
52925011
52925017
52925021
52925027
52925053
52925069
52925071
52925083
52925099
52925113
52925123
52925129
52925143
52925161
52925167
52925209
52925221
52925227
52925239
52925263
52925273
52925291
52925297
52925309
52925329
52925333
52925347
52925351
52925359
52925387
52925399
52925407
52925413
52925423
52925449
52925479
52925533
52925591
52925617
52925633
52925683
52925693
52925729
52925753
52925759
52925767
52925771
52925801
52925837
52925893
52925903
52925911
52925927
52925989
52926007
52926017
52926053
52926061
52926103
52926143
52926161
52926179
52926193
52926221
52926233
52926257
52926271
52926281
52926283
52926301
52926319
52926347
52926359
52926407
52926413
52926437
52926451
52926469
52926499
52926521
52926529
52926547
52926553
52926581
52926617
52926623
52926659
52926677
52926683
52926691
52926707
52926719
52926721
52926743
52926793
52926817
52926821
52926847
52926871
52926893
52926901
52926911
52926917
52926961
52926977
52927003
52927009
52927037
52927081
52927087
52927097
52927099
52927129
52927139
52927151
52927181
52927201
52927211
52927213
52927223
52927243
52927247
52927283
52927289
52927297
52927319
52927339
52927363
52927379
52927397
52927403
52927411
52927417
52927421
52927423
52927429
52927471
52927481
52927487
52927493
52927507
52927517
52927529
52927573
52927607
52927627
52927663
52927691
52927717
52927727
52927753
52927769
52927801
52927829
52927841
52927877
52927907
52927909
52927913
52927921
52927933
52927949
52927951
52927981
52927999
52928009
52928017
52928023
52928027
52928039
52928077
52928081
52928087
52928107
52928137
52928149
52928153
52928159
52928173
52928207
52928231
52928233
52928261
52928263
52928269
52928273
52928279
52928333
52928339
52928347
52928371
52928383
52928387
52928401
52928411
52928413
52928453
52928461
52928489
52928521
52928549
52928573
52928587
52928597
52928639
52928669
52928693
52928753
52928761
52928767
52928789
52928791
52928797
52928801
52928807
52928809
52928839
52928849
52928881
52928891
52928921
52928929
52928933
52928969
52928971
52928987
52928989
52929011
52929043
52929053
52929061
52929083
52929119
52929127
52929133
52929157
52929199
52929209
52929221
52929223
52929241
52929251
52929257
52929323
52929329
52929341
52929367
52929377
52929389
52929403
52929413
52929433
52929491
52929521
52929533
52929559
52929593
52929607
52929623
52929631
52929641
52929673
52929677
52929691
52929703
52929749
52929769
52929781
52929787
52929809
52929829
52929871
52929889
52929907
52929913
52929931
52929937
52929973
52929977
52930001
52930019
52930043
52930099
52930109
52930123
52930147
52930159
52930211
52930223
52930243
52930259
52930261
52930277
52930289
52930321
52930331
52930343
52930349
52930351
52930403
52930417
52930433
52930453
52930457
52930459
52930477
52930487
52930489
52930499
52930519
52930529
52930531
52930543
52930583
52930607
52930627
52930643
52930649
52930667
52930687
52930697
52930723
52930739
52930747
52930753
52930763
52930769
52930799
52930811
52930849
52930853
52930901
52930931
52930939
52930951
52930961
52930963
52930967
52930973
52930987
52930991
52931023
52931063
52931069
52931077
52931101
52931107
52931147
52931159
52931173
52931233
52931243
52931269
52931297
52931299
52931327
52931357
52931363
52931377
52931383
52931393
52931401
52931443
52931561
52931563
52931609
52931611
52931621
52931629
52931647
52931651
52931657
52931687
52931741
52931759
52931797
52931831
52931843
52931887
52931899
52931927
52931933
52931939
52931951
52931959
52931969
52931971
52932007
52932013
52932017
52932023
52932029
52932031
52932041
52932049
52932053
52932071
52932073
52932083
52932091
52932109
52932167
52932179
52932197
52932239
52932247
52932259
52932281
52932287
52932301
52932329
52932331
52932359
52932367
52932377
52932409
52932413
52932419
52932427
52932433
52932443
52932463
52932493
52932497
52932563
52932587
52932589
52932601
52932623
52932629
52932647
52932653
52932667
52932709
52932749
52932757
52932767
52932769
52932773
52932799
52932809
52932851
52932863
52932889
52932911
52932931
52932941
52932947
52932949
52932953
52932967
52932991
52933037
52933057
52933099
52933117
52933141
52933147
52933187
52933229
52933241
52933253
52933271
52933289
52933313
52933351
52933367
52933369
52933423
52933429
52933453
52933457
52933459
52933477
52933483
52933493
52933537
52933547
52933571
52933577
52933619
52933633
52933637
52933651
52933663
52933667
52933669
52933681
52933691
52933693
52933711
52933723
52933739
52933757
52933759
52933763
52933799
52933807
52933813
52933843
52933847
52933849
52933883
52933897
52933901
52933913
52933919
52933921
52933927
52933949
52933987
52934003
52934009
52934023
52934027
52934051
52934071
52934083
52934093
52934099
52934111
52934113
52934117
52934129
52934149
52934183
52934207
52934213
52934237
52934257
52934261
52934279
52934317
52934347
52934353
52934359
52934363
52934369
52934381
52934443
52934449
52934467
52934501
52934507
52934509
52934527
52934533
52934543
52934573
52934579
52934647
52934653
52934659
52934663
52934669
52934671
52934699
52934729
52934747
52934759
52934771
52934801
52934803
52934809
52934839
52934857
52934897
52934899
52934929
52934951
52934971
52935017
52935067
52935097
52935101
52935119
52935137
52935139
52935143
52935151
52935173
52935187
52935191
52935199
52935209
52935269
52935283
52935313
52935317
52935329
52935343
52935359
52935367
52935371
52935401
52935457
52935473
52935497
52935521
52935529
52935559
52935563
52935587
52935593
52935607
52935613
52935661
52935679
52935689
52935721
52935733
52935749
52935761
52935763
52935769
52935781
52935809
52935821
52935833
52935853
52935859
52935889
52935893
52935899
52935901
52935913
52935917
52935929
52935931
52935973
52935979
52935997
52936057
52936061
52936063
52936111
52936141
52936153
52936199
52936201
52936229
52936237
52936259
52936277
52936333
52936357
52936361
52936379
52936417
52936421
52936427
52936439
52936441
52936459
52936463
52936469
52936519
52936537
52936553
52936567
52936579
52936591
52936601
52936643
52936649
52936673
52936703
52936727
52936729
52936739
52936757
52936783
52936799
52936813
52936817
52936843
52936847
52936853
52936883
52936921
52936951
52936957
52936967
52936979
52936991
52937009
52937011
52937039
52937051
52937069
52937107
52937123
52937141
52937179
52937197
52937221
52937233
52937263
52937293
52937321
52937323
52937327
52937333
52937351
52937389
52937393
52937399
52937431
52937461
52937471
52937503
52937531
52937543
52937551
52937561
52937567
52937581
52937587
52937597
52937603
52937611
52937617
52937627
52937641
52937659
52937669
52937707
52937723
52937737
52937741
52937749
52937771
52937867
52937869
52937887
52937891
52937893
52937897
52937903
52937917
52937939
52937977
52938023
52938029
52938059
52938071
52938073
52938091
52938101
52938131
52938169
52938181
52938191
52938209
52938217
52938227
52938251
52938269
52938271
52938287
52938293
52938317
52938329
52938331
52938349
52938371
52938373
52938397
52938401
52938407
52938419
52938439
52938451
52938469
52938511
52938521
52938539
52938551
52938563
52938569
52938619
52938671
52938689
52938703
52938707
52938727
52938827
52938839
52938841
52938857
52938859
52938923
52938929
52938937
52938961
52938973
52938983
52939027
52939079
52939093
52939097
52939109
52939151
52939153
52939157
52939177
52939189
52939223
52939259
52939273
52939283
52939291
52939333
52939349
52939357
52939379
52939391
52939417
52939441
52939457
52939463
52939477
52939507
52939519
52939541
52939561
52939573
52939577
52939591
52939609
52939639
52939669
52939699
52939727
52939753
52939759
52939919
52939927
52939949
52939967
52939969
52939987
52940003
52940021
52940039
52940047
52940053
52940071
52940149
52940179
52940197
52940203
52940233
52940291
52940297
52940299
52940311
52940317
52940323
52940351
52940359
52940383
52940413
52940453
52940473
52940483
52940491
52940539
52940603
52940609
52940617
52940621
52940639
52940677
52940729
52940731
52940761
52940801
52940813
52940827
52940843
52940879
52940887
52940893
52940911
52940939
52940947
52940959
52940977
52940983
52940989
52940999
52941001
52941013
52941017
52941059
52941061
52941067
52941089
52941103
52941131
52941143
52941157
52941169
52941173
52941181
52941197
52941227
52941241
52941263
52941311
52941313
52941319
52941337
52941359
52941367
52941403
52941433
52941439
52941461
52941463
52941479
52941503
52941547
52941569
52941667
52941677
52941683
52941737
52941751
52941767
52941773
52941793
52941797
52941817
52941827
52941829
52941851
52941871
52941887
52941899
52941919
52941937
52941943
52941971
52941983
52941989
52941991
52942007
52942033
52942049
52942051
52942061
52942091
52942093
52942121
52942129
52942133
52942171
52942223
52942229
52942247
52942271
52942361
52942381
52942397
52942399
52942453
52942469
52942517
52942537
52942553
52942559
52942567
52942579
52942583
52942609
52942613
52942627
52942657
52942679
52942741
52942751
52942753
52942763
52942787
52942789
52942817
52942837
52942853
52942859
52942861
52942907
52942909
52942963
52942973
52942997
52942999
52943039
52943047
52943113
52943129
52943141
52943173
52943201
52943203
52943221
52943227
52943243
52943251
52943269
52943327
52943347
52943377
52943393
52943399
52943413
52943419
52943441
52943453
52943461
52943477
52943489
52943497
52943503
52943507
52943533
52943537
52943549
52943563
52943581
52943599
52943617
52943623
52943651
52943663
52943699
52943701
52943717
52943731
52943749
52943783
52943801
52943819
52943837
52943881
52943903
52943927
52943941
52943959
52943963
52943971
52943981
52943987
52944019
52944029
52944037
52944071
52944097
52944107
52944109
52944119
52944121
52944131
52944139
52944167
52944173
52944179
52944211
52944247
52944251
52944293
52944371
52944377
52944379
52944383
52944391
52944439
52944449
52944499
52944533
52944581
52944589
52944599
52944611
52944623
52944631
52944667
52944707
52944709
52944713
52944757
52944761
52944763
52944779
52944791
52944797
52944803
52944809
52944839
52944847
52944863
52944877
52944901
52944937
52944967
52944971
52944977
52945019
52945027
52945031
52945033
52945037
52945043
52945069
52945073
52945099
52945141
52945147
52945159
52945181
52945183
52945223
52945273
52945297
52945301
52945313
52945331
52945349
52945351
52945369
52945421
52945447
52945493
52945549
52945553
52945559
52945567
52945579
52945601
52945603
52945649
52945661
52945663
52945681
52945691
52945693
52945729
52945751
52945757
52945759
52945777
52945787
52945813
52945819
52945831
52945843
52945901
52945903
52945933
52945957
52945961
52945969
52945999
52946009
52946021
52946051
52946063
52946071
52946077
52946087
52946093
52946123
52946137
52946197
52946203
52946219
52946239
52946273
52946323
52946339
52946363
52946479
52946507
52946513
52946557
52946567
52946587
52946591
52946599
52946603
52946609
52946627
52946633
52946651
52946701
52946731
52946737
52946809
52946869
52946879
52946893
52946899
52946903
52946909
52946911
52946921
52946969
52946981
52947007
52947017
52947019
52947029
52947049
52947067
52947071
52947107
52947109
52947137
52947149
52947161
52947203
52947211
52947221
52947227
52947229
52947263
52947269
52947283
52947313
52947337
52947341
52947361
52947373
52947379
52947383
52947409
52947421
52947467
52947511
52947551
52947581
52947593
52947607
52947637
52947641
52947647
52947701
52947743
52947751
52947761
52947767
52947781
52947787
52947793
52947827
52947847
52947857
52947859
52947883
52947893
52947899
52947929
52947931
52947989
52948009
52948043
52948057
52948067
52948069
52948087
52948099
52948109
52948121
52948123
52948151
52948153
52948163
52948169
52948177
52948213
52948223
52948237
52948243
52948303
52948331
52948333
52948339
52948361
52948373
52948381
52948393
52948411
52948417
52948457
52948471
52948499
52948501
52948513
52948529
52948531
52948561
52948583
52948613
52948619
52948631
52948657
52948661
52948669
52948697
52948703
52948717
52948733
52948741
52948769
52948787
52948799
52948807
52948849
52948873
52948879
52948891
52948913
52948943
52948963
52948969
52948979
52948997
52949009
52949011
52949027
52949047
52949051
52949167
52949179
52949189
52949191
52949227
52949231
52949249
52949251
52949261
52949287
52949291
52949311
52949329
52949341
52949353
52949359
52949411
52949417
52949419
52949431
52949437
52949443
52949459
52949471
52949531
52949537
52949539
52949551
52949557
52949569
52949579
52949623
52949629
52949639
52949651
52949669
52949707
52949717
52949719
52949723
52949731
52949759
52949773
52949779
52949783
52949791
52949797
52949801
52949821
52949837
52949843
52949851
52949863
52949867
52949881
52949909
52949929
52949959
52949971
52949989
52949993
52950031
52950047
52950083
52950101
52950103
52950109
52950151
52950173
52950179
52950181
52950187
52950197
52950203
52950217
52950221
52950253
52950269
52950277
52950281
52950299
52950349
52950371
52950383
52950389
52950409
52950413
52950421
52950437
52950463
52950479
52950493
52950503
52950509
52950533
52950539
52950641
52950643
52950647
52950649
52950659
52950679
52950683
52950691
52950719
52950731
52950773
52950809
52950823
52950827
52950841
52950871
52950893
52950917
52950923
52950949
52950973
52950977
52950979
52951027
52951057
52951097
52951099
52951109
52951123
52951139
52951147
52951153
52951163
52951183
52951231
52951247
52951259
52951279
52951289
52951291
52951319
52951331
52951333
52951391
52951397
52951417
52951421
52951429
52951439
52951489
52951501
52951513
52951517
52951519
52951523
52951531
52951559
52951607
52951637
52951663
52951697
52951739
52951747
52951757
52951763
52951771
52951777
52951781
52951817
52951831
52951837
52951849
52951891
52951897
52951901
52951907
52951933
52951949
52951967
52951979
52951981
52952051
52952077
52952111
52952113
52952129
52952149
52952167
52952171
52952191
52952201
52952213
52952219
52952261
52952287
52952293
52952299
52952303
52952321
52952329
52952351
52952377
52952407
52952437
52952447
52952461
52952519
52952531
52952561
52952567
52952573
52952629
52952659
52952687
52952699
52952701
52952747
52952789
52952833
52952849
52952857
52952863
52952873
52952881
52952891
52952897
52952899
52952903
52952917
52952983
52952993
52953001
52953041
52953077
