53280779
53280781
53280793
53280797
53280823
53280841
53280881
53280889
53280919
53280923
53280943
53280967
53280989
53281001
53281031
53281069
53281093
53281117
53281139
53281141
53281153
53281177
53281223
53281279
53281289
53281309
53281321
53281337
53281367
53281379
53281387
53281411
53281447
53281457
53281469
53281507
53281511
53281523
53281531
53281537
53281573
53281583
53281607
53281633
53281693
53281717
53281721
53281727
53281733
53281763
53281769
53281771
53281793
53281799
53281819
53281829
53281831
53281849
53281883
53281913
53281939
53281979
53281981
53281993
53281997
53282039
53282071
53282081
53282093
53282107
53282111
53282129
53282153
53282231
53282239
53282279
53282293
53282297
53282323
53282347
53282357
53282363
53282371
53282407
53282413
53282417
53282423
53282429
53282477
53282501
53282507
53282527
53282563
53282569
53282591
53282617
53282653
53282659
53282681
53282687
53282689
53282693
53282729
53282767
53282771
53282791
53282807
53282813
53282837
53282839
53282843
53282851
53282863
53282941
53282953
53282969
53282987
53282989
53282993
53283047
53283053
53283059
53283107
53283119
53283127
53283161
53283193
53283199
53283221
53283259
53283271
53283311
53283331
53283337
53283359
53283371
53283379
53283401
53283403
53283409
53283437
53283449
53283463
53283473
53283551
53283563
53283577
53283599
53283611
53283613
53283623
53283673
53283679
53283689
53283691
53283707
53283731
53283743
53283793
53283803
53283829
53283859
53283883
53283913
53283917
53283929
53283953
53283973
53283983
53284003
53284043
53284057
53284061
53284079
53284093
53284129
53284141
53284159
53284163
53284199
53284207
53284237
53284241
53284249
53284271
53284277
53284313
53284321
53284367
53284373
53284393
53284411
53284421
53284433
53284453
53284457
53284471
53284487
53284499
53284507
53284573
53284591
53284633
53284661
53284667
53284669
53284703
53284709
53284739
53284741
53284787
53284799
53284801
53284853
53284867
53284879
53284883
53284897
53284901
53284909
53284927
53284937
53284967
53284993
53284999
53285017
53285039
53285047
53285051
53285059
53285077
53285081
53285119
53285129
53285131
53285137
53285159
53285161
53285179
53285203
53285207
53285237
53285317
53285321
53285339
53285347
53285389
53285399
53285417
53285431
53285447
53285459
53285461
53285473
53285483
53285501
53285509
53285521
53285537
53285581
53285591
53285593
53285597
53285623
53285629
53285651
53285653
53285657
53285663
53285699
53285707
53285717
53285719
53285759
53285761
53285777
53285783
53285797
53285801
53285819
53285821
53285833
53285851
53285863
53285867
53285873
53285887
53285891
53285923
53285929
53285933
53285959
53285977
53285983
53286029
53286043
53286049
53286061
53286071
53286119
53286133
53286157
53286173
53286197
53286199
53286209
53286217
53286221
53286223
53286227
53286229
53286269
53286283
53286301
53286307
53286319
53286323
53286371
53286379
53286383
53286397
53286413
53286419
53286437
53286439
53286451
53286473
53286481
53286487
53286491
53286521
53286539
53286559
53286577
53286587
53286599
53286631
53286647
53286671
53286679
53286683
53286719
53286763
53286797
53286803
53286809
53286817
53286829
53286851
53286859
53286869
53286907
53286917
53286973
53286979
53286997
53287037
53287093
53287103
53287111
53287139
53287147
53287183
53287187
53287189
53287211
53287253
53287261
53287279
53287307
53287327
53287337
53287361
53287369
53287379
53287427
53287439
53287441
53287453
53287459
53287483
53287489
53287513
53287517
53287541
53287583
53287589
53287601
53287603
53287607
53287643
53287649
53287651
53287669
53287691
53287693
53287699
53287721
53287727
53287753
53287789
53287813
53287859
53287867
53287891
53287907
53287919
53287957
53287961
53287963
53287967
53287999
53288009
53288063
53288077
53288111
53288117
53288129
53288143
53288153
53288173
53288189
53288227
53288231
53288237
53288243
53288273
53288281
53288327
53288351
53288357
53288359
53288363
53288371
53288381
53288393
53288413
53288491
53288497
53288503
53288507
53288519
53288593
53288603
53288611
53288629
53288633
53288657
53288663
53288687
53288699
53288713
53288771
53288773
53288777
53288803
53288821
53288827
53288831
53288849
53288857
53288869
53288881
53288891
53288899
53288909
53288923
53288927
53288933
53288941
53288947
53288951
53288959
53288981
53289011
53289013
53289029
53289059
53289077
53289079
53289107
53289109
53289127
53289133
53289143
53289157
53289163
53289179
53289193
53289209
53289227
53289241
53289251
53289283
53289289
53289307
53289311
53289347
53289377
53289409
53289461
53289479
53289487
53289497
53289503
53289521
53289541
53289563
53289631
53289647
53289659
53289697
53289739
53289757
53289767
53289787
53289793
53289829
53289853
53289871
53289881
53289893
53289913
53289931
53289937
53289941
53289947
53289967
53289979
53289983
53289997
53290021
53290031
53290043
53290049
53290063
53290099
53290109
53290141
53290163
53290169
53290177
53290183
53290207
53290213
53290267
53290301
53290309
53290357
53290411
53290417
53290423
53290451
53290469
53290513
53290537
53290543
53290577
53290613
53290639
53290651
53290663
53290681
53290691
53290697
53290703
53290709
53290711
53290723
53290753
53290781
53290789
53290799
53290813
53290849
53290871
53290873
53290879
53290921
53290957
53290961
53290973
53290987
53291011
53291027
53291033
53291041
53291047
53291059
53291087
53291089
53291111
53291123
53291149
53291159
53291167
53291171
53291177
53291179
53291237
53291261
53291269
53291291
53291309
53291317
53291323
53291327
53291339
53291347
53291363
53291377
53291389
53291411
53291417
53291453
53291471
53291477
53291519
53291521
53291543
53291551
53291587
53291593
53291597
53291611
53291633
53291639
53291657
53291669
53291683
53291723
53291731
53291737
53291743
53291761
53291773
53291779
53291783
53291801
53291807
53291813
53291831
53291839
53291869
53291873
53291911
53291929
53291933
53291947
53291963
53291999
53292023
53292037
53292047
53292049
53292067
53292073
53292079
53292119
53292133
53292137
53292143
53292157
53292167
53292181
53292199
53292203
53292233
53292257
53292271
53292277
53292289
53292293
53292299
53292301
53292377
53292427
53292439
53292443
53292559
53292583
53292601
53292619
53292643
53292647
53292653
53292667
53292731
53292737
53292761
53292787
53292821
53292901
53292919
53292949
53292959
53292973
53292991
53292997
53293049
53293063
53293067
53293069
53293087
53293091
53293099
53293129
53293151
53293189
53293193
53293223
53293237
53293241
53293259
53293267
53293307
53293313
53293337
53293349
53293363
53293379
53293397
53293417
53293463
53293483
53293489
53293501
53293519
53293543
53293547
53293601
53293627
53293633
53293649
53293679
53293693
53293717
53293733
53293739
53293741
53293753
53293763
53293777
53293781
53293831
53293847
53293853
53293859
53293883
53293897
53293901
53293913
53293937
53293957
53293987
53294009
53294027
53294039
53294041
53294081
53294089
53294093
53294123
53294147
53294149
53294159
53294173
53294237
53294249
53294251
53294261
53294273
53294299
53294321
53294327
53294341
53294369
53294377
53294387
53294399
53294401
53294429
53294459
53294477
53294491
53294497
53294513
53294533
53294551
53294557
53294561
53294567
53294603
53294617
53294623
53294669
53294687
53294693
53294699
53294701
53294707
53294723
53294737
53294777
53294783
53294803
53294809
53294831
53294869
53294873
53294897
53294909
53294947
53294951
53294959
53294971
53294999
53295007
53295023
53295041
53295043
53295049
53295061
53295079
53295089
53295097
53295101
53295139
53295149
53295161
53295167
53295181
53295199
53295233
53295239
53295251
53295271
53295283
53295313
53295337
53295343
53295353
53295397
53295401
53295413
53295419
53295457
53295461
53295469
53295497
53295499
53295521
53295559
53295607
53295611
53295617
53295637
53295667
53295713
53295733
53295751
53295757
53295763
53295787
53295829
53295841
53295871
53295929
53295943
53295953
53295961
53295967
53295989
53296013
53296027
53296051
53296091
53296093
53296097
53296123
53296141
53296147
53296157
53296181
53296189
53296193
53296211
53296237
53296247
53296253
53296277
53296297
53296303
53296333
53296339
53296357
53296361
53296367
53296447
53296469
53296483
53296489
53296511
53296517
53296549
53296559
53296561
53296583
53296601
53296603
53296619
53296667
53296673
53296709
53296721
53296723
53296741
53296753
53296787
53296811
53296813
53296829
53296847
53296871
53296877
53296879
53296891
53296937
53296939
53296951
53296961
53296979
53297009
53297011
53297047
53297053
53297059
53297063
53297087
53297137
53297149
53297161
53297173
53297177
53297191
53297197
53297203
53297243
53297263
53297269
53297287
53297297
53297323
53297341
53297359
53297369
53297411
53297423
53297437
53297459
53297477
53297507
53297513
53297539
53297611
53297617
53297623
53297639
53297653
53297677
53297681
53297707
53297749
53297753
53297789
53297813
53297819
53297821
53297833
53297837
53297843
53297861
53297879
53297927
53297929
53297939
53297947
53297987
53297989
53298029
53298053
53298127
53298131
53298151
53298163
53298169
53298197
53298221
53298227
53298251
53298253
53298257
53298263
53298283
53298293
53298307
53298353
53298361
53298379
53298397
53298409
53298419
53298437
53298449
53298461
53298467
53298473
53298481
53298523
53298559
53298563
53298569
53298571
53298589
53298599
53298601
53298631
53298643
53298671
53298683
53298691
53298709
53298727
53298769
53298787
53298829
53298863
53298877
53298899
53298901
53298937
53298967
53298977
53298989
53298997
53299039
53299067
53299069
53299087
53299091
53299093
53299109
53299157
53299159
53299193
53299201
53299217
53299229
53299241
53299321
53299327
53299333
53299339
53299343
53299381
53299387
53299399
53299409
53299423
53299451
53299469
53299481
53299507
53299511
53299531
53299559
53299567
53299601
53299621
53299637
53299643
53299663
53299667
53299681
53299691
53299699
53299703
53299723
53299751
53299759
53299781
53299783
53299789
53299793
53299817
53299837
53299853
53299867
53299871
53299891
53299903
53299931
53299933
53299963
53299969
53299973
53299991
53300003
53300011
53300047
53300059
53300081
53300119
53300161
53300167
53300171
53300183
53300201
53300207
53300213
53300251
53300279
53300297
53300311
53300323
53300333
53300353
53300383
53300393
53300411
53300413
53300441
53300447
53300449
53300473
53300479
53300483
53300497
53300531
53300537
53300539
53300549
53300573
53300647
53300657
53300671
53300677
53300701
53300707
53300713
53300743
53300759
53300771
53300789
53300803
53300827
53300839
53300851
53300893
53300903
53300917
53300939
53300941
53300957
53300981
53300993
53301019
53301041
53301047
53301067
53301071
53301119
53301139
53301151
53301167
53301173
53301179
53301181
53301187
53301197
53301203
53301211
53301229
53301253
53301293
53301329
53301359
53301371
53301377
53301383
53301397
53301427
53301433
53301463
53301481
53301491
53301509
53301527
53301533
53301539
53301551
53301559
53301569
53301583
53301587
53301601
53301637
53301653
53301671
53301701
53301737
53301751
53301757
53301769
53301799
53301823
53301847
53301863
53301869
53301877
53301883
53301889
53301893
53301907
53301929
53301931
53301959
53301961
53301967
53301977
53301991
53302031
53302061
53302079
53302103
53302111
53302127
53302159
53302219
53302231
53302289
53302307
53302309
53302313
53302321
53302343
53302363
53302369
53302393
53302399
53302409
53302427
53302433
53302481
53302489
53302507
53302519
53302537
53302541
53302553
53302597
53302651
53302663
53302679
53302687
53302699
53302729
53302741
53302751
53302759
53302763
53302787
53302817
53302831
53302867
53302877
53302883
53302889
53302927
53302967
53302969
53302979
53303009
53303011
53303023
53303039
53303057
53303059
53303077
53303083
53303087
53303093
53303099
53303141
53303147
53303153
53303197
53303207
53303209
53303249
53303251
53303267
53303269
53303281
53303287
53303293
53303309
53303317
53303323
53303357
53303377
53303389
53303399
53303401
53303429
53303461
53303473
53303501
53303557
53303603
53303623
53303629
53303639
53303641
53303681
53303689
53303693
53303699
53303713
53303741
53303753
53303807
53303821
53303843
53303851
53303863
53303881
53303893
53303897
53303917
53303951
53303981
53303989
53304029
53304037
53304049
53304071
53304077
53304107
53304127
53304151
53304193
53304203
53304211
53304217
53304239
53304257
53304259
53304269
53304287
53304323
53304341
53304347
53304353
53304373
53304397
53304403
53304413
53304421
53304487
53304491
53304497
53304499
53304521
53304569
53304583
53304607
53304617
53304631
53304637
53304659
53304703
53304733
53304739
53304751
53304763
53304829
53304833
53304847
53304913
53304917
53304931
53304941
53304943
53304959
53304983
53304989
53304997
53305001
53305009
53305019
53305039
53305061
53305069
53305093
53305139
53305157
53305159
53305163
53305177
53305181
53305223
53305243
53305247
53305253
53305313
53305321
53305349
53305361
53305381
53305409
53305411
53305433
53305459
53305463
53305481
53305501
53305517
53305519
53305541
53305543
53305547
53305561
53305573
53305579
53305589
53305613
53305619
53305657
53305717
53305723
53305753
53305787
53305801
53305807
53305823
53305907
53305909
53305913
53305919
53305949
53305951
53305997
53306017
53306023
53306047
53306051
53306063
53306069
53306093
53306107
53306117
53306137
53306173
53306179
53306207
53306213
53306243
53306251
53306269
53306291
53306293
53306299
53306327
53306377
53306399
53306401
53306411
53306417
53306443
53306467
53306471
53306503
53306527
53306531
53306537
53306551
53306573
53306581
53306621
53306623
53306653
53306657
53306699
53306707
53306719
53306753
53306767
53306779
53306783
53306809
53306839
53306857
53306861
53306879
53306921
53306927
53306933
53306941
53306969
53306987
53306993
53307083
53307113
53307119
53307127
53307131
53307139
53307151
53307161
53307167
53307209
53307211
53307227
53307239
53307253
53307263
53307271
53307311
53307313
53307349
53307377
53307389
53307403
53307409
53307413
53307451
53307469
53307493
53307533
53307557
53307571
53307587
53307599
53307601
53307607
53307619
53307643
53307677
53307691
53307703
53307719
53307731
53307743
53307757
53307763
53307769
53307781
53307791
53307797
53307803
53307827
53307871
53307893
53307899
53307907
53307911
53307923
53307931
53307953
53307967
53307979
53308001
53308027
53308033
53308049
53308067
53308069
53308097
53308109
53308111
53308117
53308121
53308147
53308163
53308187
53308201
53308217
53308219
53308249
53308253
53308267
53308279
53308309
53308369
53308391
53308403
53308417
53308421
53308441
53308511
53308523
53308529
53308531
53308553
53308559
53308579
53308589
53308603
53308613
53308627
53308637
53308639
53308643
53308649
53308667
53308721
53308727
53308789
53308793
53308841
53308847
53308883
53308901
53308903
53308943
53308967
53308973
53309021
53309023
53309027
53309051
53309063
53309077
53309089
53309111
53309129
53309171
53309177
53309183
53309197
53309209
53309227
53309237
53309257
53309261
53309281
53309317
53309339
53309351
53309363
53309407
53309411
53309413
53309447
53309461
53309479
53309521
53309527
53309537
53309539
53309549
53309593
53309617
53309623
53309651
53309657
53309681
53309747
53309759
53309779
53309803
53309833
53309857
53309869
53309887
53309899
53309951
53309969
53310001
53310041
53310043
53310071
53310077
53310119
53310121
53310139
53310161
53310163
53310193
53310197
53310203
53310223
53310233
53310247
53310259
53310277
53310293
53310329
53310331
53310337
53310427
53310463
53310479
53310539
53310541
53310547
53310553
53310557
53310559
53310577
53310601
53310611
53310629
53310641
53310679
53310683
53310703
53310709
53310727
53310749
53310769
53310773
53310779
53310781
53310799
53310823
53310833
53310839
53310853
53310863
53310869
53310871
53310883
53310913
53310937
53310949
53310953
53310967
53310977
53310991
53311001
53311007
53311009
53311021
53311081
53311091
53311109
53311121
53311127
53311129
53311147
53311183
53311187
53311211
53311213
53311231
53311241
53311259
53311373
53311381
53311387
53311421
53311441
53311451
53311463
53311469
53311477
53311501
53311513
53311519
53311523
53311543
53311547
53311553
53311613
53311627
53311639
53311669
53311673
53311691
53311717
53311733
53311757
53311759
53311781
53311829
53311871
53311877
53311897
53311903
53311919
53311957
53311961
53311963
53311969
53311981
53311991
53312003
53312027
53312041
53312047
53312071
53312093
53312113
53312173
53312191
53312201
53312209
53312213
53312239
53312243
53312263
53312293
53312297
53312339
53312381
53312393
53312407
53312417
53312419
53312437
53312443
53312447
53312453
53312473
53312507
53312543
53312569
53312593
53312641
53312657
53312659
53312683
53312687
53312713
53312717
53312773
53312783
53312801
53312807
53312821
53312837
53312843
53312863
53312887
53312911
53312927
53312929
53312947
53312953
53312981
53312999
53313019
53313023
53313053
53313089
53313121
53313133
53313137
53313151
53313157
53313191
53313193
53313209
53313233
53313301
53313331
53313341
53313361
53313367
53313371
53313391
53313461
53313467
53313497
53313503
53313509
53313523
53313553
53313569
53313587
53313599
53313607
53313613
53313619
53313641
53313643
53313671
53313691
53313697
53313749
53313763
53313773
53313787
53313809
53313823
53313847
53313859
53313863
53313889
53313907
53313959
53314007
53314033
53314043
53314049
53314081
53314099
53314103
53314123
53314181
53314199
53314201
53314211
53314213
53314231
53314243
53314259
53314271
53314273
53314279
53314291
53314409
53314433
53314463
53314487
53314507
53314517
53314537
53314553
53314559
53314577
53314579
53314603
53314609
53314619
53314633
53314691
53314717
53314721
53314787
53314799
53314813
53314829
53314837
53314853
53314861
53314871
53314889
53314903
53314939
53314949
53314951
53314999
53315011
53315023
53315029
53315033
53315051
53315069
53315117
53315123
53315147
53315149
53315189
53315201
53315209
53315221
53315237
53315239
53315243
53315267
53315287
53315309
53315347
53315351
53315359
53315363
53315389
53315393
53315401
53315411
53315413
53315419
53315429
53315459
53315467
53315513
53315579
53315593
53315597
53315611
53315641
53315651
53315677
53315681
53315699
53315701
53315737
53315749
53315761
53315783
53315803
53315807
53315809
53315819
53315837
53315849
53315851
53315887
53315917
53315921
53315929
53315947
53315971
53316019
53316041
53316059
53316077
53316089
53316157
53316161
53316163
53316169
53316191
53316209
53316227
53316287
53316293
53316317
53316343
53316349
53316397
53316407
53316469
53316481
53316509
53316511
53316533
53316563
53316577
53316581
53316617
53316619
53316631
53316643
53316661
53316673
53316719
53316721
53316727
53316749
53316751
53316763
53316773
53316779
53316787
53316827
53316833
53316839
53316853
53316859
53316883
53316899
53316911
53316929
53316961
53316973
53316979
53317027
53317031
53317039
53317057
53317063
53317067
53317073
53317091
53317093
53317123
53317127
53317133
53317139
53317163
53317177
53317183
53317189
53317207
53317217
53317273
53317279
53317309
53317339
53317367
53317373
53317387
53317409
53317421
53317441
53317447
53317469
53317471
53317487
53317499
53317501
53317513
53317531
53317543
53317571
53317619
53317637
53317639
53317669
53317679
53317681
53317723
53317741
53317751
53317757
53317829
53317837
53317879
53317883
53317889
53317907
53317909
53317919
53317961
53317963
53317973
53317981
53318017
53318021
53318039
53318051
53318059
53318063
53318077
53318107
53318119
53318143
53318149
53318183
53318191
53318219
53318227
53318249
53318263
53318297
53318311
53318333
53318339
53318381
53318383
53318401
53318407
53318413
53318429
53318459
53318479
53318483
53318509
53318519
53318557
53318569
53318597
53318609
53318621
53318651
53318659
53318677
53318687
53318701
53318717
53318723
53318777
53318789
53318827
53318833
53318873
53318891
53318897
53318911
53318929
53318933
53318939
53318957
53318963
53318999
53319041
53319047
53319053
53319121
53319151
53319169
53319193
53319223
53319239
53319247
53319281
53319319
53319323
53319341
53319347
53319379
53319403
53319407
53319433
53319439
53319443
53319457
53319467
53319481
53319493
53319499
53319503
53319517
53319569
53319571
53319577
53319587
53319619
53319631
53319641
53319649
53319671
53319689
53319703
53319709
53319713
53319731
53319733
53319737
53319743
53319787
53319817
53319821
53319829
53319853
53319881
53319887
53319899
53319901
53319941
53319943
53319971
53319979
53319991
53320019
53320051
53320079
53320081
53320117
53320121
53320139
53320147
53320151
53320159
53320171
53320193
53320207
53320229
53320237
53320273
53320291
53320331
53320343
53320363
53320369
53320391
53320411
53320427
53320429
53320439
53320453
53320471
53320481
53320493
53320507
53320529
53320549
53320583
53320613
53320621
53320633
53320637
53320679
53320691
53320697
53320717
53320727
53320747
53320759
53320793
53320801
53320807
53320819
53320847
53320853
53320867
53320871
53320873
53320901
53320907
53320909
53320931
53320933
53320979
53320999
53321017
53321029
53321039
53321041
53321069
53321083
53321089
53321101
53321113
53321119
53321123
53321141
53321207
53321221
53321243
53321269
53321293
53321297
53321341
53321357
53321363
53321369
53321377
53321407
53321431
53321447
53321479
53321483
53321509
53321531
53321533
53321549
53321561
53321563
53321711
53321713
53321731
53321777
53321789
53321803
53321833
53321837
53321857
53321861
53321881
53321903
53321927
53321941
53321951
53321969
53321977
53321993
53322007
53322019
53322023
53322029
53322053
53322083
53322089
53322091
53322127
53322133
53322163
53322169
53322179
53322197
53322239
53322259
53322287
53322337
53322383
53322389
53322391
53322403
53322407
53322413
53322431
53322433
53322457
53322469
53322497
53322541
53322547
53322559
53322571
53322589
53322593
53322613
53322653
53322667
53322707
53322713
53322719
53322733
53322739
53322751
53322757
53322803
53322811
53322817
53322827
53322853
53322859
53322869
53322943
53322959
53322977
53322979
53322989
53323013
53323021
53323037
53323043
53323057
53323073
53323093
53323097
53323099
53323111
53323117
53323133
53323147
53323159
53323187
53323243
53323261
53323273
53323279
53323289
53323297
53323301
53323321
53323381
53323393
53323399
53323421
53323423
53323447
53323451
53323469
53323471
53323541
53323559
53323573
53323583
53323609
53323631
53323643
53323649
53323651
53323661
53323691
53323703
53323723
53323783
53323789
53323793
53323801
53323807
53323811
53323819
53323843
53323873
53323957
53323969
53323979
53323981
53323987
53324003
53324009
53324017
53324021
53324041
53324057
53324071
53324077
53324081
53324107
53324111
53324113
53324119
53324129
53324177
53324207
53324209
53324221
53324251
53324311
53324321
53324329
53324347
53324357
53324387
53324389
53324423
53324441
53324443
53324449
53324459
53324471
53324473
53324483
53324501
53324503
53324543
53324569
53324611
53324629
53324651
53324657
53324669
53324753
53324779
53324809
53324827
53324839
53324857
53324861
53324863
53324897
53324911
53324917
53324923
53324933
53324977
53324981
53324983
53325037
53325059
53325061
53325067
53325101
53325131
53325143
53325149
53325157
53325227
53325241
53325257
53325281
53325313
53325317
53325319
53325359
53325373
53325383
53325409
53325421
53325443
53325449
53325451
53325463
53325511
53325527
53325539
53325541
53325581
53325599
53325619
53325641
53325659
53325691
53325721
53325731
53325737
53325739
53325749
53325803
53325817
53325823
53325827
53325841
53325893
53325901
53325931
53325941
53325949
53325997
53326019
53326033
53326043
53326051
53326061
53326067
53326079
53326193
53326211
53326223
53326249
53326253
53326277
53326279
53326289
53326303
53326307
53326309
53326313
53326319
53326327
53326379
53326381
53326391
53326393
53326409
53326451
53326453
53326457
53326459
53326523
53326531
53326547
53326561
53326601
53326631
53326681
53326699
53326703
53326723
53326733
53326759
53326769
53326783
53326799
53326831
53326849
53326877
53326891
53326927
53326961
53326963
53326967
53326991
53327003
53327033
53327047
53327059
53327069
53327081
53327111
53327123
53327137
53327159
53327171
53327203
53327213
53327227
53327233
53327273
53327279
53327297
53327321
53327341
53327369
53327401
53327413
53327467
53327473
53327479
53327503
53327513
53327537
53327543
53327597
53327627
53327641
53327647
53327653
53327663
53327683
53327689
53327707
53327713
53327753
53327761
53327797
53327801
53327803
53327809
53327863
53327867
53327893
53327933
53327947
53327951
53327971
53327983
53327987
53328043
53328059
53328073
53328083
53328089
53328109
53328139
53328157
53328161
53328169
53328173
53328199
53328251
53328263
53328311
53328377
53328437
53328521
53328599
53328619
53328623
53328631
53328641
53328689
53328727
53328731
53328761
53328799
53328809
53328811
53328817
53328827
53328829
53328857
53328887
53328893
53328917
53328943
53328967
53329009
53329027
53329033
53329079
53329103
53329117
53329127
53329141
53329147
53329229
53329259
53329267
53329271
53329327
53329343
53329351
53329399
53329403
53329421
53329427
53329429
53329439
53329477
53329483
53329489
53329511
53329513
53329531
53329553
53329583
53329597
53329621
53329651
53329657
53329681
53329693
53329699
53329721
53329747
53329769
53329817
53329823
53329831
53329849
53329873
53329883
53329897
53329937
53329943
53329949
53329961
53329963
53329973
53329993
53330009
53330033
53330051
53330063
53330087
53330099
53330107
53330113
53330117
53330129
53330143
53330149
53330161
53330171
53330183
53330197
53330203
53330213
53330219
53330273
53330279
53330297
53330317
53330419
53330429
53330437
53330467
53330471
53330483
53330567
53330597
53330603
53330611
53330617
53330657
53330659
53330713
53330743
53330789
53330821
53330839
53330863
53330909
53330917
53330923
53330939
53330941
53330957
53330969
53330987
53330993
53330999
53331007
53331053
53331059
53331071
53331073
53331077
53331143
53331149
53331151
53331169
53331199
53331209
53331251
53331269
53331277
53331281
53331293
53331307
53331337
53331371
53331373
53331389
53331419
53331427
53331449
53331451
53331517
53331521
53331527
53331547
53331569
53331571
53331583
53331587
53331599
53331631
53331647
53331661
53331673
53331679
53331697
53331701
53331731
53331769
53331791
53331809
53331821
53331827
53331851
53331853
53331881
53331923
53331947
53331959
53331973
53331983
53331991
53332001
53332033
53332051
53332087
53332091
53332099
53332109
53332127
53332129
53332157
53332159
53332217
53332241
53332243
53332261
53332303
53332309
53332313
53332333
53332337
53332351
53332381
53332387
53332439
53332441
53332453
53332463
53332471
53332523
53332541
53332547
53332567
53332667
53332691
53332703
53332709
53332717
53332777
53332789
53332813
53332823
53332843
53332879
53332889
53332901
53332907
53332913
53332931
53332963
53332967
53332987
53333003
53333023
53333039
53333053
53333081
53333083
53333099
53333149
53333167
53333173
53333177
53333179
53333183
53333197
53333239
53333249
53333257
53333261
53333281
53333311
53333321
53333347
53333363
53333381
53333387
53333419
53333429
53333431
53333443
53333461
53333477
53333521
53333531
53333537
53333557
53333561
53333563
53333597
53333603
53333617
53333629
53333669
53333677
53333713
53333719
53333723
53333729
53333747
53333759
53333771
53333783
53333789
53333821
53333867
53333921
53333939
53334011
53334041
53334067
53334109
53334119
53334137
53334139
53334157
53334173
53334181
53334187
53334209
53334221
53334227
53334269
53334283
53334301
53334341
53334371
53334373
53334409
53334433
53334461
53334467
53334469
53334499
53334517
53334521
53334527
53334551
53334553
53334569
53334571
53334581
53334607
53334637
53334641
53334647
53334667
53334709
53334719
53334733
53334751
53334773
53334781
53334791
53334811
53334817
53334821
53334829
53334833
53334839
53334851
53334863
53334889
53334893
53334917
53334959
53334979
53334991
53335021
53335027
53335039
53335049
53335057
53335063
53335153
53335157
53335169
53335181
53335193
53335201
53335207
53335211
53335231
53335237
53335267
53335277
53335309
53335313
53335339
53335343
53335361
53335369
53335421
53335423
53335439
53335441
53335453
53335481
53335483
53335487
53335501
53335517
53335549
53335561
53335571
53335573
53335577
53335589
53335619
53335621
53335627
53335631
53335651
53335657
53335663
53335691
53335721
53335739
53335747
53335757
53335801
53335837
53335853
53335859
53335879
53335897
53335913
53335927
53335937
53335963
53335973
53335991
53335999
53336033
53336051
53336053
53336071
53336077
53336081
53336083
53336119
53336131
53336141
53336159
53336167
53336219
53336237
53336243
53336251
53336267
53336273
53336279
53336281
53336303
53336321
53336341
53336377
53336411
53336417
53336431
53336443
53336447
53336453
53336467
53336473
53336527
53336533
53336557
53336567
53336579
53336617
53336651
53336659
53336669
53336671
53336683
53336693
53336719
53336737
53336761
53336827
53336831
53336849
53336863
53336867
53336893
53336903
53336909
53336923
53336951
53336981
53336993
53336999
53337001
53337013
53337029
53337059
53337103
53337107
53337113
53337131
53337149
53337169
53337197
53337209
53337217
53337223
53337233
53337247
53337257
53337283
53337301
53337311
53337337
53337341
53337353
53337359
53337367
53337413
53337419
53337511
53337521
53337533
53337539
53337547
53337563
53337569
53337637
53337649
53337659
53337677
53337703
53337727
53337737
53337749
53337787
53337793
53337811
53337833
53337847
53337853
53337863
53337871
53337901
53337913
53337917
53337919
53337923
53337929
53337953
53337983
53338009
53338031
53338039
53338049
53338079
53338093
53338133
53338199
53338223
53338237
53338247
53338249
53338261
53338267
53338277
53338303
53338319
53338343
53338379
53338393
53338421
53338427
53338429
53338433
53338463
53338471
53338477
53338489
53338543
53338547
53338559
53338589
53338591
53338601
53338613
53338657
53338687
53338697
53338711
53338729
53338739
53338759
53338763
53338777
53338781
53338783
53338811
53338819
53338849
53338853
53338889
53338897
53338903
53338907
53338913
53338919
53338921
53338931
53338997
53339021
53339029
53339053
53339063
53339087
53339107
53339123
53339171
53339177
53339191
53339197
53339239
53339243
53339281
53339287
53339329
53339347
53339357
53339399
53339417
53339423
53339449
53339491
53339509
53339519
53339521
53339527
53339537
53339543
53339551
53339563
53339609
53339617
53339639
53339641
53339687
53339711
53339719
53339723
53339731
53339743
53339777
53339801
53339813
53339827
53339831
53339837
53339843
53339857
53339887
53339927
53339929
53339941
53339947
53339981
53339983
53340037
53340041
53340043
53340061
53340073
53340083
53340143
53340149
53340173
53340227
53340229
53340257
53340299
53340317
53340341
53340359
53340401
53340403
53340409
53340431
53340433
53340437
53340439
53340451
53340479
53340481
53340527
53340533
53340641
53340647
53340653
53340671
53340691
53340701
53340709
53340719
53340731
53340743
53340757
53340787
53340797
53340799
53340803
53340821
53340823
53340829
53340853
53340869
53340899
53340913
53340929
53340953
53340967
53340971
53340997
53341007
53341009
53341033
53341039
53341051
53341069
53341073
53341081
53341091
53341097
53341109
53341129
53341153
53341159
53341181
53341213
53341217
53341219
53341229
53341241
53341247
53341259
53341271
53341283
53341289
53341333
53341357
53341363
53341391
53341399
53341423
53341441
53341459
53341471
53341481
53341489
53341499
53341513
53341523
53341579
53341583
53341591
53341601
53341619
53341621
53341627
53341681
53341711
53341727
53341741
53341789
53341811
53341819
53341829
53341831
53341879
53341889
53341927
53341931
53341969
53341993
53341997
53342017
53342033
53342053
53342071
53342089
53342099
53342119
53342131
53342137
53342147
53342161
53342173
53342203
53342213
53342297
53342299
53342309
53342347
53342369
53342381
53342383
53342437
53342453
53342483
53342507
53342533
53342581
53342587
53342659
53342669
53342677
53342683
53342717
53342741
53342743
53342749
53342759
53342767
53342777
53342801
53342831
53342837
53342843
53342851
53342867
53342869
53342879
53342881
53342897
53342929
53342941
53342987
53342999
53343001
53343019
53343023
53343029
53343061
53343067
53343079
53343107
53343109
53343131
53343149
53343163
53343193
53343211
53343221
53343239
53343247
53343271
53343289
53343313
53343359
53343373
53343377
53343403
53343413
53343421
53343439
53343443
53343461
53343481
53343487
53343491
53343497
53343527
53343533
53343539
53343551
53343559
53343581
53343617
53343679
53343701
53343721
53343727
53343743
53343749
53343757
53343761
53343769
53343781
53343793
53343799
53343833
53343853
53343883
53343907
53343931
53343949
53343967
53343971
53343991
53344003
53344043
53344063
53344091
53344097
53344103
53344133
53344141
53344163
53344171
53344177
53344189
53344219
53344231
53344237
53344241
53344243
53344259
53344271
53344289
53344297
53344307
53344339
53344363
53344373
53344399
53344409
53344411
53344433
53344469
53344477
53344481
53344507
53344517
53344523
53344541
53344547
53344549
53344573
53344607
53344637
53344667
53344693
53344703
53344721
53344729
53344747
53344757
53344763
53344771
53344783
53344789
53344807
53344849
53344853
53344873
53344877
53344883
53344901
53344933
53344939
53344961
53344979
53345021
53345023
53345029
53345041
53345051
53345057
53345063
53345093
53345101
53345107
53345113
53345137
53345161
53345183
53345219
53345251
53345267
53345273
53345291
53345309
53345317
53345359
53345437
53345447
53345449
53345459
53345497
53345531
53345549
53345557
53345563
53345603
53345627
53345629
53345639
53345641
53345693
53345701
53345707
53345723
53345737
53345741
53345771
53345801
53345821
53345839
53345849
53345867
53345909
53345911
53345917
53345923
53345927
53345933
53345953
53345959
53345989
53346001
53346031
53346061
53346077
53346113
53346169
53346179
53346203
53346211
53346253
53346263
53346301
