52625407
52625411
52625423
52625429
52625431
52625467
52625471
52625473
52625491
52625513
52625533
52625537
52625561
52625567
52625579
52625609
52625623
52625647
52625653
52625663
52625711
52625719
52625723
52625731
52625743
52625777
52625791
52625813
52625819
52625861
52625891
52625899
52625921
52625933
52625939
52625957
52625959
52625977
52625983
52625987
52626061
52626071
52626073
52626107
52626113
52626137
52626149
52626163
52626187
52626199
52626239
52626253
52626269
52626307
52626317
52626337
52626341
52626349
52626359
52626361
52626391
52626401
52626433
52626443
52626449
52626451
52626463
52626467
52626479
52626521
52626529
52626533
52626551
52626583
52626593
52626631
52626647
52626659
52626667
52626689
52626701
52626703
52626709
52626727
52626733
52626767
52626799
52626811
52626823
52626859
52626869
52626901
52626911
52626947
52626961
52626983
52626989
52626991
52627007
52627027
52627033
52627049
52627051
52627073
52627097
52627103
52627111
52627147
52627153
52627187
52627217
52627241
52627261
52627277
52627279
52627297
52627301
52627303
52627339
52627343
52627369
52627423
52627457
52627481
52627483
52627501
52627517
52627537
52627573
52627607
52627609
52627613
52627633
52627637
52627649
52627651
52627681
52627691
52627697
52627709
52627717
52627753
52627769
52627787
52627789
52627793
52627807
52627847
52627849
52627859
52627867
52627873
52627909
52627931
52627951
52627961
52627997
52628003
52628027
52628047
52628063
52628077
52628101
52628113
52628123
52628129
52628131
52628179
52628183
52628189
52628197
52628201
52628207
52628231
52628237
52628263
52628267
52628269
52628273
52628287
52628321
52628339
52628341
52628351
52628357
52628363
52628377
52628383
52628437
52628453
52628473
52628489
52628497
52628519
52628539
52628573
52628593
52628599
52628621
52628627
52628647
52628663
52628671
52628683
52628711
52628729
52628743
52628791
52628801
52628809
52628813
52628831
52628867
52628887
52628897
52628929
52628971
52628987
52629011
52629019
52629023
52629029
52629047
52629067
52629079
52629139
52629149
52629173
52629191
52629197
52629209
52629211
52629217
52629223
52629251
52629253
52629257
52629271
52629293
52629319
52629323
52629337
52629361
52629407
52629439
52629443
52629469
52629517
52629523
52629529
52629547
52629557
52629559
52629607
52629611
52629623
52629659
52629667
52629679
52629683
52629701
52629713
52629757
52629761
52629767
52629823
52629827
52629853
52629869
52629877
52629917
52629919
52629949
52629953
52629959
52629991
52630009
52630031
52630043
52630063
52630069
52630073
52630087
52630093
52630111
52630139
52630159
52630199
52630213
52630223
52630229
52630261
52630267
52630307
52630313
52630321
52630337
52630339
52630349
52630367
52630381
52630397
52630423
52630427
52630441
52630469
52630471
52630481
52630483
52630493
52630499
52630517
52630519
52630547
52630561
52630573
52630583
52630607
52630609
52630649
52630651
52630661
52630681
52630709
52630727
52630729
52630733
52630751
52630763
52630789
52630801
52630811
52630813
52630819
52630843
52630847
52630859
52630873
52630889
52630913
52630933
52630937
52630943
52630957
52630973
52631017
52631021
52631041
52631063
52631069
52631077
52631081
52631119
52631123
52631141
52631171
52631177
52631179
52631221
52631237
52631239
52631261
52631339
52631393
52631407
52631417
52631443
52631483
52631497
52631531
52631563
52631569
52631573
52631591
52631603
52631627
52631633
52631639
52631647
52631669
52631687
52631737
52631743
52631753
52631771
52631819
52631857
52631879
52631903
52631911
52631927
52631977
52631989
52632007
52632023
52632029
52632037
52632061
52632077
52632101
52632113
52632131
52632133
52632161
52632163
52632169
52632179
52632193
52632247
52632259
52632269
52632277
52632317
52632367
52632379
52632401
52632403
52632421
52632431
52632439
52632443
52632457
52632499
52632521
52632529
52632539
52632557
52632563
52632577
52632581
52632583
52632589
52632599
52632607
52632617
52632647
52632649
52632677
52632689
52632719
52632733
52632739
52632743
52632751
52632757
52632773
52632791
52632821
52632841
52632847
52632871
52632893
52632917
52632919
52632949
52632959
52632961
52632967
52632973
52632977
52633033
52633051
52633079
52633099
52633109
52633111
52633117
52633121
52633159
52633169
52633201
52633271
52633331
52633367
52633379
52633387
52633393
52633397
52633403
52633409
52633429
52633433
52633457
52633459
52633481
52633501
52633517
52633519
52633541
52633543
52633597
52633613
52633639
52633663
52633673
52633681
52633687
52633699
52633733
52633741
52633747
52633769
52633771
52633783
52633813
52633831
52633837
52633859
52633871
52633883
52633897
52633901
52633907
52633909
52633961
52633969
52633979
52633991
52634003
52634011
52634027
52634041
52634059
52634069
52634083
52634089
52634111
52634129
52634147
52634149
52634171
52634173
52634191
52634203
52634213
52634233
52634243
52634269
52634273
52634287
52634291
52634297
52634299
52634317
52634341
52634347
52634401
52634437
52634489
52634509
52634513
52634581
52634591
52634629
52634633
52634639
52634651
52634653
52634707
52634723
52634749
52634753
52634759
52634761
52634779
52634789
52634801
52634809
52634821
52634849
52634947
52634969
52634977
52634987
52635001
52635041
52635049
52635059
52635071
52635091
52635097
52635101
52635113
52635161
52635169
52635173
52635221
52635313
52635329
52635371
52635403
52635419
52635439
52635509
52635511
52635521
52635533
52635559
52635563
52635577
52635581
52635599
52635607
52635617
52635623
52635641
52635647
52635659
52635679
52635683
52635733
52635749
52635763
52635767
52635787
52635809
52635823
52635851
52635853
52635857
52635887
52635901
52635907
52635917
52635949
52635953
52636043
52636057
52636081
52636093
52636117
52636141
52636147
52636153
52636159
52636219
52636223
52636231
52636249
52636253
52636273
52636277
52636313
52636321
52636361
52636373
52636379
52636387
52636393
52636411
52636433
52636477
52636499
52636501
52636511
52636523
52636531
52636541
52636553
52636567
52636583
52636589
52636609
52636679
52636699
52636721
52636733
52636739
52636747
52636751
52636781
52636799
52636819
52636823
52636847
52636849
52636861
52636873
52636891
52636901
52636931
52636933
52636957
52636963
52636967
52636993
52636999
52637033
52637047
52637069
52637077
52637089
52637093
52637099
52637111
52637131
52637141
52637149
52637173
52637177
52637183
52637191
52637197
52637213
52637237
52637243
52637251
52637257
52637267
52637269
52637279
52637293
52637297
52637303
52637329
52637339
52637369
52637371
52637393
52637437
52637443
52637447
52637489
52637513
52637527
52637539
52637549
52637551
52637561
52637567
52637573
52637579
52637587
52637591
52637623
52637671
52637681
52637699
52637737
52637759
52637803
52637807
52637821
52637839
52637843
52637857
52637863
52637873
52637911
52637917
52637941
52637951
52637983
52637989
52638011
52638017
52638023
52638041
52638043
52638083
52638101
52638107
52638119
52638139
52638143
52638197
52638199
52638211
52638221
52638251
52638259
52638281
52638317
52638319
52638337
52638343
52638353
52638359
52638361
52638367
52638373
52638401
52638413
52638419
52638437
52638463
52638503
52638529
52638533
52638539
52638541
52638557
52638563
52638577
52638583
52638611
52638643
52638653
52638673
52638689
52638737
52638763
52638779
52638787
52638809
52638823
52638829
52638841
52638853
52638863
52638907
52638917
52638941
52638959
52638977
52639001
52639003
52639073
52639109
52639159
52639189
52639211
52639219
52639231
52639241
52639247
52639277
52639289
52639297
52639309
52639313
52639331
52639357
52639369
52639403
52639417
52639423
52639507
52639529
52639537
52639541
52639579
52639583
52639589
52639591
52639597
52639603
52639607
52639621
52639627
52639637
52639651
52639661
52639693
52639703
52639721
52639729
52639733
52639751
52639753
52639757
52639817
52639831
52639877
52639883
52639907
52639933
52639949
52639967
52639987
52639997
52639999
52640053
52640083
52640101
52640129
52640131
52640153
52640167
52640179
52640197
52640209
52640219
52640221
52640293
52640297
52640303
52640309
52640327
52640363
52640389
52640417
52640437
52640443
52640453
52640461
52640477
52640479
52640503
52640513
52640531
52640543
52640587
52640641
52640681
52640689
52640699
52640701
52640723
52640747
52640779
52640801
52640827
52640839
52640851
52640867
52640881
52640927
52640933
52640947
52640953
52640969
52640971
52640977
52640981
52640999
52641011
52641019
52641037
52641041
52641059
52641067
52641079
52641091
52641133
52641143
52641151
52641161
52641179
52641217
52641263
52641283
52641307
52641311
52641341
52641359
52641361
52641371
52641383
52641397
52641403
52641427
52641439
52641443
52641451
52641473
52641481
52641487
52641493
52641509
52641517
52641521
52641553
52641559
52641577
52641587
52641599
52641607
52641619
52641661
52641691
52641703
52641709
52641727
52641731
52641763
52641769
52641781
52641791
52641821
52641851
52641857
52641889
52641893
52641899
52641949
52641959
52641973
52642001
52642063
52642069
52642099
52642111
52642127
52642129
52642151
52642153
52642171
52642199
52642223
52642229
52642243
52642253
52642267
52642273
52642297
52642301
52642321
52642333
52642349
52642357
52642367
52642391
52642399
52642427
52642441
52642459
52642463
52642477
52642507
52642517
52642529
52642543
52642549
52642589
52642613
52642631
52642633
52642651
52642657
52642663
52642687
52642697
52642703
52642757
52642763
52642769
52642781
52642813
52642831
52642861
52642903
52642907
52642913
52642921
52642943
52642951
52642957
52642963
52643011
52643027
52643083
52643089
52643111
52643117
52643153
52643179
52643189
52643191
52643219
52643249
52643263
52643273
52643291
52643329
52643333
52643347
52643351
52643369
52643449
52643473
52643491
52643501
52643519
52643531
52643551
52643561
52643587
52643597
52643599
52643627
52643629
52643639
52643641
52643651
52643677
52643683
52643687
52643693
52643761
52643771
52643777
52643819
52643821
52643837
52643879
52643881
52643897
52643909
52643923
52643939
52643953
52643963
52643971
52644013
52644017
52644029
52644043
52644061
52644071
52644091
52644103
52644139
52644149
52644181
52644191
52644199
52644203
52644209
52644239
52644247
52644259
52644271
52644311
52644323
52644329
52644353
52644373
52644391
52644407
52644413
52644457
52644463
52644491
52644517
52644523
52644551
52644569
52644587
52644589
52644593
52644617
52644619
52644623
52644629
52644643
52644661
52644679
52644701
52644703
52644737
52644743
52644797
52644799
52644811
52644833
52644859
52644863
52644883
52644887
52644923
52644931
52644959
52644967
52644989
52645003
52645007
52645027
52645081
52645193
52645207
52645211
52645213
52645259
52645279
52645283
52645289
52645291
52645297
52645301
52645303
52645309
52645349
52645381
52645387
52645399
52645403
52645421
52645423
52645427
52645429
52645441
52645507
52645519
52645531
52645609
52645627
52645633
52645667
52645673
52645693
52645729
52645757
52645771
52645777
52645793
52645807
52645847
52645849
52645883
52645891
52645913
52645937
52645963
52646023
52646039
52646051
52646089
52646101
52646123
52646129
52646137
52646141
52646159
52646171
52646179
52646221
52646239
52646257
52646261
52646299
52646303
52646309
52646317
52646327
52646329
52646353
52646369
52646371
52646383
52646423
52646431
52646441
52646443
52646479
52646483
52646507
52646519
52646537
52646557
52646621
52646639
52646647
52646669
52646677
52646683
52646689
52646717
52646719
52646723
52646729
52646761
52646767
52646779
52646801
52646809
52646831
52646833
52646863
52646873
52646887
52646903
52646933
52646941
52646947
52646963
52647017
52647019
52647029
52647031
52647047
52647061
52647071
52647107
52647121
52647131
52647137
52647143
52647163
52647167
52647227
52647229
52647247
52647277
52647307
52647323
52647341
52647349
52647367
52647373
52647377
52647389
52647407
52647409
52647457
52647493
52647503
52647541
52647547
52647577
52647587
52647611
52647629
52647631
52647643
52647671
52647719
52647739
52647757
52647767
52647797
52647857
52647871
52647877
52647899
52647901
52647911
52647923
52647937
52647961
52647971
52648007
52648019
52648051
52648061
52648073
52648091
52648097
52648103
52648147
52648153
52648159
52648163
52648171
52648177
52648181
52648187
52648241
52648243
52648279
52648289
52648301
52648313
52648333
52648339
52648361
52648363
52648367
52648381
52648423
52648433
52648483
52648513
52648517
52648627
52648691
52648697
52648699
52648721
52648777
52648793
52648823
52648873
52648889
52648919
52648951
52648957
52648979
52649011
52649021
52649053
52649059
52649089
52649111
52649117
52649137
52649167
52649183
52649189
52649197
52649249
52649251
52649257
52649273
52649281
52649287
52649347
52649383
52649419
52649477
52649503
52649521
52649533
52649567
52649591
52649593
52649647
52649651
52649657
52649669
52649677
52649683
52649693
52649747
52649777
52649797
52649801
52649809
52649813
52649827
52649851
52649869
52649879
52649897
52649899
52649903
52649911
52649941
52649953
52649959
52649981
52649999
52650019
52650029
52650053
52650061
52650113
52650119
52650131
52650163
52650179
52650181
52650211
52650217
52650229
52650271
52650277
52650317
52650319
52650329
52650337
52650347
52650373
52650383
52650413
52650439
52650449
52650497
52650511
52650551
52650589
52650599
52650643
52650659
52650671
52650701
52650707
52650713
52650721
52650757
52650779
52650781
52650797
52650817
52650821
52650827
52650883
52650901
52650907
52650911
52650937
52650943
52650947
52650953
52650959
52651003
52651007
52651013
52651021
52651043
52651063
52651073
52651103
52651217
52651219
52651241
52651253
52651283
52651289
52651297
52651303
52651369
52651411
52651441
52651447
52651471
52651483
52651519
52651537
52651549
52651553
52651579
52651607
52651663
52651681
52651691
52651693
52651699
52651721
52651741
52651747
52651757
52651763
52651769
52651799
52651801
52651829
52651871
52651889
52651901
52651931
52651933
52651957
52651961
52652003
52652027
52652051
52652063
52652071
52652113
52652141
52652143
52652153
52652189
52652191
52652203
52652207
52652231
52652233
52652263
52652273
52652293
52652309
52652329
52652441
52652447
52652459
52652471
52652507
52652513
52652527
52652563
52652599
52652617
52652623
52652657
52652693
52652707
52652711
52652731
52652741
52652801
52652827
52652837
52652843
52652851
52652867
52652869
52652891
52652917
52652939
52652953
52652969
52652989
52652993
52653031
52653077
52653079
52653101
52653119
52653121
52653137
52653169
52653191
52653197
52653203
52653239
52653259
52653319
52653323
52653353
52653397
52653409
52653413
52653481
52653493
52653511
52653521
52653533
52653551
52653571
52653577
52653581
52653599
52653611
52653619
52653661
52653683
52653697
52653719
52653721
52653787
52653827
52653859
52653863
52653869
52653871
52653899
52653917
52653929
52653941
52653943
52653961
52653967
52653983
52653989
52654001
52654003
52654057
52654079
52654081
52654109
52654139
52654141
52654157
52654183
52654193
52654207
52654223
52654237
52654267
52654279
52654289
52654297
52654319
52654331
52654333
52654397
52654409
52654411
52654421
52654439
52654463
52654471
52654499
52654501
52654513
52654531
52654549
52654571
52654577
52654597
52654603
52654621
52654631
52654699
52654703
52654741
52654769
52654781
52654813
52654829
52654841
52654853
52654859
52654897
52654907
52654969
52654997
52654999
52655003
52655011
52655041
52655063
52655077
52655101
52655123
52655153
52655173
52655179
52655209
52655219
52655221
52655231
52655237
52655243
52655249
52655287
52655297
52655321
52655353
52655359
52655363
52655371
52655377
52655381
52655389
52655417
52655459
52655461
52655467
52655483
52655489
52655497
52655509
52655513
52655527
52655531
52655567
52655587
52655591
52655621
52655623
52655641
52655657
52655689
52655723
52655731
52655741
52655777
52655807
52655819
52655833
52655857
52655879
52655891
52655899
52655927
52655929
52655971
52655983
52656001
52656007
52656029
52656061
52656067
52656103
52656137
52656139
52656161
52656167
52656169
52656173
52656181
52656187
52656203
52656211
52656221
52656271
52656281
52656283
52656299
52656323
52656349
52656377
52656389
52656413
52656419
52656421
52656427
52656437
52656449
52656469
52656491
52656503
52656517
52656523
52656533
52656551
52656577
52656601
52656607
52656623
52656641
52656647
52656671
52656677
52656679
52656689
52656691
52656713
52656731
52656763
52656797
52656823
52656829
52656859
52656887
52656899
52656907
52656917
52656977
52656979
52656991
52657009
52657013
52657021
52657027
52657067
52657093
52657103
52657141
52657147
52657169
52657181
52657193
52657207
52657217
52657219
52657223
52657229
52657237
52657273
52657277
52657291
52657307
52657331
52657333
52657357
52657391
52657393
52657399
52657421
52657427
52657439
52657459
52657463
52657471
52657481
52657513
52657537
52657547
52657609
52657621
52657669
52657691
52657751
52657769
52657783
52657811
52657837
52657859
52657861
52657877
52657889
52657897
52657909
52657921
52657937
52657951
52657963
52657967
52657999
52658033
52658051
52658059
52658083
52658087
52658107
52658131
52658147
52658159
52658213
52658237
52658257
52658303
52658369
52658387
52658393
52658407
52658413
52658423
52658467
52658483
52658497
52658513
52658527
52658561
52658563
52658579
52658581
52658597
52658611
52658629
52658653
52658729
52658737
52658743
52658761
52658797
52658819
52658821
52658833
52658849
52658869
52658887
52658927
52658929
52658933
52658939
52658953
52658959
52658981
52658989
52658999
52659001
52659007
52659011
52659031
52659107
52659137
52659161
52659163
52659193
52659199
52659221
52659227
52659239
52659247
52659281
52659289
52659307
52659311
52659349
52659361
52659371
52659377
52659413
52659437
52659449
52659461
52659463
52659487
52659533
52659553
52659559
52659571
52659577
52659623
52659641
52659667
52659671
52659689
52659707
52659713
52659743
52659749
52659751
52659757
52659809
52659833
52659839
52659851
52659869
52659877
52659913
52659941
52659973
52660007
52660021
52660043
52660063
52660081
52660093
52660109
52660121
52660151
52660159
52660171
52660177
52660183
52660199
52660207
52660211
52660219
52660249
52660253
52660291
52660313
52660319
52660331
52660367
52660369
52660379
52660397
52660403
52660411
52660453
52660483
52660493
52660519
52660541
52660561
52660589
52660591
52660603
52660637
52660649
52660703
52660709
52660711
52660721
52660733
52660759
52660763
52660789
52660793
52660831
52660841
52660877
52660891
52660903
52660943
52660963
52660973
52660987
52660999
52661003
52661017
52661023
52661137
52661149
52661159
52661207
52661233
52661243
52661267
52661269
52661309
52661333
52661341
52661347
52661377
52661381
52661387
52661417
52661437
52661443
52661459
52661473
52661509
52661561
52661579
52661603
52661639
52661641
52661647
52661659
52661663
52661677
52661681
52661683
52661731
52661747
52661759
52661771
52661773
52661779
52661783
52661797
52661809
52661813
52661821
52661831
52661837
52661857
52661867
52661897
52661899
52661909
52661911
52661951
52661969
52661993
52662007
52662011
52662017
52662031
52662037
52662047
52662061
52662079
52662097
52662109
52662121
52662133
52662139
52662179
52662187
52662199
52662227
52662241
52662251
52662263
52662271
52662287
52662293
52662301
52662317
52662349
52662361
52662383
52662391
52662403
52662437
52662461
52662499
52662503
52662527
52662539
52662541
52662553
52662569
52662611
52662613
52662619
52662647
52662671
52662677
52662683
52662689
52662691
52662721
52662739
52662773
52662823
52662829
52662839
52662881
52662913
52662931
52662943
52662971
52663019
52663021
52663027
52663033
52663057
52663067
52663109
52663111
52663133
52663151
52663157
52663207
52663243
52663277
52663339
52663349
52663363
52663381
52663409
52663423
52663447
52663463
52663477
52663493
52663529
52663549
52663571
52663601
52663613
52663619
52663621
52663627
52663631
52663643
52663651
52663657
52663697
52663711
52663727
52663729
52663747
52663771
52663781
52663789
52663799
52663837
52663861
52663873
52663921
52663937
52663973
52663981
52663993
52664021
52664023
52664041
52664047
52664069
52664083
52664099
52664149
52664173
52664189
52664197
52664221
52664231
52664263
52664281
52664309
52664327
52664341
52664347
52664369
52664383
52664389
52664399
52664401
52664461
52664467
52664473
52664477
52664483
52664509
52664519
52664539
52664543
52664587
52664597
52664611
52664627
52664659
52664663
52664671
52664683
52664693
52664701
52664707
52664719
52664743
52664749
52664761
52664791
52664803
52664813
52664831
52664837
52664839
52664849
52664873
52664891
52664897
52664971
52664999
52665037
52665049
52665059
52665061
52665121
52665157
52665161
52665209
52665227
52665233
52665257
52665259
52665281
52665307
52665313
52665329
52665341
52665407
52665413
52665419
52665449
52665491
52665499
52665527
52665533
52665539
52665553
52665563
52665593
52665617
52665637
52665667
52665713
52665719
52665727
52665737
52665749
52665793
52665817
52665829
52665889
52665901
52665913
52665919
52665973
52665979
52665989
52666027
52666039
52666057
52666091
52666093
52666111
52666123
52666139
52666169
52666171
52666183
52666189
52666193
52666261
52666267
52666277
52666283
52666331
52666333
52666379
52666381
52666387
52666399
52666421
52666433
52666463
52666469
52666487
52666513
52666553
52666609
52666631
52666637
52666667
52666687
52666699
52666717
52666741
52666751
52666759
52666793
52666811
52666843
52666853
52666897
52666921
52666937
52666963
52666967
52666981
52666997
52667029
52667039
52667053
52667057
52667059
52667081
52667101
52667123
52667129
52667177
52667249
52667273
52667287
52667333
52667341
52667347
52667387
52667423
52667429
52667431
52667437
52667443
52667467
52667473
52667491
52667497
52667501
52667507
52667533
52667557
52667597
52667599
52667609
52667611
52667623
52667651
52667663
52667701
52667731
52667759
52667767
52667773
52667801
52667807
52667809
52667843
52667851
52667873
52667891
52667893
52667929
52667933
52667969
52667987
52668001
52668017
52668047
52668079
52668103
52668107
52668127
52668139
52668169
52668173
52668181
52668211
52668221
52668223
52668241
52668257
52668269
52668271
52668277
52668299
52668311
52668337
52668373
52668403
52668409
52668443
52668463
52668467
52668479
52668487
52668547
52668557
52668587
52668607
52668619
52668667
52668709
52668739
52668743
52668757
52668761
52668787
52668829
52668841
52668881
52668883
52668899
52668911
52668923
52668929
52668949
52668953
52668977
52668991
52668997
52669003
52669033
52669037
52669039
52669069
52669073
52669091
52669117
52669151
52669163
52669171
52669181
52669189
52669193
52669207
52669219
52669223
52669229
52669231
52669237
52669259
52669283
52669301
52669319
52669327
52669343
52669361
52669369
52669381
52669411
52669429
52669447
52669459
52669489
52669511
52669523
52669541
52669549
52669583
52669601
52669607
52669637
52669649
52669681
52669693
52669697
52669699
52669703
52669709
52669763
52669769
52669801
52669807
52669811
52669817
52669847
52669879
52669913
52669943
52669951
52669993
52670021
52670039
52670041
52670077
52670081
52670087
52670113
52670153
52670171
52670173
52670179
52670197
52670237
52670239
52670243
52670251
52670257
52670263
52670269
52670273
52670311
52670323
52670341
52670347
52670381
52670383
52670407
52670411
52670419
52670441
52670459
52670479
52670491
52670507
52670531
52670537
52670549
52670557
52670561
52670567
52670617
52670663
52670671
52670677
52670689
52670693
52670707
52670729
52670749
52670771
52670789
52670833
52670861
52670867
52670909
52670963
52670971
52670977
52671023
52671041
52671103
52671109
52671133
52671167
52671187
52671191
52671209
52671251
52671257
52671317
52671323
52671341
52671373
52671383
52671391
52671413
52671427
52671467
52671481
52671533
52671557
52671583
52671589
52671607
52671653
52671691
52671701
52671709
52671721
52671727
52671733
52671737
52671779
52671791
52671793
52671809
52671811
52671841
52671851
52671869
52671881
52671889
52671901
52671919
52671923
52671929
52671937
52671959
52671973
52671977
52671991
52672021
52672027
52672043
52672051
52672063
52672111
52672133
52672153
52672157
52672159
52672163
52672177
52672181
52672183
52672187
52672303
52672337
52672339
52672343
52672357
52672363
52672421
52672447
52672471
52672483
52672489
52672517
52672523
52672531
52672559
52672561
52672583
52672589
52672597
52672637
52672657
52672687
52672709
52672717
52672727
52672733
52672747
52672757
52672771
52672777
52672819
52672849
52672889
52672927
52672957
52672973
52673003
52673009
52673011
52673039
52673053
52673063
52673081
52673083
52673099
52673113
52673119
52673141
52673147
52673167
52673177
52673219
52673227
52673279
52673281
52673321
52673333
52673351
52673359
52673389
52673393
52673447
52673461
52673471
52673477
52673501
52673503
52673513
52673521
52673549
52673609
52673617
52673627
52673629
52673641
52673651
52673669
52673713
52673723
52673729
52673741
52673767
52673771
52673779
52673801
52673809
52673827
52673857
52673869
52673879
52673963
52673983
52674019
52674031
52674047
52674073
52674133
52674187
52674203
52674233
52674241
52674247
52674283
52674287
52674311
52674317
52674319
52674329
52674341
52674343
52674361
52674367
52674397
52674431
52674437
52674443
52674473
52674481
52674491
52674497
52674511
52674563
52674581
52674617
52674637
52674641
52674679
52674691
52674731
52674737
52674749
52674757
52674763
52674793
52674847
52674877
52674887
52674889
52674893
52674929
52674943
52674953
52674961
52674967
52674997
52675001
52675019
52675031
52675033
52675079
52675081
52675097
52675157
52675159
52675177
52675211
52675219
52675241
52675253
52675291
52675303
52675319
52675331
52675349
52675393
52675421
52675453
52675463
52675471
52675487
52675501
52675507
52675549
52675561
52675591
52675607
52675631
52675643
52675661
52675691
52675717
52675723
52675729
52675739
52675747
52675793
52675811
52675813
52675837
52675841
52675859
52675873
52675907
52675921
52675927
52675943
52675949
52675991
52676009
52676023
52676051
52676053
52676059
52676077
52676083
52676087
52676101
52676111
52676153
52676159
52676177
52676191
52676213
52676219
52676243
52676257
52676263
52676287
52676291
52676293
52676297
52676311
52676357
52676399
52676401
52676411
52676423
52676443
52676447
52676461
52676467
52676473
52676479
52676521
52676527
52676537
52676543
52676549
52676551
52676579
52676599
52676609
52676621
52676623
52676627
52676639
52676653
52676669
52676681
52676699
52676713
52676737
52676777
52676809
52676821
52676839
52676851
52676861
52676867
52676881
52676887
52676891
52676893
52676947
52676957
52676993
52677017
52677041
52677047
52677077
52677143
52677151
52677167
52677173
52677179
52677197
52677211
52677217
52677223
52677239
52677241
52677263
52677293
52677299
52677301
52677319
52677341
52677349
52677353
52677377
52677397
52677413
52677421
52677431
52677433
52677439
52677467
52677479
52677503
52677511
52677523
52677607
52677617
52677641
52677673
52677701
52677719
52677727
52677763
52677767
52677791
52677799
52677809
52677827
52677841
52677853
52677871
52677893
52677913
52677931
52677941
52677971
52678033
52678057
52678063
52678141
52678151
52678159
52678169
52678193
52678201
52678231
52678247
52678253
52678261
52678273
52678277
52678289
52678309
52678337
52678363
52678387
52678403
52678411
52678429
52678463
52678499
52678519
52678541
52678547
52678559
52678573
52678601
52678607
52678643
52678649
52678667
52678669
52678693
52678709
52678723
52678739
52678753
52678777
52678781
52678823
52678841
52678853
52678907
52678909
52678919
52678921
52678939
52678943
52678949
52678957
52678961
52678991
52679023
52679027
52679069
52679071
52679117
52679129
52679149
52679183
52679201
52679227
52679233
52679287
52679293
52679299
52679317
52679329
52679369
52679371
52679411
52679441
52679461
52679477
52679483
52679489
52679531
52679537
52679551
52679569
52679579
52679581
52679587
52679597
52679639
52679699
52679713
52679779
52679789
52679791
52679797
52679813
52679831
52679833
52679843
52679849
52679857
52679911
52679917
52679927
52679969
52679987
52679999
52680007
52680041
52680053
52680073
52680101
52680107
52680139
52680163
52680197
52680233
52680241
52680301
52680311
52680319
52680323
52680359
52680371
52680389
52680391
52680437
52680469
52680479
52680491
52680493
52680497
52680517
52680527
52680533
52680553
52680577
52680587
52680599
52680623
52680679
52680703
52680707
52680751
52680757
52680767
52680769
52680779
52680799
52680809
52680821
52680829
52680839
52680853
52680857
52680871
52680877
52680889
52680911
52680917
52680931
52680949
52680959
52680983
52680989
52681009
52681019
52681033
52681043
52681049
52681061
52681127
52681133
52681141
52681151
52681163
52681169
52681171
52681177
52681199
52681241
52681259
52681261
52681273
52681301
52681309
52681327
52681381
52681397
52681403
52681411
52681427
52681439
52681459
52681481
52681537
52681549
52681567
52681583
52681609
52681621
52681627
52681663
52681667
52681709
52681721
52681729
52681789
52681801
52681807
52681819
52681823
52681873
52681879
52681897
52681921
52681931
52681939
52681949
52681991
52682011
52682057
52682059
52682083
52682087
52682111
52682197
52682209
52682233
52682243
52682249
52682257
52682261
52682263
52682293
52682317
52682327
52682363
52682369
52682389
52682401
52682407
52682411
52682447
52682453
52682519
52682533
52682537
52682549
52682563
52682587
52682599
52682603
52682633
52682657
52682683
52682701
52682717
52682753
52682759
52682789
52682849
52682867
52682897
52682899
52682921
52682969
52682977
52683011
52683013
52683083
52683097
52683131
52683139
52683157
52683203
52683209
52683223
52683233
52683247
52683251
52683259
52683277
52683307
52683311
52683341
52683347
52683361
52683377
52683427
52683439
52683457
52683469
52683479
52683481
52683497
52683551
52683577
52683581
52683607
52683611
52683619
52683623
52683649
52683661
52683667
52683677
52683689
52683727
52683737
52683739
52683793
52683797
52683853
52683859
52683871
52683889
52683929
52683947
52683949
52683971
52683977
52683989
52683997
52684013
52684031
52684061
52684063
52684081
52684087
52684117
52684123
52684127
52684153
52684157
52684183
52684187
52684193
52684211
52684223
52684243
52684249
52684253
52684259
52684349
52684363
52684367
52684369
52684381
52684393
52684399
52684403
52684433
52684477
52684481
52684487
52684493
52684523
52684537
52684543
52684591
52684601
52684607
52684609
52684613
52684637
52684669
52684673
52684711
52684727
52684733
52684747
52684759
52684771
52684783
52684787
52684811
52684813
52684837
52684843
52684859
52684861
52684883
52684913
52684943
52684987
52684991
52684999
52685033
52685069
52685137
52685153
52685161
52685173
52685197
52685201
52685207
52685219
52685231
52685239
52685267
52685279
52685291
52685377
52685393
52685401
52685411
52685441
52685467
52685471
52685497
52685509
52685519
52685557
52685573
52685609
52685627
52685629
52685641
52685681
52685683
52685687
52685693
52685701
52685723
52685749
52685753
52685767
52685783
52685791
52685797
52685807
52685813
52685819
52685821
52685849
52685887
52685921
52685929
52685951
52685959
52685977
52685981
52685987
52685989
52686017
52686061
52686079
52686083
52686097
52686119
52686133
52686149
52686157
52686167
52686173
52686181
52686191
52686209
52686211
52686239
52686241
52686253
52686269
52686287
52686299
52686311
52686343
52686397
52686401
52686407
52686437
52686461
52686463
52686503
52686511
52686521
52686551
52686559
52686581
52686619
52686637
52686661
52686691
52686703
52686709
52686713
52686719
52686727
52686731
52686743
52686749
52686773
52686787
52686793
52686797
52686817
52686827
52686841
52686863
52686871
52686883
52686901
52686919
52686923
52686937
52686973
52686983
52687027
52687031
52687051
52687067
52687079
52687081
52687087
52687123
52687127
52687139
52687153
52687157
52687207
52687211
52687213
52687231
52687249
52687277
52687291
52687351
52687367
52687379
52687387
52687417
52687421
52687429
52687433
52687451
52687477
52687489
52687499
52687561
52687571
52687639
52687651
52687673
52687697
52687699
52687717
52687753
52687757
52687759
52687783
52687793
52687801
52687841
52687903
52687909
52687919
52687927
52687933
52687937
52687939
52687949
52687951
52687961
52687979
52687997
52688017
52688033
52688047
52688071
52688087
52688107
52688131
52688149
52688173
52688179
52688203
52688213
52688227
52688231
52688243
52688257
52688263
52688291
52688299
52688303
52688327
52688353
52688369
52688371
52688381
52688401
52688411
52688429
52688431
52688479
52688507
52688509
52688513
52688521
52688527
52688543
52688591
52688651
52688663
52688677
52688749
52688759
52688789
52688893
52688897
52688903
52688921
52688953
52688983
52689011
52689019
52689037
52689041
52689079
52689083
52689097
52689101
52689127
52689163
52689179
52689191
52689211
52689227
52689229
52689257
52689271
52689277
52689323
52689347
52689359
52689391
52689407
52689437
52689499
52689503
52689509
52689541
52689557
52689563
52689569
52689599
52689601
52689617
52689629
52689631
52689649
52689653
52689673
52689697
52689709
52689713
52689719
52689727
52689731
52689733
52689737
52689751
52689779
52689809
52689937
52689943
52689947
52689971
52689997
52690019
52690051
52690061
52690067
52690069
52690087
52690147
52690177
52690189
52690199
52690223
52690229
52690241
52690279
52690283
52690291
52690301
52690333
52690343
52690349
52690357
52690433
52690441
52690457
52690487
52690499
52690501
52690543
52690549
52690567
52690571
52690579
52690601
52690643
52690661
52690679
52690697
52690711
52690739
52690741
52690787
52690811
52690829
52690831
52690873
52690919
