50331653
50331683
50331691
50331707
50331709
50331719
50331763
50331767
50331793
50331811
50331847
50331857
50331863
50331871
50331881
50331901
50331913
50331943
50331979
50331989
50331997
50332001
50332013
50332021
50332031
50332049
50332063
50332067
50332091
50332097
50332123
50332141
50332153
50332169
50332171
50332187
50332193
50332199
50332207
50332213
50332241
50332283
50332327
50332333
50332339
50332357
50332363
50332409
50332417
50332421
50332423
50332433
50332493
50332507
50332517
50332519
50332523
50332531
50332571
50332589
50332627
50332637
50332651
50332657
50332673
50332687
50332727
50332739
50332741
50332753
50332757
50332759
50332781
50332783
50332811
50332837
50332861
50332889
50332897
50332927
50332939
50332967
50332973
50332999
50333027
50333029
50333051
50333053
50333069
50333089
50333111
50333159
50333197
50333201
50333233
50333237
50333267
50333273
50333279
50333291
50333293
50333321
50333329
50333333
50333341
50333347
50333351
50333369
50333377
50333383
50333399
50333443
50333449
50333461
50333467
50333501
50333519
50333537
50333539
50333551
50333567
50333581
50333597
50333611
50333629
50333659
50333681
50333711
50333713
50333741
50333749
50333771
50333797
50333807
50333809
50333813
50333819
50333837
50333873
50333897
50333909
50333953
50333963
50333989
50333993
50334001
50334007
50334013
50334017
50334061
50334071
50334073
50334077
50334079
50334107
50334121
50334131
50334197
50334199
50334223
50334233
50334241
50334253
50334269
50334293
50334311
50334329
50334341
50334371
50334391
50334397
50334407
50334413
50334443
50334457
50334481
50334521
50334533
50334539
50334547
50334551
50334587
50334617
50334631
50334653
50334673
50334679
50334719
50334721
50334797
50334829
50334871
50334883
50334899
50334913
50334919
50334941
50334961
50334997
50335007
50335013
50335027
50335037
50335057
50335081
50335093
50335099
50335121
50335139
50335141
50335169
50335189
50335211
50335217
50335253
50335297
50335321
50335333
50335343
50335361
50335367
50335393
50335399
50335409
50335421
50335423
50335451
50335457
50335459
50335469
50335489
50335529
50335547
50335583
50335591
50335601
50335603
50335633
50335639
50335643
50335679
50335687
50335697
50335711
50335717
50335729
50335739
50335771
50335777
50335781
50335801
50335829
50335841
50335853
50335871
50335897
50335913
50335933
50335951
50335979
50335981
50335993
50336009
50336047
50336057
50336063
50336071
50336081
50336093
50336123
50336131
50336147
50336159
50336161
50336171
50336177
50336191
50336197
50336267
50336287
50336333
50336369
50336413
50336423
50336441
50336449
50336459
50336477
50336543
50336551
50336557
50336563
50336593
50336597
50336603
50336623
50336633
50336659
50336669
50336731
50336743
50336749
50336801
50336809
50336827
50336843
50336879
50336893
50336911
50336917
50336929
50336933
50336969
50336977
50336999
50337013
50337029
50337031
50337037
50337059
50337071
50337073
50337097
50337101
50337103
50337151
50337173
50337193
50337197
50337229
50337239
50337257
50337269
50337281
50337283
50337293
50337311
50337337
50337349
50337361
50337379
50337407
50337431
50337433
50337449
50337451
50337473
50337481
50337503
50337523
50337557
50337559
50337571
50337577
50337587
50337589
50337601
50337607
50337613
50337671
50337689
50337691
50337719
50337733
50337737
50337739
50337743
50337779
50337803
50337827
50337841
50337857
50337887
50337943
50337949
50337967
50337977
50338009
50338021
50338051
50338061
50338103
50338121
50338147
50338159
50338193
50338199
50338213
50338243
50338261
50338273
50338289
50338297
50338303
50338307
50338313
50338319
50338331
50338339
50338357
50338367
50338369
50338487
50338517
50338531
50338553
50338567
50338579
50338583
50338591
50338601
50338627
50338727
50338747
50338763
50338781
50338807
50338837
50338843
50338877
50338889
50338891
50338913
50338949
50338957
50338963
50338979
50338987
50338991
50338997
50339011
50339017
50339027
50339039
50339053
50339083
50339089
50339131
50339137
50339147
50339153
50339171
50339173
50339207
50339221
50339231
50339243
50339279
50339291
50339297
50339299
50339321
50339461
50339489
50339503
50339521
50339537
50339551
50339561
50339599
50339603
50339609
50339687
50339693
50339741
50339761
50339767
50339789
50339813
50339833
50339843
50339881
50339897
50339899
50339909
50339951
50339953
50339957
50339959
50340007
50340011
50340013
50340029
50340047
50340053
50340061
50340083
50340137
50340163
50340167
50340193
50340197
50340203
50340209
50340211
50340221
50340223
50340293
50340299
50340341
50340343
50340347
50340359
50340377
50340403
50340419
50340421
50340427
50340439
50340449
50340457
50340463
50340467
50340469
50340473
50340503
50340509
50340541
50340547
50340571
50340593
50340599
50340643
50340649
50340679
50340691
50340701
50340733
50340737
50340749
50340761
50340779
50340793
50340827
50340847
50340853
50340877
50340881
50340943
50340959
50340967
50340973
50341033
50341079
50341087
50341111
50341121
50341141
50341171
50341177
50341211
50341223
50341271
50341283
50341307
50341327
50341339
50341367
50341373
50341381
50341391
50341429
50341439
50341441
50341451
50341453
50341513
50341517
50341537
50341561
50341567
50341591
50341633
50341637
50341639
50341663
50341667
50341699
50341721
50341751
50341763
50341787
50341801
50341813
50341817
50341829
50341831
50341843
50341847
50341853
50341873
50341909
50341919
50341937
50341939
50341943
50341957
50341969
50341979
50342011
50342059
50342063
50342069
50342099
50342107
50342111
50342113
50342119
50342129
50342143
50342251
50342261
50342269
50342309
50342351
50342353
50342359
50342363
50342371
50342401
50342407
50342429
50342441
50342449
50342477
50342519
50342531
50342549
50342557
50342563
50342573
50342581
50342597
50342599
50342623
50342639
50342659
50342693
50342707
50342717
50342741
50342749
50342767
50342777
50342813
50342843
50342863
50342867
50342879
50342891
50342909
50342911
50342921
50342953
50342993
50343019
50343023
50343031
50343037
50343049
50343053
50343071
50343079
50343089
50343091
50343109
50343119
50343143
50343151
50343187
50343191
50343193
50343211
50343221
50343259
50343263
50343277
50343283
50343289
50343301
50343323
50343329
50343373
50343383
50343427
50343479
50343487
50343493
50343509
50343523
50343529
50343539
50343541
50343563
50343581
50343593
50343641
50343649
50343701
50343737
50343763
50343767
50343809
50343847
50343871
50343893
50343911
50343949
50343983
50344039
50344043
50344057
50344061
50344109
50344127
50344141
50344159
50344163
50344193
50344199
50344247
50344253
50344277
50344289
50344303
50344313
50344331
50344373
50344381
50344387
50344417
50344439
50344453
50344513
50344517
50344519
50344559
50344571
50344601
50344603
50344627
50344643
50344687
50344691
50344709
50344711
50344739
50344747
50344757
50344771
50344793
50344799
50344807
50344823
50344829
50344867
50344933
50344951
50344993
50345021
50345047
50345051
50345063
50345081
50345093
50345101
50345129
50345153
50345161
50345179
50345203
50345219
50345221
50345257
50345263
50345287
50345291
50345293
50345353
50345371
50345387
50345411
50345423
50345429
50345437
50345447
50345489
50345501
50345521
50345539
50345543
50345563
50345579
50345587
50345591
50345599
50345627
50345629
50345651
50345671
50345677
50345717
50345723
50345741
50345749
50345753
50345761
50345777
50345803
50345807
50345833
50345843
50345849
50345861
50345899
50345917
50345929
50345957
50345963
50345969
50346017
50346019
50346031
50346047
50346083
50346089
50346097
50346113
50346137
50346169
50346187
50346193
50346199
50346211
50346221
50346227
50346239
50346251
50346277
50346281
50346301
50346341
50346383
50346397
50346419
50346431
50346433
50346437
50346473
50346481
50346493
50346509
50346539
50346551
50346601
50346607
50346613
50346623
50346629
50346631
50346641
50346643
50346671
50346683
50346691
50346727
50346731
50346733
50346743
50346749
50346761
50346781
50346787
50346797
50346833
50346853
50346889
50346943
50346983
50346997
50347019
50347039
50347043
50347049
50347091
50347123
50347127
50347133
50347153
50347159
50347177
50347181
50347189
50347201
50347223
50347229
50347247
50347259
50347261
50347267
50347279
50347291
50347301
50347309
50347333
50347357
50347369
50347439
50347447
50347457
50347469
50347471
50347513
50347519
50347537
50347541
50347553
50347579
50347601
50347643
50347651
50347679
50347699
50347729
50347757
50347769
50347789
50347819
50347823
50347831
50347837
50347841
50347873
50347879
50347889
50347901
50347939
50347961
50347981
50347987
50348003
50348029
50348047
50348057
50348059
50348069
50348071
50348093
50348107
50348131
50348149
50348153
50348161
50348171
50348183
50348189
50348191
50348209
50348267
50348273
50348303
50348317
50348323
50348377
50348387
50348411
50348413
50348429
50348447
50348479
50348483
50348491
50348497
50348531
50348539
50348549
50348561
50348579
50348591
50348603
50348629
50348647
50348677
50348707
50348761
50348773
50348777
50348821
50348873
50348899
50348927
50348939
50348981
50349029
50349041
50349043
50349059
50349073
50349077
50349083
50349109
50349113
50349151
50349157
50349179
50349197
50349199
50349241
50349251
50349269
50349287
50349337
50349367
50349371
50349419
50349421
50349433
50349451
50349463
50349473
50349491
50349503
50349511
50349521
50349527
50349547
50349569
50349571
50349589
50349659
50349661
50349667
50349671
50349679
50349683
50349707
50349727
50349731
50349769
50349773
50349811
50349821
50349823
50349853
50349877
50349883
50349889
50349907
50349917
50349919
50349953
50349989
50349991
50350021
50350063
50350067
50350099
50350117
50350121
50350123
50350127
50350129
50350163
50350199
50350213
50350219
50350249
50350253
50350271
50350273
50350283
50350309
50350327
50350331
50350343
50350367
50350403
50350429
50350453
50350457
50350471
50350483
50350493
50350523
50350543
50350591
50350607
50350609
50350633
50350637
50350649
50350661
50350679
50350691
50350709
50350717
50350759
50350793
50350813
50350843
50350849
50350891
50350919
50350921
50350961
50350967
50350981
50350997
50351011
50351017
50351027
50351039
50351057
50351069
50351137
50351143
50351149
50351153
50351173
50351177
50351261
50351269
50351281
50351303
50351333
50351359
50351363
50351381
50351383
50351437
50351449
50351459
50351479
50351489
50351503
50351573
50351579
50351591
50351599
50351621
50351629
50351647
50351659
50351663
50351683
50351699
50351723
50351759
50351789
50351831
50351837
50351849
50351863
50351869
50351887
50351891
50351893
50351911
50351921
50351923
50351929
50351981
50352013
50352019
50352047
50352089
50352103
50352119
50352143
50352157
50352161
50352187
50352191
50352233
50352251
50352259
50352287
50352293
50352307
50352319
50352331
50352347
50352353
50352361
50352383
50352397
50352403
50352457
50352481
50352499
50352503
50352509
50352529
50352559
50352563
50352607
50352647
50352661
50352667
50352677
50352689
50352721
50352737
50352739
50352761
50352763
50352769
50352791
50352817
50352821
50352847
50352857
50352899
50352947
50352949
50352971
50352989
50353001
50353007
50353033
50353063
50353067
50353081
50353091
50353103
50353109
50353111
50353151
50353153
50353159
50353213
50353223
50353241
50353267
50353273
50353291
50353297
50353307
50353321
50353333
50353349
50353423
50353427
50353469
50353481
50353493
50353519
50353543
50353547
50353571
50353607
50353613
50353621
50353627
50353637
50353669
50353679
50353687
50353691
50353729
50353747
50353757
50353759
50353777
50353811
50353829
50353837
50353871
50353883
50353909
50353921
50353991
50353997
50354011
50354021
50354033
50354099
50354113
50354149
50354167
50354177
50354231
50354233
50354251
50354303
50354309
50354347
50354371
50354377
50354443
50354489
50354497
50354539
50354593
50354599
50354641
50354651
50354653
50354713
50354723
50354741
50354747
50354771
50354779
50354783
50354791
50354803
50354851
50354873
50354879
50354897
50354923
50354957
50354971
50354977
50354987
50355013
50355017
50355029
50355047
50355059
50355079
50355091
50355103
50355121
50355131
50355157
50355161
50355167
50355169
50355229
50355233
50355251
50355271
50355287
50355289
50355293
50355299
50355359
50355413
50355419
50355433
50355443
50355449
50355457
50355499
50355511
50355521
50355527
50355559
50355601
50355607
50355611
50355647
50355653
50355673
50355713
50355787
50355791
50355841
50355863
50355869
50355953
50355959
50355961
50355971
50355973
50355983
50356003
50356013
50356021
50356027
50356037
50356051
50356063
50356067
50356073
50356081
50356109
50356123
50356127
50356153
50356157
50356169
50356181
50356211
50356217
50356219
50356237
50356249
50356279
50356283
50356301
50356333
50356351
50356357
50356387
50356393
50356399
50356421
50356429
50356433
50356451
50356507
50356547
50356609
50356613
50356619
50356687
50356717
50356721
50356723
50356727
50356739
50356753
50356763
50356769
50356777
50356807
50356811
50356819
50356829
50356841
50356843
50356849
50356853
50356877
50356919
50356931
50356937
50356939
50356951
50356961
50356991
50356993
50356997
50357003
50357017
50357023
50357029
50357039
50357081
50357101
50357117
50357123
50357129
50357161
50357173
50357221
50357231
50357233
50357249
50357297
50357309
50357339
50357393
50357441
50357459
50357477
50357479
50357497
50357551
50357561
50357563
50357569
50357597
50357599
50357623
50357641
50357683
50357693
50357701
50357707
50357719
50357743
50357759
50357767
50357779
50357819
50357837
50357849
50357917
50357929
50357933
50357939
50357947
50357959
50357969
50357987
50358023
50358079
50358089
50358157
50358169
50358173
50358179
50358223
50358251
50358263
50358271
50358277
50358281
50358283
50358299
50358307
50358317
50358331
50358359
50358389
50358401
50358409
50358457
50358463
50358491
50358509
50358521
50358527
50358577
50358589
50358593
50358613
50358643
50358647
50358691
50358697
50358731
50358751
50358769
50358779
50358793
50358821
50358823
50358827
50358857
50358859
50358881
50358899
50358901
50358941
50358967
50358991
50359019
50359027
50359039
50359061
50359073
50359081
50359091
50359157
50359181
50359189
50359201
50359207
50359217
50359223
50359237
50359249
50359271
50359279
50359289
50359301
50359303
50359313
50359327
50359363
50359409
50359427
50359429
50359433
50359453
50359459
50359483
50359499
50359501
50359511
50359549
50359583
50359591
50359597
50359609
50359637
50359649
50359651
50359663
50359667
50359697
50359721
50359733
50359739
50359753
50359769
50359801
50359817
50359819
50359843
50359873
50359877
50359901
50359909
50359927
50359943
50359957
50359963
50359987
50360021
50360053
50360111
50360113
50360129
50360131
50360143
50360147
50360159
50360221
50360227
50360243
50360249
50360251
50360263
50360311
50360347
50360357
50360411
50360417
50360447
50360459
50360509
50360533
50360537
50360543
50360549
50360551
50360573
50360581
50360599
50360627
50360671
50360693
50360701
50360711
50360719
50360747
50360753
50360801
50360803
50360809
50360837
50360857
50360861
50360873
50360881
50360899
50360909
50360911
50360983
50361013
50361029
50361037
50361061
50361071
50361097
50361109
50361119
50361121
50361169
50361193
50361203
50361209
50361211
50361217
50361251
50361253
50361271
50361281
50361301
50361317
50361323
50361347
50361359
50361401
50361427
50361433
50361449
50361491
50361503
50361517
50361523
50361587
50361601
50361637
50361673
50361677
50361679
50361709
50361733
50361739
50361749
50361757
50361767
50361811
50361821
50361853
50361859
50361967
50362021
50362049
50362057
50362061
50362093
50362121
50362129
50362171
50362181
50362261
50362267
50362297
50362339
50362363
50362373
50362379
50362399
50362451
50362463
50362489
50362511
50362523
50362537
50362541
50362553
50362567
50362583
50362607
50362649
50362651
50362703
50362723
50362727
50362747
50362751
50362799
50362831
50362841
50362843
50362859
50362877
50362889
50362909
50362913
50362969
50362979
50362997
50362999
50363009
50363039
50363041
50363051
50363057
50363059
50363087
50363099
50363101
50363107
50363113
50363149
50363153
50363171
50363177
50363213
50363219
50363237
50363239
50363249
50363263
50363267
50363279
50363311
50363317
50363329
50363371
50363387
50363407
50363419
50363429
50363513
50363531
50363557
50363567
50363591
50363597
50363609
50363617
50363627
50363647
50363659
50363681
50363683
50363717
50363759
50363773
50363783
50363791
50363827
50363849
50363899
50363909
50363947
50363959
50363969
50364053
50364059
50364071
50364073
50364091
50364103
50364107
50364131
50364133
50364143
50364157
50364169
50364179
50364191
50364203
50364211
50364221
50364241
50364247
50364253
50364283
50364311
50364323
50364337
50364341
50364371
50364373
50364403
50364407
50364409
50364451
50364499
50364521
50364529
50364551
50364563
50364571
50364577
50364593
50364607
50364617
50364623
50364647
50364667
50364673
50364679
50364697
50364703
50364707
50364719
50364731
50364737
50364749
50364751
50364757
50364767
50364827
50364913
50364929
50364943
50364959
50364961
50364983
50364989
50365001
50365027
50365031
50365037
50365069
50365099
50365151
50365223
50365243
50365253
50365267
50365283
50365349
50365361
50365369
50365379
50365387
50365391
50365397
50365411
50365429
50365433
50365451
50365453
50365457
50365459
50365501
50365519
50365531
50365537
50365559
50365583
50365619
50365631
50365657
50365673
50365703
50365801
50365807
50365813
50365823
50365829
50365831
50365853
50365871
50365873
50365877
50365879
50365891
50365907
50365921
50365927
50365933
50365937
50365949
50365961
50365967
50365969
50365993
50366033
50366047
50366101
50366123
50366137
50366153
50366161
50366167
50366171
50366191
50366209
50366219
50366221
50366237
50366263
50366293
50366317
50366347
50366357
50366363
50366369
50366383
50366429
50366441
50366453
50366467
50366497
50366501
50366531
50366539
50366567
50366593
50366627
50366639
50366653
50366671
50366677
50366681
50366683
50366759
50366773
50366779
50366783
50366821
50366839
50366851
50366857
50366863
50366873
50366887
50366893
50366923
50366977
50366999
50367019
50367041
50367071
50367089
50367131
50367143
50367167
50367169
50367173
50367197
50367211
50367223
50367241
50367253
50367257
50367259
50367293
50367301
50367307
50367349
50367353
50367371
50367389
50367391
50367419
50367431
50367433
50367439
50367463
50367469
50367479
50367487
50367509
50367511
50367521
50367547
50367587
50367601
50367607
50367643
50367661
50367671
50367679
50367703
50367731
50367763
50367773
50367781
50367799
50367817
50367827
50367847
50367851
50367871
50367881
50367893
50367931
50367943
50367949
50367997
50368001
50368027
50368033
50368079
50368103
50368111
50368117
50368139
50368147
50368159
50368169
50368177
50368189
50368207
50368231
50368237
50368243
50368247
50368261
50368289
50368291
50368337
50368343
50368361
50368363
50368387
50368427
50368441
50368471
50368529
50368531
50368543
50368547
50368553
50368559
50368651
50368663
50368667
50368673
50368687
50368693
50368697
50368699
50368757
50368783
50368789
50368811
50368817
50368823
50368837
50368883
50368889
50368931
50368933
50368937
50368961
50368973
50368987
50368991
50369021
50369029
50369041
50369047
50369069
50369071
50369083
50369117
50369129
50369159
50369167
50369243
50369251
50369261
50369273
50369309
50369353
50369359
50369377
50369381
50369387
50369393
50369447
50369483
50369503
50369507
50369509
50369519
50369533
50369567
50369581
50369611
50369621
50369633
50369647
50369651
50369659
50369717
50369777
50369783
50369789
50369801
50369807
50369821
50369843
50369857
50369867
50369873
50369909
50369911
50369933
50369939
50369941
50369951
50369971
50369989
50369993
50369999
50370037
50370043
50370049
50370053
50370077
50370091
50370107
50370109
50370119
50370137
50370149
50370191
50370223
50370227
50370239
50370241
50370251
50370259
50370277
50370301
50370367
50370389
50370401
50370407
50370409
50370433
50370469
50370487
50370497
50370517
50370521
50370547
50370559
50370563
50370581
50370583
50370599
50370623
50370631
50370647
50370659
50370703
50370739
50370751
50370757
50370763
50370769
50370773
50370787
50370799
50370833
50370841
50370871
50370889
50370893
50370899
50370911
50370917
50370937
50370961
50370967
50371003
50371031
50371037
50371049
50371091
50371129
50371133
50371157
50371183
50371207
50371267
50371271
50371273
50371283
50371303
50371327
50371333
50371339
50371379
50371423
50371439
50371441
50371457
50371469
50371481
50371483
50371501
50371507
50371511
50371513
50371547
50371553
50371577
50371591
50371609
50371627
50371661
50371667
50371669
50371691
50371693
50371721
50371729
50371751
50371801
50371813
50371847
50371859
50371861
50371957
50371961
50371973
50371987
50371991
50372009
50372011
50372027
50372081
50372107
50372111
50372143
50372171
50372191
50372213
50372219
50372233
50372261
50372269
50372291
50372293
50372339
50372347
50372383
50372407
50372423
50372453
50372471
50372473
50372521
50372557
50372563
50372603
50372633
50372659
50372669
50372687
50372689
50372731
50372741
50372753
50372761
50372789
50372809
50372821
50372851
50372879
50372891
50372893
50372897
50372941
50372953
50372957
50372983
50373017
50373041
50373067
50373101
50373107
50373121
50373131
50373149
50373157
50373173
50373181
50373217
50373221
50373223
50373229
50373241
50373259
50373287
50373307
50373311
50373341
50373371
50373383
50373403
50373413
50373443
50373457
50373469
50373487
50373497
50373517
50373523
50373553
50373559
50373563
50373569
50373593
50373599
50373619
50373637
50373641
50373647
50373671
50373677
50373721
50373727
50373773
50373809
50373811
50373821
50373847
50373857
50373877
50373893
50373949
50373971
50374007
50374013
50374019
50374031
50374033
50374067
50374081
50374099
50374109
50374123
50374127
50374193
50374201
50374223
50374229
50374243
50374253
50374273
50374309
50374343
50374361
50374369
50374391
50374403
50374409
50374447
50374463
50374469
50374481
50374483
50374517
50374547
50374601
50374603
50374607
50374631
50374651
50374663
50374679
50374697
50374729
50374771
50374777
50374781
50374789
50374813
50374829
50374843
50374867
50374873
50374879
50374889
50374897
50374921
50374939
50374949
50374957
50374999
50375011
50375021
50375027
50375033
50375041
50375047
50375053
50375077
50375141
50375147
50375161
50375173
50375179
50375201
50375209
50375257
50375293
50375309
50375371
50375393
50375411
50375417
50375431
50375443
50375473
50375483
50375579
50375609
50375627
50375659
50375683
50375719
50375729
50375737
50375779
50375797
50375807
50375827
50375861
50375863
50375867
50375873
50375881
50375891
50375903
50375939
50375959
50375993
50375999
50376017
50376037
50376041
50376071
50376089
50376113
50376169
50376197
50376217
50376223
50376229
50376251
50376257
50376259
50376283
50376289
50376307
50376323
50376377
50376379
50376401
50376409
50376449
50376479
50376493
50376503
50376517
50376523
50376541
50376569
50376583
50376589
50376611
50376629
50376707
50376727
50376749
50376761
50376769
50376773
50376787
50376791
50376817
50376827
50376841
50376863
50376889
50376913
50376917
50376919
50376941
50376947
50376971
50376979
50377009
50377013
50377021
50377027
50377039
50377057
50377079
50377087
50377097
50377111
50377141
50377157
50377169
50377177
50377193
50377211
50377213
50377231
50377237
50377247
50377253
50377267
50377289
50377297
50377309
50377331
50377333
50377339
50377343
50377363
50377391
50377423
50377441
50377451
50377529
50377571
50377577
50377603
50377637
50377651
50377667
50377673
50377687
50377693
50377699
50377703
50377709
50377711
50377739
50377781
50377813
50377819
50377829
50377841
50377861
50377871
50377879
50377907
50377927
50377933
50377973
50377997
50378011
50378023
50378033
50378039
50378057
50378059
50378077
50378117
50378129
50378137
50378147
50378161
50378189
50378197
50378203
50378213
50378269
50378287
50378311
50378333
50378353
50378371
50378387
50378411
50378417
50378431
50378437
50378453
50378473
50378477
50378479
50378483
50378491
50378521
50378551
50378569
50378611
50378617
50378651
50378659
50378663
50378681
50378711
50378749
50378753
50378773
50378777
50378789
50378807
50378827
50378849
50378851
50378869
50378879
50378891
50378893
50378897
50378921
50378953
50378957
50378959
50378981
50378989
50379031
50379053
50379067
50379083
50379113
50379139
50379149
50379151
50379209
50379221
50379227
50379233
50379281
50379319
50379323
50379331
50379337
50379341
50379353
50379379
50379383
50379419
50379443
50379457
50379479
50379481
50379487
50379509
50379523
50379599
50379673
50379677
50379689
50379751
50379781
50379793
50379803
50379809
50379827
50379851
50379853
50379863
50379881
50379893
50379899
50379907
50379919
50379941
50379947
50379971
50380007
50380019
50380049
50380123
50380139
50380207
50380217
50380237
50380249
50380271
50380283
50380289
50380303
50380307
50380313
50380321
50380331
50380339
50380357
50380361
50380387
50380409
50380423
50380441
50380507
50380531
50380553
50380567
50380573
50380579
50380597
50380613
50380633
50380651
50380657
50380667
50380669
50380679
50380703
50380721
50380769
50380777
50380783
50380789
50380823
50380861
50380871
50380903
50380931
50380949
50380963
50380973
50380987
50380991
50380997
50381011
50381021
50381041
50381099
50381101
50381117
50381131
50381147
50381167
50381171
50381173
50381189
50381197
50381203
50381237
50381257
50381263
50381267
50381269
50381311
50381327
50381341
50381351
50381411
50381413
50381447
50381503
50381533
50381537
50381543
50381549
50381561
50381563
50381593
50381599
50381629
50381633
50381647
50381657
50381687
50381717
50381719
50381759
50381783
50381803
50381809
50381819
50381831
50381839
50381861
50381867
50381911
50381927
50381941
50381953
50381957
50381963
50381993
50382011
50382083
50382107
50382109
50382119
50382131
50382151
50382179
50382181
50382217
50382221
50382247
50382257
50382349
50382359
50382377
50382379
50382389
50382403
50382427
50382461
50382463
50382467
50382473
50382491
50382517
50382539
50382557
50382559
50382569
50382571
50382587
50382589
50382601
50382649
50382659
50382677
50382697
50382707
50382721
50382733
50382749
50382751
50382757
50382779
50382793
50382817
50382823
50382869
50382881
50382901
50382907
50382911
50382931
50383001
50383007
50383031
50383033
50383043
50383103
50383127
50383139
50383141
50383147
50383181
50383183
50383199
50383211
50383217
50383247
50383259
50383261
50383273
50383279
50383303
50383343
50383349
50383369
50383373
50383379
50383391
50383429
50383439
50383441
50383451
50383453
50383477
50383511
50383513
50383561
50383589
50383609
50383657
50383673
50383691
50383693
50383709
50383727
50383757
50383771
50383783
50383787
50383811
50383813
50383819
50383841
50383843
50383847
50383849
50383873
50383891
50383901
50383913
50383967
50383981
50383997
50384011
50384023
50384027
50384063
50384069
50384077
50384093
50384119
50384149
50384167
50384197
50384233
50384249
50384273
50384317
50384357
50384377
50384429
50384443
50384473
50384483
50384497
50384539
50384563
50384567
50384647
50384669
50384671
50384683
50384723
50384771
50384783
50384791
50384833
50384839
50384849
50384869
50384891
50384933
50384959
50384969
50384989
50384993
50385011
50385029
50385031
50385047
50385053
50385073
50385077
50385103
50385113
50385143
50385149
50385191
50385211
50385217
50385239
50385241
50385253
50385259
50385287
50385299
50385353
50385443
50385463
50385497
50385521
50385523
50385547
50385619
50385623
50385661
50385667
50385677
50385697
50385703
50385719
50385733
50385743
50385763
50385767
50385779
50385787
50385793
50385799
50385821
50385827
50385859
50385869
50385871
50385877
50385883
50385889
50385899
50385901
50385913
50385919
50385949
50385953
50385961
50385983
50386019
50386027
50386033
50386057
50386087
50386097
50386109
50386139
50386151
50386159
50386201
50386213
50386223
50386241
50386243
50386247
50386277
50386289
50386291
50386313
50386321
50386339
50386367
50386379
50386387
50386403
50386409
50386471
50386477
50386513
50386519
50386541
50386547
50386559
50386573
50386579
50386597
50386603
50386607
50386631
50386639
50386643
50386681
50386709
50386751
50386757
50386771
50386823
50386849
50386871
50386877
50386907
50386937
50386939
50386943
50386957
50386967
50387021
50387027
50387063
50387111
50387143
50387147
50387171
50387173
50387191
50387203
50387213
50387231
50387251
50387299
50387333
50387347
50387353
50387419
50387429
50387501
50387509
50387531
50387537
50387567
50387569
50387581
50387591
50387611
50387627
50387629
50387651
50387657
50387663
50387669
50387693
50387699
50387707
50387731
50387749
50387759
50387773
50387801
50387837
50387839
50387849
50387879
50387923
50387929
50387933
50387941
50387977
50388011
50388029
50388049
50388053
50388067
50388073
50388083
50388097
50388157
50388161
50388179
50388211
50388223
50388253
50388259
50388263
50388269
50388281
50388293
50388311
50388343
50388367
50388397
50388421
50388449
50388509
50388511
50388517
50388529
50388563
50388571
50388593
50388599
50388601
50388617
50388659
50388673
50388677
50388727
50388739
50388749
50388781
50388787
50388803
50388827
50388829
50388839
50388853
50388869
50388887
50388889
50388917
50388937
50388941
50388953
50388967
50388971
50388973
50388977
50388997
50389013
50389033
50389057
50389091
50389109
50389147
50389151
50389177
50389181
50389223
50389231
50389237
50389243
50389253
50389271
50389321
50389333
50389373
50389393
50389399
50389433
50389441
50389447
50389457
50389487
50389489
50389511
50389541
50389553
50389567
50389579
50389589
50389613
50389639
50389673
50389693
50389699
50389709
50389723
50389739
50389741
50389777
50389813
50389873
50389877
50389879
50389891
50389897
50389939
50389949
50389951
50389961
50389979
50389991
50389993
50390009
50390029
50390069
50390077
50390083
50390089
50390099
50390101
50390117
50390149
50390173
50390233
50390257
50390267
50390273
50390293
50390311
50390323
50390341
50390359
50390369
50390383
50390393
50390399
50390423
50390437
50390471
50390477
50390497
50390507
50390573
50390597
50390609
50390611
50390621
50390623
50390647
50390653
50390713
50390731
50390741
50390749
50390783
50390789
50390801
50390803
50390833
50390867
50390891
50390911
50390917
50390947
50390959
50390981
50390987
50391001
50391013
50391017
50391023
50391031
50391037
50391079
50391083
50391101
50391119
50391149
50391157
50391163
50391167
50391193
50391197
50391199
50391217
50391259
50391283
50391293
50391317
50391323
50391331
50391343
50391347
50391391
50391421
50391427
50391431
50391443
50391457
50391479
50391511
50391547
50391577
50391581
50391599
50391619
50391623
50391631
50391703
50391713
50391727
50391739
50391769
50391773
50391787
50391793
50391797
50391799
50391811
50391877
50391907
50391941
50391953
50391977
50391983
50391989
50392003
50392007
50392021
50392051
50392079
50392091
50392099
50392109
50392127
50392129
50392141
50392151
50392183
50392193
50392207
50392211
50392213
50392217
50392231
50392249
50392253
50392273
50392289
50392327
50392337
50392339
50392357
50392361
50392367
50392387
50392421
50392429
50392439
50392469
50392477
50392499
50392501
50392519
50392523
50392543
50392561
50392583
50392627
50392669
50392679
50392697
50392729
50392739
50392781
50392819
50392829
50392831
50392873
50392907
50392939
50392963
50393003
50393009
50393027
50393047
50393081
50393087
50393093
50393099
50393171
50393183
50393209
50393227
50393237
50393251
50393267
50393281
50393303
50393309
50393311
50393323
50393327
50393347
50393351
50393393
50393401
50393411
50393429
50393443
50393467
50393479
50393489
50393501
50393509
50393531
50393543
50393557
50393573
50393587
50393597
50393657
50393659
50393663
50393671
50393701
50393723
50393771
50393803
50393809
50393821
50393843
50393873
50393887
50393891
50393921
50393923
50393951
50393957
50393977
50394007
50394053
50394059
50394067
50394073
50394077
50394101
50394131
50394139
50394161
50394229
50394263
50394269
50394283
50394301
50394329
50394343
50394367
50394391
50394397
50394433
50394439
50394457
50394473
50394503
50394523
50394527
50394551
50394569
50394571
50394577
50394583
50394599
50394611
50394689
50394713
50394719
50394731
50394739
50394769
50394793
50394803
50394833
50394853
50394907
50394917
50394923
50394931
50394937
50394941
50394943
50394947
50394977
50394983
50395013
50395031
50395043
50395063
50395091
50395099
50395117
50395129
50395141
50395151
50395153
50395171
50395207
50395223
50395249
50395253
50395291
50395297
50395349
50395351
50395363
50395379
50395393
50395399
50395403
50395409
50395427
50395439
50395447
50395453
50395469
50395487
50395493
50395511
50395567
50395603
50395607
50395637
50395643
50395663
50395669
50395673
50395679
50395687
50395693
50395717
50395721
50395727
50395747
50395781
50395789
50395799
50395811
50395841
50395879
50395897
50395907
50395937
50395963
50395981
50396029
50396051
50396053
50396081
50396083
50396107
50396119
50396141
50396147
50396179
50396191
50396201
50396231
50396249
50396263
50396299
50396317
50396329
50396363
50396369
50396377
50396389
50396407
50396413
50396441
50396453
50396509
50396513
50396527
50396537
50396539
50396573
50396579
50396597
50396603
50396609
50396629
50396651
50396699
50396713
50396719
50396729
50396741
50396743
50396777
50396783
50396821
50396839
50396861
50396869
50396897
50396939
50396963
50397001
50397037
50397043
50397047
50397049
50397059
50397089
50397121
50397143
50397167
