51118091
51118139
51118147
51118153
51118157
51118159
51118211
51118217
51118219
51118247
51118273
51118279
51118297
51118313
51118393
51118421
51118433
51118453
51118471
51118481
51118499
51118567
51118577
51118579
51118589
51118631
51118633
51118637
51118699
51118703
51118723
51118733
51118741
51118747
51118757
51118763
51118777
51118807
51118817
51118829
51118849
51118853
51118861
51118883
51118891
51118901
51118931
51118933
51118937
51118961
51118979
51118981
51118997
51119009
51119027
51119039
51119059
51119111
51119113
51119129
51119137
51119149
51119183
51119227
51119249
51119261
51119267
51119269
51119273
51119293
51119297
51119339
51119347
51119353
51119371
51119407
51119423
51119447
51119449
51119461
51119477
51119479
51119513
51119521
51119531
51119567
51119591
51119611
51119623
51119641
51119669
51119699
51119701
51119707
51119711
51119723
51119729
51119741
51119749
51119753
51119759
51119767
51119771
51119773
51119807
51119821
51119843
51119863
51119911
51119923
51119927
51119933
51119947
51119951
51119987
51120029
51120049
51120059
51120061
51120119
51120131
51120133
51120149
51120211
51120217
51120227
51120253
51120259
51120287
51120319
51120323
51120331
51120341
51120353
51120383
51120389
51120403
51120437
51120463
51120527
51120539
51120551
51120557
51120571
51120611
51120617
51120647
51120653
51120661
51120677
51120689
51120701
51120731
51120737
51120739
51120749
51120761
51120763
51120787
51120827
51120833
51120841
51120863
51120889
51120893
51120931
51120941
51120943
51121009
51121033
51121043
51121061
51121073
51121117
51121121
51121123
51121127
51121141
51121163
51121237
51121253
51121307
51121337
51121339
51121361
51121373
51121393
51121423
51121429
51121439
51121451
51121463
51121471
51121489
51121493
51121501
51121507
51121513
51121523
51121529
51121537
51121549
51121561
51121579
51121583
51121591
51121597
51121613
51121649
51121657
51121717
51121729
51121747
51121781
51121823
51121841
51121849
51121859
51121877
51121879
51121891
51121897
51121919
51121933
51121949
51121963
51121979
51122021
51122047
51122063
51122117
51122129
51122153
51122167
51122171
51122177
51122191
51122231
51122237
51122311
51122321
51122327
51122333
51122341
51122359
51122363
51122371
51122377
51122381
51122387
51122413
51122437
51122471
51122473
51122479
51122501
51122507
51122549
51122551
51122573
51122593
51122633
51122651
51122663
51122681
51122683
51122693
51122759
51122761
51122779
51122801
51122807
51122833
51122837
51122857
51122861
51122873
51122891
51122923
51122959
51122963
51122971
51122983
51122987
51123031
51123041
51123047
51123067
51123073
51123109
51123119
51123151
51123161
51123179
51123197
51123221
51123253
51123277
51123311
51123313
51123341
51123377
51123379
51123383
51123389
51123407
51123409
51123427
51123461
51123463
51123487
51123493
51123497
51123511
51123599
51123643
51123649
51123659
51123691
51123703
51123707
51123713
51123727
51123731
51123739
51123757
51123797
51123803
51123817
51123833
51123841
51123859
51123869
51123883
51123887
51123893
51123923
51123949
51123971
51123979
51123983
51124001
51124037
51124043
51124057
51124063
51124069
51124091
51124093
51124103
51124123
51124127
51124159
51124169
51124207
51124217
51124223
51124243
51124247
51124289
51124319
51124327
51124351
51124373
51124387
51124399
51124429
51124471
51124501
51124511
51124517
51124519
51124531
51124543
51124553
51124571
51124583
51124589
51124643
51124657
51124669
51124679
51124681
51124751
51124769
51124781
51124783
51124793
51124823
51124841
51124867
51124873
51124897
51124901
51124903
51124907
51124919
51124943
51124949
51124951
51124973
51124981
51125003
51125023
51125027
51125051
51125077
51125117
51125119
51125131
51125149
51125177
51125189
51125201
51125279
51125299
51125303
51125339
51125353
51125363
51125377
51125383
51125387
51125407
51125413
51125419
51125461
51125497
51125533
51125537
51125539
51125567
51125597
51125617
51125629
51125639
51125671
51125717
51125741
51125743
51125771
51125773
51125779
51125807
51125821
51125831
51125861
51125911
51125959
51125969
51125993
51126013
51126029
51126121
51126137
51126149
51126197
51126199
51126203
51126209
51126233
51126241
51126277
51126281
51126289
51126323
51126329
51126331
51126337
51126343
51126371
51126377
51126389
51126421
51126431
51126433
51126451
51126457
51126487
51126521
51126547
51126557
51126571
51126577
51126611
51126617
51126679
51126697
51126703
51126707
51126763
51126767
51126773
51126787
51126793
51126833
51126839
51126869
51126899
51126919
51126923
51126941
51126949
51126961
51126979
51126991
51126997
51127001
51127009
51127019
51127049
51127057
51127067
51127103
51127121
51127127
51127133
51127147
51127163
51127169
51127187
51127201
51127247
51127259
51127267
51127273
51127283
51127289
51127337
51127343
51127357
51127361
51127379
51127409
51127411
51127421
51127429
51127469
51127477
51127481
51127487
51127501
51127507
51127511
51127529
51127553
51127561
51127579
51127589
51127631
51127639
51127663
51127679
51127691
51127693
51127709
51127733
51127753
51127759
51127799
51127801
51127877
51127907
51127913
51127927
51128003
51128029
51128071
51128081
51128101
51128113
51128123
51128137
51128159
51128171
51128173
51128177
51128179
51128239
51128243
51128257
51128267
51128281
51128291
51128293
51128317
51128323
51128327
51128359
51128377
51128381
51128447
51128461
51128501
51128513
51128531
51128551
51128569
51128611
51128647
51128657
51128659
51128717
51128719
51128743
51128767
51128807
51128897
51128899
51128929
51128947
51128953
51128963
51128971
51128999
51129007
51129101
51129103
51129119
51129121
51129131
51129157
51129167
51129179
51129181
51129229
51129257
51129263
51129271
51129277
51129283
51129293
51129329
51129347
51129371
51129383
51129389
51129401
51129433
51129457
51129473
51129479
51129493
51129497
51129503
51129587
51129593
51129601
51129613
51129619
51129647
51129649
51129653
51129679
51129733
51129737
51129763
51129769
51129787
51129809
51129811
51129839
51129847
51129853
51129913
51129973
51129979
51129983
51130021
51130039
51130043
51130069
51130091
51130133
51130141
51130171
51130187
51130193
51130199
51130201
51130207
51130231
51130243
51130249
51130259
51130267
51130279
51130283
51130291
51130297
51130309
51130351
51130361
51130367
51130369
51130379
51130381
51130421
51130427
51130481
51130493
51130507
51130529
51130537
51130571
51130591
51130609
51130613
51130621
51130631
51130643
51130711
51130727
51130753
51130777
51130789
51130831
51130841
51130847
51130853
51130867
51130889
51130897
51130903
51130907
51130927
51130939
51130967
51130969
51130987
51131009
51131021
51131029
51131039
51131051
51131057
51131081
51131083
51131099
51131107
51131131
51131207
51131209
51131219
51131243
51131279
51131303
51131383
51131389
51131411
51131417
51131449
51131453
51131473
51131477
51131497
51131501
51131537
51131539
51131543
51131557
51131581
51131593
51131621
51131623
51131651
51131677
51131693
51131719
51131747
51131749
51131753
51131761
51131777
51131837
51131849
51131863
51131867
51131923
51131933
51131939
51132001
51132007
51132019
51132023
51132041
51132049
51132061
51132071
51132077
51132079
51132089
51132127
51132131
51132139
51132143
51132163
51132239
51132253
51132259
51132271
51132293
51132317
51132337
51132343
51132349
51132353
51132383
51132397
51132449
51132451
51132493
51132511
51132533
51132541
51132581
51132589
51132593
51132607
51132623
51132643
51132661
51132689
51132707
51132721
51132751
51132761
51132769
51132791
51132793
51132797
51132799
51132827
51132833
51132847
51132869
51132899
51132911
51132929
51132931
51132941
51132947
51132959
51132973
51132989
51132997
51133007
51133021
51133031
51133087
51133097
51133111
51133171
51133193
51133213
51133241
51133279
51133307
51133343
51133367
51133391
51133417
51133421
51133429
51133441
51133457
51133463
51133483
51133547
51133553
51133571
51133591
51133597
51133609
51133633
51133651
51133657
51133717
51133721
51133763
51133781
51133829
51133843
51133877
51133879
51133891
51133903
51133913
51133933
51133937
51133949
51133961
51133967
51133981
51134033
51134053
51134063
51134077
51134081
51134087
51134099
51134117
51134119
51134141
51134143
51134191
51134201
51134203
51134207
51134219
51134243
51134273
51134311
51134357
51134371
51134387
51134389
51134399
51134417
51134431
51134437
51134441
51134459
51134483
51134527
51134537
51134539
51134549
51134563
51134579
51134591
51134597
51134599
51134641
51134669
51134693
51134729
51134747
51134761
51134807
51134857
51134891
51134921
51134927
51134939
51135001
51135067
51135079
51135083
51135103
51135169
51135173
51135191
51135209
51135223
51135247
51135281
51135283
51135307
51135311
51135313
51135317
51135319
51135347
51135349
51135361
51135367
51135377
51135379
51135397
51135419
51135421
51135431
51135433
51135437
51135449
51135481
51135499
51135529
51135563
51135589
51135599
51135607
51135611
51135641
51135653
51135659
51135683
51135703
51135727
51135731
51135761
51135767
51135769
51135809
51135823
51135827
51135839
51135853
51135863
51135869
51135893
51135943
51135971
51135977
51135991
51136009
51136013
51136021
51136027
51136097
51136121
51136123
51136133
51136157
51136171
51136181
51136207
51136219
51136223
51136231
51136247
51136249
51136271
51136321
51136339
51136381
51136409
51136447
51136457
51136487
51136507
51136511
51136537
51136607
51136609
51136633
51136637
51136649
51136667
51136711
51136721
51136739
51136741
51136747
51136777
51136783
51136793
51136807
51136817
51136823
51136859
51136873
51136909
51136913
51136919
51136951
51136991
51137033
51137039
51137069
51137117
51137143
51137153
51137161
51137167
51137171
51137201
51137221
51137239
51137263
51137267
51137279
51137323
51137329
51137351
51137357
51137369
51137399
51137407
51137453
51137477
51137491
51137497
51137503
51137519
51137521
51137563
51137573
51137587
51137599
51137623
51137629
51137641
51137651
51137729
51137773
51137789
51137791
51137803
51137831
51137839
51137869
51137881
51137893
51137897
51137899
51137903
51137909
51137917
51137939
51137969
51137981
51138001
51138007
51138011
51138013
51138067
51138071
51138079
51138083
51138089
51138097
51138119
51138173
51138221
51138229
51138271
51138277
51138287
51138293
51138301
51138319
51138337
51138341
51138343
51138349
51138377
51138391
51138413
51138457
51138463
51138467
51138469
51138539
51138547
51138553
51138569
51138589
51138611
51138613
51138641
51138643
51138667
51138697
51138701
51138713
51138733
51138851
51138859
51138869
51138877
51138883
51138887
51138917
51138929
51138943
51138953
51139001
51139003
51139007
51139021
51139037
51139061
51139063
51139087
51139091
51139141
51139159
51139171
51139237
51139261
51139301
51139303
51139343
51139357
51139447
51139481
51139523
51139531
51139573
51139579
51139589
51139591
51139601
51139609
51139637
51139643
51139651
51139663
51139679
51139681
51139709
51139717
51139747
51139793
51139813
51139861
51139871
51139889
51139967
51139973
51139981
51139999
51140003
51140009
51140069
51140083
51140101
51140107
51140123
51140129
51140147
51140171
51140203
51140213
51140231
51140237
51140249
51140251
51140263
51140273
51140279
51140303
51140317
51140333
51140347
51140351
51140393
51140399
51140423
51140429
51140447
51140449
51140461
51140491
51140563
51140581
51140591
51140611
51140689
51140737
51140767
51140773
51140783
51140797
51140801
51140819
51140827
51140851
51140857
51140861
51140863
51140927
51140933
51140941
51140963
51140977
51140987
51141011
51141037
51141053
51141059
51141089
51141107
51141109
51141113
51141127
51141137
51141149
51141163
51141187
51141191
51141193
51141199
51141247
51141263
51141281
51141283
51141313
51141329
51141347
51141353
51141359
51141367
51141373
51141379
51141439
51141463
51141469
51141479
51141487
51141509
51141527
51141533
51141551
51141557
51141589
51141617
51141619
51141631
51141641
51141647
51141667
51141707
51141709
51141721
51141743
51141799
51141809
51141821
51141823
51141841
51141859
51141889
51141907
51141917
51141929
51141931
51141941
51141953
51141983
51141997
51142019
51142031
51142061
51142073
51142097
51142123
51142127
51142139
51142187
51142199
51142207
51142213
51142241
51142277
51142303
51142361
51142367
51142387
51142411
51142417
51142423
51142451
51142459
51142463
51142499
51142577
51142607
51142633
51142657
51142667
51142669
51142673
51142709
51142723
51142739
51142753
51142759
51142771
51142789
51142829
51142831
51142837
51142853
51142913
51142937
51142939
51142951
51142981
51142999
51143011
51143033
51143047
51143063
51143069
51143083
51143093
51143101
51143107
51143119
51143137
51143159
51143161
51143171
51143201
51143233
51143291
51143353
51143363
51143381
51143387
51143413
51143419
51143423
51143431
51143447
51143453
51143479
51143503
51143551
51143557
51143593
51143623
51143627
51143629
51143669
51143683
51143693
51143711
51143717
51143759
51143767
51143773
51143777
51143783
51143797
51143821
51143843
51143857
51143861
51143867
51143891
51143909
51143921
51143923
51143947
51143951
51143957
51143959
51143971
51143977
51143987
51144013
51144061
51144073
51144127
51144133
51144187
51144263
51144277
51144283
51144299
51144307
51144349
51144361
51144367
51144377
51144391
51144403
51144419
51144427
51144461
51144469
51144493
51144503
51144539
51144581
51144607
51144623
51144647
51144659
51144707
51144733
51144739
51144763
51144781
51144803
51144809
51144811
51144833
51144839
51144851
51144853
51144859
51144869
51144881
51144887
51144983
51144991
51145001
51145021
51145033
51145049
51145051
51145057
51145079
51145109
51145121
51145219
51145223
51145229
51145249
51145309
51145343
51145349
51145379
51145403
51145417
51145427
51145429
51145439
51145441
51145453
51145463
51145499
51145519
51145553
51145561
51145603
51145607
51145609
51145613
51145637
51145643
51145667
51145681
51145687
51145697
51145709
51145711
51145751
51145769
51145793
51145807
51145811
51145841
51145867
51145903
51145933
51145949
51145957
51145987
51145993
51146021
51146033
51146059
51146071
51146077
51146083
51146087
51146129
51146143
51146167
51146191
51146237
51146269
51146281
51146287
51146297
51146317
51146323
51146327
51146357
51146369
51146413
51146419
51146449
51146467
51146471
51146477
51146533
51146539
51146587
51146593
51146597
51146603
51146653
51146657
51146663
51146671
51146699
51146713
51146729
51146741
51146743
51146773
51146789
51146791
51146801
51146867
51146933
51146957
51146971
51147013
51147029
51147037
51147043
51147059
51147073
51147079
51147127
51147133
51147137
51147157
51147163
51147181
51147199
51147211
51147251
51147263
51147287
51147289
51147301
51147311
51147319
51147323
51147347
51147353
51147361
51147389
51147401
51147403
51147457
51147497
51147521
51147533
51147539
51147553
51147557
51147559
51147581
51147583
51147587
51147589
51147659
51147661
51147697
51147709
51147721
51147739
51147743
51147757
51147823
51147827
51147841
51147847
51147893
51147907
51147913
51147919
51147937
51147947
51147989
51148037
51148039
51148051
51148061
51148091
51148093
51148157
51148177
51148193
51148213
51148243
51148249
51148261
51148271
51148277
51148283
51148301
51148303
51148309
51148333
51148351
51148367
51148421
51148429
51148441
51148459
51148469
51148477
51148499
51148507
51148519
51148523
51148579
51148583
51148621
51148633
51148649
51148679
51148681
51148697
51148751
51148759
51148777
51148789
51148793
51148807
51148829
51148843
51148847
51148879
51148919
51148949
51148957
51148961
51148967
51149003
51149009
51149023
51149027
51149041
51149051
51149089
51149149
51149177
51149183
51149191
51149213
51149233
51149239
51149249
51149251
51149269
51149321
51149327
51149339
51149383
51149431
51149437
51149443
51149453
51149459
51149471
51149477
51149479
51149507
51149513
51149551
51149557
51149561
51149569
51149573
51149621
51149627
51149629
51149633
51149639
51149687
51149689
51149701
51149711
51149731
51149737
51149741
51149759
51149797
51149803
51149807
51149809
51149831
51149851
51149869
51149887
51149899
51149911
51149963
51149971
51149977
51149981
51149993
51150013
51150017
51150023
51150037
51150041
51150049
51150079
51150089
51150107
51150131
51150133
51150167
51150181
51150233
51150251
51150271
51150293
51150343
51150361
51150389
51150397
51150431
51150439
51150469
51150499
51150511
51150557
51150571
51150587
51150599
51150623
51150661
51150667
51150677
51150691
51150709
51150721
51150733
51150769
51150791
51150811
51150823
51150833
51150839
51150857
51150887
51150893
51150929
51150941
51151007
51151013
51151031
51151033
51151049
51151063
51151069
51151073
51151091
51151109
51151117
51151127
51151129
51151153
51151207
51151223
51151229
51151297
51151327
51151337
51151343
51151357
51151403
51151423
51151433
51151459
51151469
51151483
51151493
51151523
51151531
51151537
51151543
51151547
51151561
51151567
51151571
51151601
51151613
51151687
51151693
51151697
51151717
51151721
51151769
51151783
51151799
51151801
51151813
51151831
51151843
51151873
51151907
51151909
51151913
51151937
51151951
51151957
51151979
51151981
51151999
51152011
51152029
51152039
51152041
51152053
51152107
51152113
51152117
51152131
51152149
51152159
51152173
51152177
51152197
51152243
51152249
51152251
51152273
51152279
51152281
51152287
51152291
51152323
51152357
51152363
51152369
51152399
51152401
51152443
51152477
51152489
51152513
51152551
51152567
51152593
51152597
51152603
51152663
51152669
51152687
51152729
51152747
51152753
51152797
51152809
51152837
51152867
51152869
51152887
51152891
51152903
51152909
51152917
51152939
51152951
51152957
51152963
51152971
51152977
51152987
51153029
51153043
51153077
51153103
51153107
51153161
51153163
51153239
51153253
51153257
51153287
51153337
51153341
51153353
51153371
51153397
51153407
51153433
51153439
51153451
51153457
51153463
51153467
51153469
51153497
51153511
51153523
51153539
51153577
51153581
51153589
51153601
51153667
51153671
51153673
51153727
51153737
51153743
51153749
51153787
51153793
51153821
51153827
51153829
51153899
51153911
51153917
51153919
51153923
51153931
51153953
51153967
51153983
51153989
51154007
51154013
51154021
51154043
51154049
51154067
51154069
51154079
51154087
51154109
51154111
51154157
51154163
51154171
51154199
51154217
51154261
51154273
51154291
51154303
51154349
51154409
51154423
51154427
51154459
51154469
51154483
51154501
51154541
51154549
51154559
51154561
51154573
51154591
51154603
51154627
51154657
51154679
51154687
51154703
51154709
51154721
51154759
51154769
51154771
51154781
51154787
51154801
51154837
51154871
51154877
51154879
51154891
51154931
51154933
51154951
51154963
51154997
51155021
51155033
51155047
51155063
51155077
51155081
51155099
51155119
51155147
51155173
51155189
51155257
51155281
51155297
51155311
51155347
51155359
51155387
51155443
51155453
51155471
51155477
51155483
51155491
51155501
51155521
51155527
51155539
51155551
51155561
51155579
51155617
51155633
51155641
51155677
51155683
51155711
51155729
51155743
51155761
51155777
51155779
51155807
51155813
51155827
51155833
51155837
51155843
51155851
51155903
51155911
51155947
51155953
51155959
51155963
51155969
51156011
51156013
51156023
51156067
51156073
51156097
51156109
51156121
51156143
51156167
51156181
51156241
51156253
51156271
51156299
51156337
51156353
51156361
51156403
51156421
51156431
51156433
51156499
51156503
51156517
51156527
51156559
51156571
51156629
51156631
51156641
51156647
51156653
51156659
51156661
51156671
51156691
51156719
51156737
51156751
51156767
51156779
51156793
51156811
51156817
51156823
51156839
51156863
51156871
51156883
51156887
51156923
51156983
51157019
51157049
51157087
51157091
51157123
51157147
51157151
51157153
51157163
51157181
51157187
51157193
51157219
51157237
51157279
51157283
51157339
51157357
51157391
51157399
51157411
51157427
51157429
51157439
51157453
51157459
51157489
51157493
51157499
51157523
51157529
51157549
51157567
51157577
51157591
51157609
51157619
51157621
51157669
51157697
51157739
51157751
51157753
51157763
51157787
51157789
51157801
51157807
51157837
51157853
51157871
51157891
51157901
51157919
51157933
51157961
51157969
51157991
51157999
51158011
51158027
51158033
51158057
51158071
51158099
51158111
51158113
51158131
51158147
51158167
51158171
51158209
51158227
51158249
51158257
51158281
51158329
51158333
51158363
51158399
51158413
51158441
51158483
51158489
51158501
51158537
51158539
51158543
51158561
51158573
51158599
51158617
51158641
51158663
51158717
51158719
51158747
51158771
51158791
51158801
51158803
51158843
51158873
51158881
51158903
51158909
51158941
51158953
51158971
51158981
51158993
51159011
51159013
51159079
51159113
51159131
51159139
51159149
51159167
51159169
51159181
51159187
51159193
51159209
51159211
51159221
51159233
51159319
51159323
51159397
51159403
51159413
51159421
51159461
51159467
51159473
51159487
51159491
51159497
51159523
51159529
51159553
51159557
51159601
51159607
51159611
51159617
51159649
51159673
51159701
51159707
51159709
51159737
51159767
51159769
51159821
51159853
51159869
51159877
51159883
51159929
51159943
51159967
51160001
51160003
51160009
51160019
51160037
51160049
51160063
51160069
51160091
51160093
51160097
51160117
51160127
51160129
51160181
51160183
51160189
51160223
51160229
51160243
51160267
51160271
51160279
51160297
51160301
51160387
51160391
51160427
51160469
51160471
51160477
51160481
51160489
51160507
51160519
51160523
51160561
51160573
51160607
51160649
51160651
51160679
51160691
51160699
51160721
51160723
51160777
51160793
51160817
51160853
51160861
51160867
51160877
51160897
51160903
51160909
51160913
51160931
51160937
51160961
51160997
51161021
51161063
51161093
51161107
51161141
51161207
51161213
51161219
51161237
51161261
51161287
51161291
51161293
51161311
51161321
51161323
51161353
51161359
51161387
51161413
51161419
51161431
51161447
51161459
51161479
51161489
51161503
51161527
51161531
51161543
51161557
51161573
51161587
51161599
51161603
51161611
51161647
51161659
51161681
51161689
51161707
51161731
51161741
51161753
51161779
51161783
51161797
51161807
51161837
51161839
51161843
51161849
51161879
51161881
51161893
51161899
51161911
51161923
51161933
51161939
51161989
51162011
51162029
51162037
51162049
51162053
51162073
51162091
51162107
51162109
51162151
51162169
51162173
51162187
51162211
51162227
51162229
51162233
51162247
51162259
51162271
51162323
51162337
51162413
51162457
51162479
51162509
51162523
51162539
51162541
51162569
51162589
51162593
51162599
51162619
51162623
51162637
51162653
51162677
51162719
51162737
51162739
51162751
51162779
51162821
51162841
51162857
51162869
51162871
51162883
51162887
51162901
51162907
51162913
51162959
51162973
51162977
51162997
51163027
51163031
51163043
51163117
51163129
51163139
51163169
51163171
51163243
51163283
51163297
51163309
51163327
51163351
51163369
51163379
51163397
51163403
51163417
51163429
51163433
51163459
51163493
51163501
51163513
51163517
51163549
51163571
51163573
51163643
51163649
51163687
51163691
51163703
51163741
51163759
51163781
51163787
51163841
51163843
51163901
51163927
51163943
51163951
51163961
51163969
51163997
51164011
51164039
51164041
51164051
51164063
51164077
51164089
51164111
51164119
51164123
51164129
51164147
51164159
51164189
51164209
51164221
51164227
51164261
51164263
51164279
51164287
51164317
51164327
51164329
51164357
51164369
51164383
51164401
51164417
51164461
51164471
51164521
51164527
51164563
51164569
51164629
51164639
51164647
51164651
51164653
51164693
51164699
51164723
51164731
51164749
51164753
51164767
51164779
51164791
51164807
51164819
51164831
51164837
51164851
51164863
51164921
51164957
51164989
51165001
51165013
51165029
51165083
51165091
51165109
51165113
51165167
51165173
51165197
51165199
51165203
51165217
51165229
51165277
51165307
51165311
51165319
51165337
51165341
51165349
51165371
51165391
51165467
51165479
51165493
51165503
51165509
51165577
51165607
51165619
51165659
51165661
51165679
51165701
51165703
51165721
51165739
51165749
51165769
51165781
51165787
51165811
51165817
51165839
51165853
51165859
51165871
51165883
51165901
51165911
51165913
51165943
51165949
51165953
51165967
51165977
51165979
51166043
51166051
51166067
51166103
51166109
51166123
51166139
51166163
51166169
51166201
51166217
51166229
51166231
51166261
51166267
51166273
51166279
51166303
51166333
51166343
51166351
51166361
51166369
51166391
51166439
51166463
51166471
51166519
51166529
51166537
51166547
51166553
51166561
51166573
51166579
51166607
51166637
51166657
51166663
51166667
51166673
51166679
51166699
51166711
51166721
51166727
51166741
51166757
51166763
51166781
51166807
51166831
51166837
51166847
51166849
51166853
51166859
51166877
51166891
51166909
51166937
51166939
51166949
51167063
51167113
51167117
51167131
51167141
51167147
51167153
51167173
51167231
51167243
51167261
51167269
51167279
51167299
51167327
51167351
51167353
51167359
51167381
51167393
51167447
51167449
51167461
51167483
51167497
51167521
51167527
51167533
51167657
51167659
51167681
51167693
51167729
51167731
51167777
51167797
51167813
51167827
51167839
51167849
51167863
51167873
51167891
51167899
51167903
51167917
51167933
51167951
51167953
51167957
51167981
51167999
51168017
51168023
51168049
51168059
51168071
51168097
51168119
51168167
51168193
51168199
51168233
51168251
51168277
51168319
51168329
51168331
51168343
51168361
51168371
51168389
51168407
51168413
51168433
51168437
51168449
51168461
51168497
51168527
51168599
51168613
51168617
51168619
51168643
51168659
51168661
51168679
51168683
51168701
51168703
51168707
51168713
51168727
51168749
51168769
51168781
51168809
51168811
51168841
51168857
51168883
51168889
51168893
51168907
51168913
51168961
51168979
51168983
51169007
51169049
51169051
51169067
51169093
51169103
51169117
51169121
51169159
51169163
51169193
51169213
51169231
51169247
51169249
51169291
51169309
51169367
51169397
51169463
51169523
51169567
51169607
51169627
51169633
51169639
51169649
51169663
51169739
51169753
51169757
51169759
51169777
51169799
51169837
51169841
51169849
51169873
51169879
51169961
51169973
51170003
51170023
51170039
51170047
51170083
51170087
51170089
51170099
51170137
51170167
51170183
51170191
51170213
51170233
51170257
51170267
51170293
51170347
51170359
51170393
51170411
51170437
51170479
51170489
51170533
51170543
51170549
51170557
51170569
51170573
51170597
51170611
51170627
51170633
51170659
51170671
51170681
51170687
51170689
51170711
51170719
51170723
51170771
51170797
51170803
51170809
51170831
51170849
51170869
51170879
51170881
51170891
51170893
51170923
51170927
51170939
51171011
51171017
51171019
51171073
51171097
51171101
51171103
51171137
51171143
51171149
51171179
51171187
51171193
51171229
51171257
51171271
51171299
51171311
51171319
51171331
51171353
51171361
51171371
51171397
51171413
51171433
51171437
51171473
51171487
51171493
51171557
51171563
51171569
51171583
51171691
51171709
51171761
51171773
51171797
51171817
51171833
51171847
51171859
51171881
51171893
51171943
51171947
51172003
51172007
51172019
51172061
51172087
51172097
51172133
51172249
51172271
51172273
51172291
51172313
51172321
51172333
51172349
51172361
51172367
51172379
51172393
51172403
51172421
51172441
51172477
51172481
51172483
51172531
51172543
51172547
51172549
51172553
51172573
51172579
51172607
51172619
51172621
51172663
51172679
51172687
51172691
51172721
51172727
51172729
51172777
51172787
51172799
51172811
51172817
51172829
51172897
51172921
51172939
51172951
51172969
51172987
51172997
51173011
51173041
51173047
51173063
51173117
51173123
51173149
51173153
51173159
51173173
51173189
51173203
51173231
51173233
51173263
51173273
51173279
51173299
51173303
51173323
51173357
51173359
51173377
51173389
51173399
51173407
51173411
51173443
51173477
51173497
51173501
51173503
51173509
51173513
51173531
51173537
51173539
51173543
51173561
51173579
51173609
51173623
51173663
51173677
51173737
51173797
51173807
51173809
51173819
51173831
51173833
51173851
51173869
51173879
51173887
51173921
51173939
51174007
51174043
51174047
51174077
51174089
51174107
51174127
51174133
51174139
51174157
51174161
51174169
51174187
51174209
51174229
51174251
51174259
51174271
51174281
51174329
51174341
51174407
51174419
51174421
51174427
51174449
51174469
51174479
51174499
51174503
51174509
51174511
51174527
51174551
51174553
51174577
51174593
51174631
51174637
51174659
51174661
51174677
51174689
51174691
51174703
51174713
51174719
51174727
51174749
51174787
51174797
51174817
51174853
51174901
51174941
51174943
51174989
51175009
51175043
51175063
51175073
51175081
51175109
51175121
51175123
51175127
51175133
51175139
51175153
51175171
51175177
51175183
51175193
51175217
51175231
51175273
51175283
51175297
51175363
51175373
51175381
51175427
51175507
51175511
51175519
51175541
51175549
51175567
51175571
51175573
51175577
51175591
51175603
51175613
51175681
51175703
51175741
51175753
51175757
51175771
51175777
51175781
51175799
51175819
51175841
51175843
51175871
51175879
51175919
51175931
51175937
51175961
51176023
51176029
51176033
51176051
51176087
51176089
51176093
51176107
51176117
51176119
51176123
51176131
51176179
51176189
51176201
51176221
51176243
51176261
51176269
51176287
51176297
51176299
51176309
51176317
51176347
51176351
51176369
51176371
51176383
51176393
51176401
51176413
51176417
51176471
51176473
51176479
51176491
51176497
51176537
51176539
51176549
51176597
51176611
51176617
51176623
51176639
51176663
51176669
51176693
51176701
51176707
51176711
51176759
51176767
51176803
51176813
51176833
51176849
51176891
51176893
51176921
51176927
51176929
51176963
51176999
51177019
51177037
51177041
51177043
51177059
51177067
51177101
51177107
51177151
51177163
51177169
51177173
51177193
51177197
51177209
51177233
51177271
51177283
51177299
51177319
51177331
51177337
51177349
51177397
51177409
51177443
51177457
51177473
51177487
51177493
51177499
51177509
51177517
51177527
51177593
51177601
51177613
51177619
51177629
51177649
51177653
51177661
51177671
51177673
51177677
51177703
51177727
51177733
51177739
51177743
51177757
51177767
51177781
51177827
51177851
51177853
51177911
51177943
51177949
51177979
51177983
51178009
51178021
51178027
51178031
51178051
51178087
51178091
51178093
51178103
51178111
51178121
51178139
51178187
51178189
51178219
51178273
51178307
51178321
51178327
51178339
51178349
51178357
51178399
51178447
51178453
51178459
51178493
51178513
51178559
51178597
51178601
51178607
51178637
51178639
51178651
51178667
51178693
51178709
51178711
51178727
51178753
51178759
51178781
51178801
51178819
51178843
51178847
51178873
51178909
51178921
51178931
51178991
51179003
51179033
51179039
51179041
51179057
51179077
51179083
51179087
51179119
51179131
51179153
51179173
51179201
51179203
51179207
51179243
51179263
51179267
51179269
51179273
51179279
51179311
51179327
51179329
51179341
51179353
51179371
51179389
51179411
51179413
51179467
51179477
51179489
51179509
51179561
51179573
51179581
51179587
51179591
51179599
51179627
51179633
51179651
51179657
51179683
51179719
51179743
51179753
51179771
51179783
51179797
51179827
51179837
51179903
51179923
51179929
51179941
51179951
51179971
51179981
51179987
51179993
51180001
51180007
51180011
51180067
51180089
51180097
51180113
51180119
51180121
51180131
51180179
51180193
51180203
51180211
51180253
51180263
51180271
51180289
51180293
51180301
51180329
51180377
51180379
51180383
51180407
51180413
51180427
51180461
51180463
51180469
51180487
51180499
51180511
51180541
51180581
51180593
51180599
51180617
51180629
51180631
51180653
51180667
51180677
51180683
51180691
51180709
51180733
51180739
51180743
51180763
51180809
51180817
51180823
51180869
51180973
51181001
51181007
51181021
51181057
51181069
51181121
51181139
51181147
51181153
51181171
51181181
51181183
51181211
51181213
51181219
51181253
51181267
51181357
51181363
51181387
51181423
51181451
51181457
51181483
51181499
51181513
51181523
51181561
51181583
51181591
51181597
51181639
51181643
51181657
51181703
51181721
51181727
51181771
51181777
51181787
51181789
51181811
51181813
51181829
51181909
51181937
51181939
51181957
51181987
51182003
51182009
51182017
51182041
51182069
51182077
51182101
51182123
51182141
51182161
51182191
51182207
51182213
51182231
51182237
51182269
51182281
51182293
51182297
51182311
51182347
51182357
51182363
51182377
51182399
51182449
51182459
51182479
51182491
51182497
51182533
51182539
51182557
51182603
51182609
51182627
51182633
51182639
51182647
51182653
51182711
51182717
51182731
51182741
51182759
51182773
51182783
51182819
51182821
51182837
51182839
51182851
51182867
51182881
51182897
51182909
51182927
51182933
51182939
51182947
51182959
51182969
51182983
51182987
51182993
51183007
51183019
51183037
51183043
51183049
51183053
51183059
51183079
51183089
51183101
51183113
51183157
51183203
51183221
51183241
51183259
51183271
51183281
51183299
51183317
51183323
51183367
51183371
51183383
51183401
51183421
51183479
51183491
51183493
51183497
51183551
51183577
51183589
51183593
51183599
