53346317
53346329
53346331
53346343
53346367
53346373
53346389
53346413
53346421
53346431
53346463
53346487
53346529
53346569
53346577
53346581
53346583
53346611
53346613
53346653
53346677
53346701
53346707
53346719
53346743
53346751
53346767
53346791
53346809
53346823
53346827
53346829
53346857
53346869
53346871
53346947
53346967
53346971
53346973
53346977
53346983
53347039
53347061
53347067
53347069
53347087
53347111
53347121
53347157
53347201
53347267
53347271
53347279
53347319
53347321
53347339
53347363
53347379
53347417
53347423
53347439
53347453
53347457
53347471
53347507
53347529
53347531
53347537
53347561
53347589
53347631
53347681
53347691
53347727
53347729
53347753
53347771
53347793
53347799
53347813
53347817
53347829
53347841
53347871
53347873
53347901
53347919
53347927
53347933
53347939
53347967
53347997
53347999
53348003
53348039
53348041
53348089
53348101
53348137
53348153
53348161
53348171
53348177
53348189
53348209
53348231
53348233
53348279
53348287
53348297
53348299
53348341
53348357
53348359
53348377
53348387
53348389
53348411
53348417
53348437
53348441
53348467
53348479
53348501
53348521
53348531
53348539
53348557
53348563
53348573
53348579
53348591
53348593
53348609
53348611
53348641
53348657
53348663
53348671
53348677
53348689
53348717
53348723
53348741
53348773
53348797
53348819
53348929
53348957
53348987
53348989
53349007
53349011
53349019
53349031
53349041
53349053
53349059
53349073
53349083
53349091
53349097
53349113
53349119
53349133
53349137
53349139
53349151
53349193
53349199
53349209
53349223
53349269
53349293
53349337
53349343
53349367
53349377
53349379
53349391
53349403
53349407
53349409
53349421
53349427
53349431
53349433
53349467
53349469
53349479
53349509
53349521
53349557
53349577
53349601
53349607
53349617
53349623
53349643
53349649
53349677
53349691
53349721
53349749
53349761
53349773
53349781
53349809
53349823
53349869
53349883
53349887
53349953
53349991
53350019
53350021
53350027
53350049
53350067
53350069
53350091
53350103
53350117
53350127
53350151
53350177
53350207
53350211
53350223
53350237
53350261
53350273
53350279
53350331
53350333
53350391
53350393
53350397
53350399
53350439
53350457
53350469
53350511
53350513
53350529
53350543
53350571
53350589
53350673
53350681
53350697
53350699
53350711
53350723
53350733
53350747
53350769
53350789
53350819
53350849
53350853
53350861
53350889
53350897
53350901
53350919
53350931
53350939
53350987
53351009
53351021
53351057
53351059
53351087
53351141
53351143
53351161
53351173
53351197
53351201
53351239
53351257
53351267
53351273
53351327
53351339
53351357
53351369
53351383
53351429
53351437
53351461
53351477
53351479
53351483
53351489
53351531
53351567
53351581
53351587
53351603
53351609
53351629
53351659
53351663
53351717
53351719
53351723
53351747
53351803
53351813
53351821
53351827
53351869
53351873
53351887
53351911
53351929
53351951
53351959
53351971
53351993
53351999
53352017
53352031
53352049
53352053
53352071
53352127
53352149
53352179
53352181
53352217
53352223
53352241
53352259
53352289
53352329
53352347
53352367
53352389
53352391
53352401
53352407
53352421
53352427
53352463
53352469
53352487
53352499
53352529
53352553
53352587
53352599
53352641
53352701
53352743
53352751
53352781
53352791
53352797
53352833
53352841
53352863
53352883
53352889
53352899
53352907
53352911
53352941
53352977
53352989
53352991
53353043
53353057
53353061
53353087
53353093
53353099
53353103
53353109
53353117
53353129
53353133
53353187
53353193
53353199
53353207
53353229
53353231
53353253
53353337
53353357
53353369
53353381
53353393
53353397
53353403
53353409
53353427
53353441
53353471
53353477
53353481
53353541
53353543
53353603
53353609
53353613
53353627
53353637
53353639
53353687
53353709
53353733
53353739
53353747
53353753
53353757
53353763
53353777
53353787
53353793
53353799
53353829
53353831
53353879
53353901
53353903
53353931
53353933
53353981
53353991
53353999
53354003
53354009
53354011
53354017
53354027
53354039
53354051
53354053
53354107
53354123
53354141
53354149
53354153
53354179
53354201
53354207
53354219
53354233
53354251
53354263
53354269
53354281
53354303
53354339
53354341
53354363
53354369
53354387
53354393
53354401
53354417
53354429
53354531
53354533
53354557
53354569
53354591
53354611
53354633
53354659
53354669
53354677
53354681
53354711
53354773
53354797
53354803
53354837
53354863
53354881
53354887
53354893
53354923
53354933
53354957
53354969
53354971
53354989
53355013
53355017
53355019
53355023
53355031
53355091
53355143
53355167
53355179
53355187
53355223
53355251
53355271
53355301
53355319
53355329
53355349
53355353
53355373
53355403
53355413
53355427
53355431
53355451
53355457
53355487
53355493
53355499
53355509
53355539
53355551
53355569
53355583
53355623
53355671
53355689
53355691
53355703
53355727
53355749
53355779
53355793
53355847
53355851
53355901
53355923
53355947
53355949
53355959
53355983
53355997
53356007
53356019
53356057
53356063
53356087
53356091
53356097
53356099
53356103
53356181
53356223
53356229
53356241
53356243
53356253
53356267
53356279
53356307
53356337
53356339
53356349
53356367
53356379
53356397
53356411
53356417
53356441
53356483
53356529
53356543
53356559
53356603
53356631
53356661
53356663
53356687
53356691
53356697
53356741
53356747
53356753
53356763
53356777
53356789
53356801
53356811
53356813
53356817
53356819
53356841
53356843
53356847
53356861
53356871
53356889
53356903
53356967
53356969
53357011
53357021
53357039
53357069
53357077
53357137
53357147
53357201
53357243
53357257
53357261
53357279
53357287
53357321
53357327
53357333
53357341
53357363
53357389
53357413
53357429
53357449
53357471
53357483
53357489
53357497
53357501
53357519
53357587
53357597
53357617
53357621
53357639
53357657
53357659
53357683
53357743
53357761
53357779
53357783
53357807
53357867
53357869
53357893
53357911
53357921
53357923
53357957
53357987
53357989
53358001
53358031
53358047
53358077
53358079
53358089
53358119
53358139
53358143
53358163
53358169
53358187
53358191
53358203
53358211
53358269
53358271
53358287
53358299
53358307
53358311
53358323
53358341
53358377
53358397
53358407
53358433
53358449
53358451
53358493
53358499
53358509
53358511
53358541
53358553
53358577
53358587
53358607
53358611
53358629
53358649
53358673
53358691
53358703
53358731
53358779
53358797
53358817
53358853
53358857
53358871
53358881
53358883
53358889
53358911
53358931
53358941
53358961
53358983
53358989
53358997
53359013
53359027
53359063
53359099
53359121
53359183
53359199
53359219
53359249
53359261
53359279
53359283
53359297
53359331
53359351
53359357
53359373
53359381
53359399
53359421
53359441
53359457
53359469
53359477
53359487
53359489
53359511
53359529
53359531
53359547
53359571
53359577
53359591
53359597
53359627
53359633
53359637
53359639
53359667
53359679
53359693
53359697
53359703
53359727
53359759
53359763
53359781
53359783
53359829
53359853
53359879
53359949
53359951
53359963
53359967
53359973
53360009
53360053
53360057
53360071
53360089
53360101
53360129
53360149
53360159
53360183
53360213
53360231
53360233
53360257
53360273
53360309
53360317
53360323
53360339
53360353
53360357
53360381
53360387
53360389
53360413
53360431
53360443
53360473
53360477
53360479
53360491
53360497
53360509
53360513
53360519
53360537
53360563
53360581
53360599
53360611
53360627
53360633
53360677
53360687
53360693
53360707
53360729
53360731
53360753
53360761
53360779
53360789
53360819
53360837
53360863
53360869
53360887
53360891
53360921
53360941
53360947
53360953
53360959
53360971
53360981
53360999
53361017
53361023
53361041
53361047
53361071
53361097
53361109
53361169
53361197
53361223
53361227
53361241
53361251
53361263
53361307
53361359
53361361
53361379
53361391
53361439
53361461
53361493
53361499
53361523
53361527
53361551
53361559
53361593
53361599
53361611
53361617
53361629
53361643
53361647
53361661
53361673
53361701
53361719
53361727
53361743
53361773
53361811
53361859
53361871
53361883
53361887
53361907
53361941
53361947
53361983
53361989
53362003
53362021
53362027
53362073
53362079
53362121
53362123
53362147
53362151
53362159
53362193
53362207
53362219
53362229
53362237
53362261
53362289
53362301
53362321
53362327
53362333
53362357
53362363
53362381
53362403
53362427
53362453
53362483
53362493
53362559
53362567
53362577
53362627
53362637
53362649
53362681
53362693
53362703
53362717
53362721
53362723
53362741
53362747
53362787
53362801
53362817
53362823
53362831
53362889
53362909
53362919
53362951
53362979
53362993
53363029
53363041
53363069
53363071
53363111
53363131
53363137
53363143
53363173
53363179
53363207
53363237
53363257
53363279
53363293
53363309
53363327
53363333
53363339
53363341
53363383
53363389
53363417
53363437
53363447
53363491
53363501
53363521
53363537
53363543
53363587
53363669
53363693
53363701
53363707
53363711
53363729
53363743
53363759
53363801
53363809
53363831
53363839
53363851
53363861
53363873
53363897
53363917
53363939
53363957
53363983
53364013
53364019
53364023
53364041
53364043
53364053
53364061
53364107
53364131
53364149
53364169
53364191
53364193
53364253
53364277
53364281
53364313
53364341
53364371
53364373
53364413
53364427
53364449
53364469
53364473
53364491
53364517
53364527
53364551
53364583
53364613
53364617
53364631
53364653
53364659
53364709
53364713
53364721
53364743
53364769
53364793
53364809
53364823
53364833
53364847
53364869
53364877
53364893
53364907
53364923
53364929
53364937
53364953
53364967
53365003
53365007
53365009
53365033
53365111
53365121
53365139
53365153
53365157
53365171
53365187
53365219
53365237
53365253
53365259
53365283
53365289
53365321
53365337
53365343
53365373
53365381
53365387
53365391
53365427
53365439
53365453
53365489
53365511
53365513
53365531
53365573
53365577
53365579
53365583
53365607
53365643
53365649
53365651
53365679
53365687
53365693
53365757
53365769
53365783
53365799
53365817
53365841
53365861
53365883
53365901
53365919
53365933
53365937
53365981
53365987
53365997
53366011
53366017
53366057
53366059
53366063
53366069
53366081
53366101
53366107
53366123
53366147
53366161
53366191
53366219
53366249
53366251
53366263
53366303
53366347
53366359
53366413
53366437
53366441
53366473
53366477
53366491
53366513
53366527
53366539
53366557
53366563
53366567
53366591
53366597
53366603
53366609
53366629
53366657
53366681
53366713
53366749
53366771
53366777
53366809
53366861
53366879
53366891
53366897
53366899
53366939
53366941
53366947
53366959
53366977
53366993
53367007
53367011
53367031
53367053
53367059
53367077
53367101
53367109
53367113
53367121
53367133
53367187
53367203
53367229
53367269
53367271
53367277
53367311
53367323
53367361
53367367
53367397
53367401
53367407
53367421
53367451
53367469
53367481
53367487
53367529
53367533
53367563
53367617
53367649
53367673
53367703
53367707
53367719
53367733
53367749
53367757
53367761
53367791
53367793
53367823
53367829
53367851
53367877
53367943
53367971
53367973
53367989
53368001
53368009
53368013
53368043
53368061
53368079
53368099
53368103
53368153
53368163
53368177
53368181
53368187
53368201
53368241
53368243
53368291
53368309
53368327
53368339
53368379
53368387
53368411
53368421
53368451
53368477
53368493
53368507
53368517
53368531
53368537
53368561
53368591
53368603
53368607
53368631
53368643
53368669
53368673
53368681
53368697
53368699
53368723
53368753
53368769
53368771
53368781
53368807
53368813
53368817
53368823
53368841
53368849
53368859
53368871
53368873
53368927
53368957
53368979
53369021
53369027
53369093
53369179
53369191
53369203
53369221
53369263
53369279
53369291
53369293
53369311
53369333
53369363
53369389
53369399
53369419
53369441
53369489
53369513
53369521
53369527
53369543
53369549
53369593
53369597
53369609
53369627
53369639
53369653
53369663
53369671
53369731
53369737
53369753
53369761
53369791
53369839
53369881
53369909
53369933
53369963
53369969
53369971
53369977
53369983
53369999
53370047
53370071
53370073
53370091
53370101
53370113
53370133
53370137
53370139
53370167
53370193
53370199
53370211
53370223
53370277
53370283
53370287
53370307
53370323
53370329
53370337
53370341
53370347
53370349
53370371
53370379
53370403
53370409
53370491
53370503
53370517
53370533
53370587
53370589
53370617
53370619
53370631
53370641
53370671
53370683
53370689
53370721
53370731
53370739
53370749
53370763
53370773
53370839
53370847
53370881
53370901
53370931
53370937
53370959
53371001
53371013
53371033
53371037
53371039
53371091
53371093
53371121
53371139
53371141
53371193
53371207
53371229
53371261
53371267
53371271
53371277
53371291
53371309
53371327
53371333
53371343
53371387
53371411
53371441
53371519
53371537
53371561
53371567
53371603
53371607
53371621
53371657
53371663
53371693
53371699
53371727
53371757
53371771
53371793
53371811
53371853
53371859
53371867
53371883
53371909
53371939
53371943
53371957
53371991
53372003
53372017
53372087
53372107
53372117
53372147
53372233
53372243
53372269
53372279
53372281
53372317
53372327
53372353
53372357
53372369
53372381
53372393
53372399
53372419
53372453
53372471
53372477
53372507
53372509
53372513
53372531
53372549
53372551
53372593
53372633
53372647
53372651
53372659
53372681
53372687
53372701
53372713
53372723
53372747
53372771
53372773
53372783
53372791
53372863
53372867
53372873
53372899
53372909
53372923
53372927
53372929
53372941
53372947
53372959
53372983
53372999
53373011
53373029
53373091
53373101
53373107
53373121
53373139
53373143
53373157
53373161
53373163
53373167
53373169
53373239
53373263
53373283
53373301
53373323
53373329
53373379
53373391
53373443
53373457
53373479
53373521
53373569
53373577
53373631
53373643
53373709
53373751
53373757
53373763
53373769
53373773
53373791
53373797
53373821
53373851
53373883
53373889
53373973
53373979
53373997
53374001
53374049
53374073
53374109
53374129
53374141
53374171
53374183
53374199
53374213
53374253
53374259
53374267
53374273
53374289
53374319
53374327
53374351
53374361
53374379
53374393
53374403
53374427
53374459
53374483
53374493
53374507
53374549
53374571
53374583
53374603
53374621
53374627
53374637
53374639
53374669
53374681
53374693
53374709
53374721
53374723
53374799
53374807
53374829
53374837
53374843
53374847
53374859
53374873
53374879
53374897
53374921
53374943
53374967
53374969
53374987
53375017
53375039
53375099
53375129
53375143
53375159
53375177
53375197
53375207
53375213
53375233
53375239
53375243
53375261
53375279
53375303
53375339
53375363
53375381
53375383
53375417
53375419
53375431
53375453
53375507
53375519
53375533
53375537
53375561
53375591
53375593
53375627
53375653
53375657
53375677
53375681
53375759
53375789
53375821
53375827
53375837
53375843
53375851
53375897
53375909
53375911
53375953
53375977
53375981
53376023
53376049
53376083
53376097
53376131
53376133
53376151
53376157
53376173
53376181
53376199
53376217
53376227
53376241
53376283
53376299
53376313
53376317
53376331
53376361
53376371
53376397
53376437
53376457
53376461
53376503
53376517
53376541
53376563
53376569
53376571
53376599
53376601
53376641
53376667
53376677
53376679
53376691
53376727
53376749
53376751
53376773
53376779
53376893
53376899
53376919
53376929
53376931
53376937
53376979
53377001
53377003
53377021
53377033
53377073
53377087
53377117
53377151
53377157
53377183
53377189
53377193
53377237
53377243
53377253
53377267
53377283
53377309
53377339
53377343
53377351
53377369
53377393
53377417
53377439
53377453
53377459
53377463
53377507
53377523
53377537
53377559
53377573
53377579
53377589
53377601
53377609
53377679
53377703
53377711
53377721
53377747
53377757
53377763
53377769
53377771
53377781
53377789
53377799
53377801
53377811
53377829
53377843
53377847
53377873
53377879
53377889
53377927
53377957
53378027
53378051
53378069
53378071
53378089
53378107
53378119
53378137
53378141
53378159
53378173
53378219
53378231
53378243
53378263
53378267
53378279
53378291
53378293
53378329
53378333
53378359
53378371
53378389
53378401
53378407
53378443
53378461
53378471
53378527
53378537
53378557
53378573
53378603
53378639
53378659
53378681
53378693
53378713
53378719
53378749
53378777
53378789
53378797
53378813
53378851
53378873
53378881
53378903
53378917
53378921
53378933
53378947
53378951
53378959
53379013
53379019
53379023
53379061
53379071
53379083
53379091
53379103
53379121
53379181
53379191
53379203
53379217
53379223
53379233
53379257
53379283
53379289
53379299
53379301
53379307
53379353
53379373
53379407
53379437
53379461
53379463
53379467
53379479
53379509
53379511
53379563
53379577
53379587
53379593
53379617
53379631
53379649
53379653
53379661
53379673
53379701
53379761
53379787
53379791
53379811
53379829
53379841
53379857
53379871
53379883
53379889
53379943
53379961
53379967
53379979
53380007
53380013
53380021
53380043
53380057
53380087
53380099
53380111
53380121
53380141
53380189
53380193
53380199
53380207
53380211
53380231
53380241
53380279
53380303
53380333
53380337
53380363
53380399
53380423
53380451
53380469
53380477
53380507
53380531
53380541
53380553
53380559
53380567
53380583
53380589
53380601
53380609
53380627
53380661
53380681
53380693
53380721
53380753
53380757
53380763
53380771
53380807
53380813
53380819
53380841
53380849
53380891
53380903
53380919
53380927
53380939
53380949
53380963
53380979
53380981
53380993
53380997
53381023
53381129
53381131
53381171
53381179
53381191
53381219
53381233
53381243
53381261
53381281
53381297
53381329
53381351
53381353
53381389
53381437
53381477
53381509
53381543
53381557
53381561
53381567
53381569
53381579
53381591
53381609
53381611
53381617
53381641
53381693
53381701
53381711
53381723
53381729
53381737
53381743
53381747
53381749
53381753
53381777
53381803
53381863
53381869
53381903
53381929
53381947
53381957
53382013
53382047
53382067
53382071
53382073
53382089
53382101
53382151
53382163
53382167
53382169
53382179
53382209
53382211
53382233
53382247
53382253
53382257
53382283
53382299
53382311
53382313
53382331
53382349
53382361
53382383
53382389
53382391
53382421
53382473
53382481
53382487
53382493
53382509
53382523
53382541
53382559
53382587
53382599
53382611
53382613
53382619
53382661
53382671
53382683
53382709
53382731
53382743
53382751
53382757
53382767
53382773
53382803
53382809
53382817
53382821
53382851
53382871
53382911
53382937
53382949
53383013
53383037
53383039
53383061
53383067
53383073
53383087
53383091
53383093
53383123
53383151
53383177
53383199
53383201
53383219
53383241
53383277
53383289
53383313
53383327
53383397
53383427
53383439
53383469
53383487
53383501
53383543
53383567
53383579
53383591
53383609
53383619
53383703
53383727
53383739
53383777
53383801
53383819
53383843
53383861
53383873
53383877
53383903
53383921
53383931
53383937
53383969
53383987
53383991
53384021
53384039
53384101
53384117
53384143
53384147
53384161
53384213
53384231
53384237
53384291
53384299
53384351
53384381
53384399
53384431
53384473
53384483
53384491
53384497
53384519
53384533
53384549
53384567
53384579
53384581
53384593
53384627
53384647
53384657
53384689
53384693
53384701
53384707
53384711
53384741
53384767
53384783
53384839
53384843
53384857
53384861
53384869
53384873
53384897
53384917
53384951
53384963
53385037
53385067
53385071
53385077
53385097
53385107
53385121
53385127
53385149
53385197
53385217
53385229
53385263
53385281
53385337
53385341
53385347
53385361
53385401
53385419
53385439
53385443
53385463
53385481
53385499
53385523
53385529
53385547
53385569
53385571
53385587
53385613
53385623
53385637
53385641
53385677
53385701
53385707
53385713
53385721
53385727
53385733
53385757
53385767
53385779
53385799
53385803
53385811
53385821
53385841
53385853
53385859
53385863
53385881
53385883
53385887
53385901
53385947
53385979
53385989
53386019
53386049
53386093
53386097
53386111
53386117
53386121
53386127
53386133
53386159
53386169
53386183
53386217
53386231
53386241
53386261
53386279
53386331
53386343
53386367
53386369
53386397
53386439
53386441
53386453
53386481
53386483
53386499
53386559
53386577
53386631
53386639
53386649
53386667
53386673
53386717
53386721
53386733
53386747
53386759
53386769
53386777
53386793
53386807
53386829
53386831
53386859
53386889
53386891
53386897
53386939
53386943
53386969
53386997
53387039
53387051
53387083
53387099
53387129
53387143
53387161
53387171
53387183
53387221
53387233
53387251
53387267
53387297
53387303
53387311
53387339
53387357
53387387
53387401
53387413
53387417
53387419
53387443
53387461
53387479
53387513
53387533
53387557
53387561
53387573
53387597
53387651
53387671
53387687
53387689
53387731
53387759
53387767
53387771
53387773
53387779
53387783
53387791
53387809
53387821
53387827
53387833
53387843
53387881
53387933
53387959
53387969
53387977
53387981
53387987
53388001
53388017
53388019
53388029
53388031
53388089
53388103
53388113
53388197
53388227
53388253
53388259
53388263
53388281
53388289
53388301
53388323
53388343
53388367
53388389
53388403
53388421
53388427
53388431
53388443
53388457
53388473
53388487
53388523
53388553
53388557
53388563
53388571
53388583
53388607
53388611
53388631
53388659
53388661
53388667
53388677
53388679
53388691
53388707
53388761
53388787
53388793
53388821
53388887
53388889
53388899
53388901
53388931
53388943
53388953
53388977
53388983
53388991
53389001
53389013
53389033
53389043
53389057
53389079
53389097
53389103
53389109
53389117
53389139
53389177
53389199
53389201
53389211
53389229
53389241
53389247
53389253
53389267
53389283
53389309
53389313
53389327
53389331
53389337
53389379
53389381
53389393
53389423
53389429
53389433
53389447
53389451
53389459
53389489
53389529
53389547
53389549
53389573
53389591
53389607
53389613
53389619
53389649
53389663
53389717
53389723
53389727
53389729
53389757
53389759
53389769
53389801
53389807
53389813
53389837
53389849
53389871
53389873
53389907
53389993
53389997
53390009
53390011
53390023
53390041
53390137
53390143
53390147
53390177
53390231
53390257
53390269
53390273
53390287
53390321
53390327
53390341
53390377
53390411
53390423
53390431
53390443
53390459
53390471
53390473
53390483
53390501
53390503
53390507
53390527
53390531
53390549
53390621
53390629
53390633
53390647
53390657
53390671
53390683
53390699
53390713
53390717
53390719
53390737
53390747
53390767
53390801
53390809
53390819
53390879
53390881
53390891
53390903
53390933
53390951
53390957
53390983
53391017
53391049
53391071
53391089
53391127
53391131
53391133
53391157
53391179
53391209
53391223
53391253
53391263
53391313
53391323
53391341
53391343
53391347
53391383
53391391
53391413
53391421
53391427
53391449
53391451
53391467
53391479
53391491
53391551
53391571
53391587
53391589
53391599
53391601
53391623
53391631
53391647
53391649
53391661
53391677
53391683
53391719
53391733
53391743
53391757
53391769
53391773
53391803
53391817
53391869
53391907
53391911
53391959
53391973
53391977
53391979
53391983
53392021
53392043
53392049
53392057
53392061
53392067
53392091
53392153
53392187
53392193
53392201
53392211
53392231
53392237
53392243
53392271
53392279
53392289
53392301
53392303
53392307
53392321
53392333
53392351
53392357
53392363
53392379
53392399
53392411
53392421
53392433
53392459
53392477
53392487
53392523
53392531
53392553
53392579
53392589
53392607
53392609
53392643
53392687
53392709
53392721
53392747
53392763
53392789
53392811
53392837
53392841
53392877
53392883
53392891
53392901
53392909
53392919
53392949
53392951
53392967
53393027
53393033
53393047
53393069
53393077
53393167
53393201
53393203
53393227
53393267
53393273
53393293
53393297
53393299
53393341
53393369
53393381
53393383
53393393
53393399
53393423
53393443
53393453
53393507
53393531
53393537
53393567
53393569
53393579
53393609
53393621
53393657
53393677
53393699
53393777
53393779
53393783
53393803
53393839
53393863
53393867
53393881
53393887
53393891
53393909
53393911
53393929
53393939
53393981
53393987
53393999
53394007
53394023
53394031
53394041
53394049
53394083
53394091
53394097
53394101
53394113
53394137
53394151
53394169
53394179
53394181
53394197
53394203
53394221
53394223
53394239
53394251
53394301
53394323
53394349
53394359
53394371
53394379
53394437
53394443
53394449
53394461
53394521
53394533
53394613
53394619
53394629
53394641
53394667
53394689
53394697
53394709
53394721
53394727
53394763
53394787
53394793
53394827
53394851
53394853
53394881
53394889
53394899
53394907
53394931
53394973
53395007
53395021
53395031
53395037
53395039
53395057
53395063
53395081
53395087
53395093
53395103
53395109
53395117
53395123
53395141
53395151
53395159
53395169
53395171
53395183
53395189
53395211
53395217
53395219
53395333
53395357
53395373
53395393
53395427
53395439
53395513
53395519
53395523
53395541
53395549
53395561
53395597
53395603
53395607
53395669
53395697
53395709
53395711
53395729
53395739
53395781
53395799
53395819
53395831
53395843
53395883
53395891
53395897
53395913
53395933
53396011
53396039
53396051
53396053
53396059
53396081
53396107
53396111
53396117
53396129
53396131
53396197
53396209
53396219
53396249
53396323
53396339
53396341
53396359
53396381
53396383
53396389
53396393
53396419
53396437
53396449
53396471
53396491
53396503
53396537
53396543
53396549
53396557
53396561
53396573
53396611
53396621
53396641
53396647
53396671
53396699
53396713
53396737
53396767
53396807
53396839
53396857
53396867
53396879
53396891
53396921
53396933
53396939
53396963
53396977
53396999
53397037
53397059
53397061
53397067
53397079
53397083
53397089
53397101
53397103
53397109
53397121
53397139
53397151
53397161
53397167
53397203
53397209
53397233
53397259
53397263
53397269
53397317
53397319
53397367
53397373
53397389
53397397
53397413
53397451
53397479
53397481
53397511
53397517
53397521
53397541
53397551
53397571
53397583
53397599
53397607
53397611
53397637
53397667
53397713
53397719
53397737
53397761
53397763
53397793
53397797
53397803
53397829
53397853
53397857
53397859
53397863
53397887
53397937
53397947
53397983
53397989
53398001
53398013
53398021
53398043
53398049
53398057
53398069
53398073
53398087
53398099
53398109
53398117
53398123
53398159
53398171
53398199
53398201
53398231
53398237
53398271
53398297
53398321
53398327
53398339
53398349
53398357
53398361
53398409
53398427
53398451
53398453
53398459
53398463
53398469
53398519
53398529
53398537
53398559
53398577
53398589
53398619
53398621
53398633
53398651
53398747
53398753
53398817
53398837
53398841
53398871
53398883
53398897
53398903
53398979
53398993
53398999
53399041
53399051
53399083
53399089
53399107
53399111
53399113
53399117
53399119
53399131
53399141
53399147
53399149
53399153
53399161
53399183
53399233
53399239
53399263
53399293
53399299
53399303
53399323
53399327
53399347
53399351
53399383
53399387
53399389
53399413
53399417
53399441
53399471
53399501
53399551
53399561
53399579
53399581
53399587
53399617
53399623
53399651
53399659
53399677
53399683
53399693
53399711
53399713
53399777
53399809
53399821
53399831
53399837
53399867
53399891
53399893
53399903
53399909
53399921
53399947
53399981
53400001
53400059
53400079
53400101
53400103
53400121
53400143
53400167
53400209
53400229
53400233
53400239
53400283
53400289
53400323
53400329
53400341
53400371
53400377
53400433
53400439
53400443
53400467
53400481
53400493
53400499
53400547
53400563
53400637
53400649
53400661
53400667
53400671
53400673
53400679
53400703
53400707
53400713
53400719
53400727
53400751
53400793
53400799
53400827
53400829
53400847
53400889
53400911
53400923
53400931
53400947
53400967
53401013
53401043
53401067
53401079
53401081
53401091
53401109
53401111
53401129
53401133
53401163
53401181
53401207
53401213
53401247
53401253
53401319
53401321
53401333
53401339
53401349
53401351
53401373
53401409
53401421
53401433
53401459
53401463
53401477
53401489
53401501
53401547
53401553
53401559
53401567
53401583
53401597
53401637
53401669
53401679
53401681
53401703
53401739
53401741
53401753
53401759
53401769
53401771
53401781
53401783
53401787
53401807
53401853
53401861
53401891
53401919
53401937
53401939
53401949
53401973
53401987
53402003
53402009
53402029
53402051
53402093
53402099
53402123
53402143
53402177
53402191
53402197
53402203
53402221
53402231
53402233
53402249
53402269
53402303
53402317
53402333
53402381
53402411
53402443
53402471
53402501
53402519
53402533
53402539
53402561
53402567
53402599
53402617
53402663
53402683
53402693
53402731
53402761
53402773
53402777
53402809
53402813
53402821
53402837
53402873
53402879
53402897
53402911
53402917
53402927
53402969
53402971
53402981
53402983
53403013
53403017
53403019
53403037
53403041
53403047
53403071
53403073
53403089
53403109
53403127
53403157
53403169
53403179
53403187
53403199
53403227
53403241
53403257
53403269
53403283
53403299
53403323
53403331
53403391
53403407
53403419
53403451
53403481
53403491
53403503
53403517
53403521
53403523
53403533
53403551
53403557
53403563
53403583
53403589
53403599
53403629
53403643
53403653
53403659
53403667
53403671
53403683
53403697
53403709
53403743
53403751
53403773
53403781
53403803
53403811
53403821
53403841
53403859
53403863
53403887
53403923
53403929
53403937
53403941
53403949
53403967
53403971
53403997
53404037
53404049
53404069
53404111
53404121
53404129
53404147
53404163
53404187
53404201
53404207
53404261
53404277
53404291
53404297
53404303
53404339
53404369
53404387
53404397
53404423
53404433
53404447
53404469
53404489
53404493
53404513
53404523
53404529
53404543
53404577
53404583
53404613
53404619
53404621
53404627
53404657
53404669
53404679
53404691
53404699
53404721
53404787
53404807
53404811
53404843
53404891
53404903
53404913
53404931
53404933
53404943
53404957
53404961
53404969
53404997
53405003
53405039
53405069
53405071
53405081
53405101
53405123
53405129
53405141
53405201
53405239
53405243
53405263
53405299
53405311
53405351
53405353
53405357
53405399
53405459
53405479
53405491
53405497
53405507
53405509
53405533
53405537
53405549
53405557
53405567
53405587
53405621
53405629
53405663
53405711
53405731
53405741
53405743
53405753
53405761
53405773
53405801
53405813
53405843
53405879
53405887
53405893
53405899
53405909
53405929
53405939
53405951
53405983
53406007
53406011
53406013
53406071
53406077
53406091
53406121
53406137
53406179
53406181
53406187
53406191
53406193
53406209
53406233
53406247
53406257
53406259
53406277
53406307
53406317
53406337
53406343
53406349
53406361
53406407
53406439
53406467
53406481
53406539
53406541
53406547
53406553
53406557
53406593
53406611
53406649
53406671
53406677
53406721
53406733
53406757
53406761
53406763
53406779
53406823
53406827
53406841
53406869
53406883
53406889
53406901
53406907
53406917
53406919
53406949
53406953
53406959
53406961
53407007
53407033
53407037
53407061
53407091
53407099
53407111
53407129
53407139
53407163
53407171
53407201
53407223
53407253
53407267
53407307
53407339
53407381
53407399
53407447
53407469
53407481
53407559
53407573
53407577
53407579
53407619
53407631
53407681
53407751
53407787
53407799
53407813
53407847
53407883
53407889
53407903
53407919
53407951
53407957
53407961
53407967
53407969
53407973
53407979
53407997
53408011
53408023
53408077
53408119
53408141
53408149
53408167
53408171
53408177
53408189
53408191
53408209
53408239
53408249
53408263
53408273
53408287
53408317
53408347
53408351
53408359
53408371
53408419
53408521
53408539
53408557
53408561
53408587
53408617
53408627
53408669
53408671
53408687
53408689
53408701
53408717
53408741
53408759
53408777
53408821
53408833
53408843
53408857
53408869
53408891
53408897
53408909
53408911
53408933
53408947
53408987
53409011
53409023
53409029
53409049
53409077
53409113
53409119
53409127
53409137
53409149
53409193
53409211
53409217
53409227
53409229
53409277
53409353
53409383
53409401
53409403
53409407
53409413
53409431
53409443
53409449
53409457
53409481
53409487
53409491
53409527
53409533
53409539
53409541
53409547
53409553
53409571
53409581
53409583
53409599
53409607
53409641
53409649
53409689
53409737
53409739
53409751
53409791
53409803
53409823
53409847
53409857
53409871
53409883
53409943
53409947
53410009
53410031
53410033
53410051
53410067
53410079
53410099
53410103
53410111
53410127
53410139
53410153
53410157
53410169
53410183
53410187
53410193
53410211
53410213
53410229
53410261
53410271
53410289
53410297
53410337
53410339
53410367
53410397
53410421
53410433
53410451
53410453
53410459
53410477
53410493
53410519
53410529
53410589
53410597
53410607
53410619
53410631
53410639
53410649
53410657
53410681
53410703
53410711
53410717
53410727
53410733
53410771
53410781
53410789
53410801
53410817
53410879
53410891
53410913
53410937
53410949
53410969
53411009
53411021
53411023
53411041
53411053
53411087
53411089
53411101
53411131
53411177
53411179
53411191
53411201
53411209
53411213
53411219
53411249
53411251
53411311
53411321
53411327
53411339
53411341
53411353
53411381
53411429
53411453
53411473
53411483
53411503
53411507
53411509
53411513
53411531
53411537
53411549
53411563
53411581
53411587
53411621
53411623
53411627
53411629
53411639
53411669
53411689
53411711
53411737
53411749
53411759
53411767
