52559879
52559887
52559917
52559939
52559957
52559963
52559981
52560031
52560041
52560071
52560089
52560119
52560121
52560133
52560143
52560161
52560217
52560247
52560257
52560281
52560293
52560317
52560337
52560353
52560371
52560397
52560419
52560421
52560427
52560439
52560457
52560493
52560509
52560527
52560539
52560551
52560553
52560559
52560569
52560581
52560611
52560619
52560637
52560659
52560689
52560701
52560709
52560713
52560743
52560791
52560853
52560863
52560883
52560887
52560913
52560919
52560929
52560953
52560961
52560967
52560971
52560983
52561037
52561051
52561081
52561097
52561111
52561123
52561129
52561183
52561193
52561207
52561211
52561219
52561237
52561247
52561343
52561357
52561393
52561403
52561409
52561441
52561451
52561471
52561489
52561499
52561517
52561519
52561529
52561541
52561573
52561583
52561589
52561591
52561627
52561643
52561673
52561703
52561723
52561727
52561753
52561757
52561759
52561763
52561787
52561801
52561853
52561879
52561889
52561907
52561913
52561921
52561981
52561987
52562009
52562017
52562021
52562051
52562057
52562093
52562099
52562119
52562129
52562179
52562183
52562197
52562201
52562203
52562221
52562231
52562233
52562261
52562269
52562281
52562327
52562339
52562357
52562399
52562401
52562407
52562423
52562437
52562443
52562449
52562479
52562483
52562509
52562527
52562539
52562551
52562557
52562561
52562593
52562603
52562611
52562617
52562621
52562707
52562747
52562753
52562771
52562801
52562863
52562891
52562893
52562897
52562921
52562941
52562953
52562999
52563013
52563047
52563059
52563079
52563089
52563097
52563149
52563209
52563223
52563229
52563281
52563307
52563323
52563373
52563377
52563389
52563409
52563449
52563451
52563461
52563479
52563491
52563493
52563503
52563521
52563527
52563547
52563551
52563583
52563593
52563601
52563611
52563647
52563659
52563697
52563701
52563727
52563739
52563767
52563781
52563803
52563811
52563821
52563827
52563829
52563839
52563851
52563853
52563859
52563877
52563913
52563919
52563943
52563961
52563967
52563977
52563997
52564027
52564033
52564063
52564067
52564079
52564121
52564199
52564207
52564217
52564229
52564231
52564243
52564273
52564301
52564321
52564333
52564349
52564367
52564387
52564399
52564423
52564427
52564429
52564439
52564451
52564511
52564513
52564529
52564573
52564579
52564609
52564613
52564639
52564643
52564651
52564669
52564691
52564709
52564717
52564727
52564739
52564741
52564769
52564777
52564781
52564793
52564819
52564843
52564873
52564937
52564951
52564973
52564997
52564999
52565017
52565027
52565041
52565069
52565083
52565131
52565137
52565171
52565179
52565209
52565237
52565273
52565297
52565339
52565341
52565351
52565369
52565399
52565407
52565413
52565417
52565423
52565449
52565467
52565473
52565509
52565543
52565549
52565627
52565657
52565659
52565663
52565699
52565701
52565743
52565749
52565831
52565869
52565911
52565917
52565963
52566001
52566029
52566037
52566071
52566077
52566083
52566119
52566121
52566133
52566139
52566161
52566169
52566181
52566203
52566221
52566259
52566277
52566313
52566317
52566343
52566347
52566361
52566379
52566383
52566403
52566419
52566457
52566461
52566467
52566491
52566509
52566541
52566557
52566593
52566623
52566653
52566671
52566691
52566713
52566719
52566733
52566791
52566803
52566827
52566841
52566847
52566859
52566869
52566883
52566887
52566893
52566911
52566923
52566931
52566949
52566953
52566991
52567013
52567057
52567069
52567079
52567093
52567117
52567127
52567147
52567157
52567201
52567219
52567223
52567237
52567241
52567271
52567279
52567301
52567313
52567331
52567367
52567379
52567399
52567429
52567447
52567481
52567483
52567511
52567531
52567561
52567577
52567579
52567589
52567591
52567601
52567681
52567687
52567693
52567717
52567721
52567727
52567733
52567741
52567763
52567789
52567799
52567817
52567819
52567841
52567843
52567849
52567871
52567883
52567913
52567937
52568023
52568053
52568077
52568081
52568107
52568111
52568119
52568123
52568129
52568143
52568147
52568161
52568207
52568237
52568251
52568261
52568287
52568297
52568303
52568323
52568333
52568339
52568371
52568377
52568393
52568441
52568443
52568447
52568491
52568521
52568543
52568563
52568567
52568569
52568603
52568609
52568627
52568647
52568657
52568689
52568693
52568699
52568717
52568771
52568773
52568807
52568809
52568821
52568861
52568863
52568881
52568911
52568927
52568939
52568959
52569031
52569043
52569047
52569073
52569079
52569107
52569109
52569133
52569157
52569169
52569197
52569203
52569217
52569221
52569259
52569277
52569281
52569299
52569301
52569311
52569313
52569317
52569331
52569347
52569379
52569403
52569437
52569493
52569497
52569499
52569509
52569553
52569581
52569611
52569613
52569653
52569679
52569689
52569701
52569731
52569757
52569773
52569809
52569817
52569823
52569833
52569871
52569877
52569883
52569887
52569901
52569917
52569929
52569931
52569943
52569949
52569971
52569977
52570013
52570061
52570129
52570139
52570163
52570187
52570237
52570261
52570279
52570289
52570319
52570361
52570369
52570379
52570421
52570423
52570429
52570447
52570489
52570493
52570517
52570519
52570523
52570537
52570543
52570547
52570559
52570561
52570577
52570607
52570619
52570621
52570631
52570633
52570643
52570667
52570669
52570697
52570723
52570741
52570757
52570759
52570781
52570831
52570841
52570849
52570871
52570909
52570927
52570933
52570937
52570949
52571003
52571011
52571033
52571041
52571053
52571059
52571063
52571083
52571087
52571107
52571111
52571131
52571159
52571173
52571179
52571201
52571209
52571213
52571219
52571227
52571279
52571291
52571317
52571341
52571357
52571359
52571369
52571377
52571411
52571459
52571473
52571503
52571507
52571527
52571539
52571543
52571549
52571573
52571579
52571587
52571609
52571627
52571647
52571653
52571669
52571683
52571711
52571719
52571723
52571731
52571747
52571749
52571789
52571791
52571797
52571807
52571821
52571833
52571851
52571863
52571873
52571903
52571923
52571933
52571941
52571947
52571957
52571999
52572053
52572059
52572073
52572077
52572097
52572119
52572151
52572161
52572193
52572197
52572199
52572229
52572239
52572241
52572251
52572257
52572263
52572269
52572271
52572277
52572281
52572329
52572341
52572353
52572371
52572379
52572407
52572409
52572413
52572427
52572431
52572439
52572467
52572491
52572493
52572521
52572529
52572557
52572577
52572581
52572587
52572607
52572623
52572659
52572727
52572749
52572761
52572787
52572803
52572809
52572811
52572833
52572847
52572851
52572859
52572881
52572887
52572907
52573049
52573063
52573099
52573109
52573121
52573123
52573141
52573151
52573153
52573159
52573181
52573211
52573223
52573243
52573271
52573319
52573327
52573351
52573369
52573373
52573379
52573387
52573397
52573447
52573463
52573471
52573483
52573501
52573511
52573517
52573523
52573567
52573657
52573663
52573667
52573669
52573679
52573681
52573691
52573693
52573711
52573727
52573733
52573747
52573751
52573753
52573757
52573793
52573819
52573841
52573847
52573879
52573889
52573891
52573921
52573951
52573973
52573987
52574023
52574051
52574111
52574117
52574147
52574189
52574191
52574213
52574261
52574279
52574281
52574287
52574309
52574321
52574329
52574371
52574383
52574411
52574429
52574449
52574453
52574461
52574471
52574491
52574513
52574537
52574549
52574563
52574567
52574597
52574603
52574617
52574633
52574657
52574689
52574701
52574707
52574713
52574749
52574759
52574827
52574839
52574857
52574867
52574903
52574909
52574911
52574927
52574933
52574947
52574971
52575001
52575023
52575043
52575049
52575091
52575137
52575167
52575179
52575181
52575241
52575253
52575269
52575307
52575317
52575353
52575371
52575377
52575379
52575389
52575421
52575427
52575443
52575517
52575533
52575553
52575569
52575583
52575619
52575643
52575661
52575703
52575727
52575737
52575739
52575749
52575763
52575797
52575821
52575827
52575851
52575857
52575863
52575877
52575931
52575959
52575979
52575989
52576049
52576061
52576103
52576141
52576157
52576207
52576241
52576243
52576253
52576273
52576283
52576331
52576343
52576351
52576373
52576387
52576411
52576429
52576451
52576523
52576547
52576561
52576577
52576609
52576613
52576621
52576639
52576649
52576663
52576673
52576679
52576687
52576721
52576723
52576751
52576793
52576807
52576829
52576859
52576861
52576871
52576877
52576897
52576907
52576957
52576967
52576969
52576987
52577053
52577069
52577101
52577137
52577153
52577171
52577177
52577179
52577207
52577233
52577251
52577257
52577269
52577281
52577297
52577309
52577321
52577323
52577341
52577363
52577381
52577383
52577387
52577411
52577419
52577453
52577461
52577479
52577501
52577507
52577509
52577531
52577543
52577557
52577587
52577597
52577611
52577627
52577659
52577663
52577677
52577683
52577687
52577699
52577711
52577743
52577771
52577773
52577797
52577801
52577803
52577809
52577813
52577827
52577879
52577893
52577911
52577939
52577947
52577969
52578011
52578013
52578083
52578091
52578137
52578143
52578193
52578199
52578233
52578241
52578257
52578311
52578319
52578329
52578343
52578347
52578367
52578373
52578389
52578397
52578419
52578473
52578497
52578503
52578521
52578527
52578541
52578577
52578583
52578587
52578599
52578611
52578641
52578649
52578707
52578733
52578737
52578791
52578793
52578811
52578817
52578839
52578857
52578863
52578893
52578913
52578917
52578919
52578931
52578941
52578959
52578973
52578991
52579057
52579091
52579123
52579139
52579151
52579159
52579187
52579201
52579231
52579243
52579259
52579273
52579313
52579321
52579333
52579361
52579363
52579369
52579409
52579427
52579447
52579451
52579463
52579481
52579493
52579573
52579577
52579603
52579607
52579613
52579619
52579661
52579673
52579727
52579739
52579741
52579757
52579777
52579781
52579789
52579801
52579811
52579819
52579843
52579847
52579853
52579867
52579873
52579883
52579889
52579903
52579939
52579993
52580009
52580023
52580027
52580029
52580041
52580053
52580089
52580119
52580131
52580141
52580147
52580153
52580173
52580191
52580207
52580261
52580273
52580287
52580291
52580317
52580351
52580383
52580389
52580419
52580431
52580447
52580449
52580453
52580477
52580483
52580519
52580527
52580531
52580533
52580537
52580569
52580579
52580587
52580617
52580629
52580641
52580651
52580687
52580747
52580761
52580777
52580807
52580831
52580833
52580839
52580849
52580893
52580897
52580909
52580939
52580987
52581007
52581019
52581041
52581077
52581079
52581083
52581091
52581103
52581121
52581143
52581149
52581167
52581209
52581211
52581233
52581241
52581253
52581259
52581271
52581281
52581293
52581299
52581313
52581349
52581359
52581383
52581407
52581409
52581421
52581439
52581443
52581457
52581461
52581481
52581497
52581517
52581539
52581541
52581547
52581577
52581583
52581587
52581589
52581593
52581601
52581631
52581679
52581691
52581719
52581743
52581757
52581761
52581769
52581811
52581829
52581863
52581869
52581899
52581929
52581953
52582027
52582043
52582087
52582093
52582141
52582147
52582199
52582223
52582259
52582273
52582303
52582349
52582373
52582399
52582433
52582441
52582451
52582463
52582469
52582477
52582487
52582553
52582561
52582567
52582583
52582601
52582609
52582619
52582639
52582681
52582693
52582697
52582723
52582753
52582759
52582763
52582769
52582781
52582811
52582841
52582843
52582847
52582867
52582879
52582889
52582897
52582909
52582931
52582939
52582963
52582969
52582979
52582987
52582993
52583039
52583053
52583071
52583077
52583147
52583171
52583189
52583191
52583213
52583257
52583273
52583291
52583299
52583303
52583309
52583341
52583353
52583357
52583369
52583371
52583387
52583389
52583411
52583413
52583417
52583449
52583483
52583513
52583519
52583537
52583551
52583563
52583581
52583593
52583599
52583611
52583617
52583627
52583639
52583683
52583693
52583701
52583717
52583749
52583761
52583777
52583779
52583789
52583813
52583827
52583833
52583857
52583863
52583879
52583981
52583983
52584011
52584041
52584053
52584061
52584073
52584083
52584097
52584101
52584143
52584151
52584157
52584173
52584193
52584197
52584199
52584209
52584239
52584241
52584251
52584283
52584307
52584353
52584359
52584377
52584397
52584407
52584431
52584439
52584443
52584449
52584461
52584473
52584479
52584491
52584503
52584523
52584529
52584547
52584551
52584557
52584577
52584589
52584593
52584599
52584611
52584629
52584641
52584661
52584709
52584713
52584769
52584797
52584803
52584809
52584811
52584821
52584827
52584863
52584901
52584929
52584937
52584947
52584949
52584967
52584971
52584997
52585031
52585037
52585067
52585069
52585073
52585081
52585133
52585147
52585157
52585163
52585187
52585189
52585193
52585201
52585213
52585219
52585237
52585241
52585249
52585261
52585271
52585277
52585279
52585283
52585307
52585319
52585327
52585333
52585361
52585363
52585373
52585391
52585417
52585441
52585447
52585451
52585457
52585459
52585469
52585501
52585513
52585529
52585571
52585591
52585651
52585667
52585679
52585681
52585693
52585727
52585733
52585759
52585763
52585781
52585783
52585789
52585823
52585829
52585831
52585837
52585849
52585859
52585877
52585909
52585927
52585979
52585999
52586011
52586021
52586029
52586041
52586047
52586101
52586141
52586147
52586159
52586161
52586173
52586197
52586239
52586249
52586263
52586269
52586297
52586351
52586381
52586383
52586399
52586407
52586437
52586459
52586489
52586507
52586531
52586537
52586539
52586543
52586557
52586563
52586581
52586603
52586609
52586663
52586683
52586701
52586711
52586713
52586783
52586803
52586827
52586837
52586839
52586867
52586869
52586921
52586929
52586957
52586977
52586981
52587023
52587037
52587053
52587071
52587091
52587097
52587107
52587167
52587169
52587181
52587187
52587209
52587217
52587221
52587233
52587247
52587257
52587259
52587263
52587287
52587299
52587373
52587413
52587449
52587463
52587473
52587481
52587517
52587523
52587539
52587553
52587571
52587583
52587589
52587593
52587631
52587659
52587709
52587719
52587727
52587739
52587751
52587757
52587761
52587781
52587793
52587803
52587809
52587823
52587853
52587863
52587881
52587883
52587889
52587893
52587901
52587907
52587929
52587943
52587947
52588001
52588027
52588037
52588043
52588073
52588079
52588093
52588139
52588169
52588229
52588241
52588267
52588273
52588297
52588301
52588309
52588313
52588331
52588387
52588399
52588421
52588427
52588457
52588469
52588489
52588517
52588553
52588567
52588573
52588583
52588621
52588661
52588673
52588703
52588709
52588721
52588747
52588763
52588867
52588873
52588901
52588933
52588961
52588969
52588993
52589003
52589011
52589021
52589023
52589027
52589071
52589077
52589081
52589107
52589123
52589161
52589189
52589213
52589221
52589227
52589233
52589249
52589261
52589263
52589309
52589311
52589351
52589353
52589357
52589363
52589377
52589389
52589393
52589413
52589437
52589443
52589461
52589489
52589507
52589513
52589539
52589561
52589599
52589627
52589639
52589657
52589681
52589683
52589717
52589723
52589729
52589767
52589773
52589783
52589807
52589837
52589863
52589881
52589893
52589899
52589909
52589923
52589969
52590007
52590017
52590047
52590059
52590067
52590071
52590091
52590107
52590143
52590169
52590191
52590203
52590217
52590281
52590289
52590301
52590359
52590371
52590407
52590409
52590437
52590449
52590451
52590463
52590467
52590491
52590493
52590497
52590521
52590541
52590553
52590563
52590569
52590583
52590611
52590619
52590631
52590649
52590701
52590721
52590731
52590743
52590751
52590757
52590767
52590773
52590793
52590799
52590829
52590851
52590869
52590887
52590919
52590929
52590953
52590959
52590977
52590997
52591009
52591027
52591039
52591093
52591127
52591153
52591157
52591163
52591219
52591223
52591237
52591241
52591247
52591267
52591289
52591291
52591307
52591309
52591339
52591349
52591367
52591403
52591417
52591433
52591439
52591457
52591459
52591477
52591499
52591507
52591559
52591571
52591573
52591579
52591603
52591607
52591657
52591661
52591673
52591681
52591723
52591733
52591739
52591757
52591771
52591793
52591817
52591831
52591849
52591853
52591879
52591909
52591933
52591937
52591963
52591997
52592003
52592011
52592021
52592063
52592077
52592081
52592087
52592123
52592129
52592149
52592153
52592159
52592161
52592227
52592231
52592249
52592251
52592261
52592269
52592279
52592291
52592297
52592303
52592359
52592443
52592447
52592453
52592471
52592473
52592531
52592537
52592549
52592563
52592567
52592587
52592629
52592653
52592677
52592711
52592719
52592759
52592767
52592773
52592807
52592831
52592851
52592857
52592861
52592879
52592929
52592971
52592983
52592987
52593001
52593029
52593031
52593043
52593061
52593071
52593089
52593127
52593133
52593161
52593173
52593181
52593193
52593209
52593217
52593259
52593271
52593313
52593319
52593323
52593337
52593353
52593379
52593397
52593413
52593419
52593467
52593491
52593533
52593553
52593581
52593599
52593641
52593643
52593659
52593661
52593677
52593679
52593689
52593769
52593781
52593797
52593803
52593829
52593833
52593841
52593941
52593953
52593979
52594027
52594037
52594043
52594063
52594093
52594097
52594121
52594159
52594177
52594181
52594187
52594189
52594207
52594211
52594219
52594229
52594231
52594253
52594271
52594291
52594301
52594309
52594331
52594343
52594351
52594387
52594433
52594439
52594453
52594463
52594471
52594483
52594511
52594519
52594543
52594559
52594561
52594589
52594601
52594609
52594621
52594667
52594687
52594697
52594699
52594727
52594757
52594771
52594781
52594807
52594847
52594853
52594873
52594903
52594909
52594937
52594943
52594963
52594973
52594981
52594999
52595041
52595069
52595071
52595077
52595083
52595107
52595111
52595129
52595131
52595141
52595159
52595171
52595177
52595203
52595233
52595261
52595269
52595311
52595317
52595327
52595339
52595341
52595353
52595371
52595377
52595383
52595423
52595441
52595483
52595489
52595507
52595519
52595567
52595573
52595597
52595617
52595639
52595657
52595717
52595729
52595731
52595761
52595797
52595801
52595827
52595849
52595863
52595887
52595891
52595897
52595903
52595911
52595953
52595987
52595993
52595999
52596001
52596031
52596041
52596043
52596059
52596083
52596109
52596121
52596133
52596163
52596191
52596197
52596209
52596211
52596217
52596221
52596233
52596251
52596259
52596287
52596293
52596307
52596311
52596319
52596347
52596359
52596361
52596391
52596409
52596433
52596437
52596443
52596461
52596473
52596527
52596529
52596547
52596559
52596569
52596613
52596673
52596679
52596683
52596689
52596703
52596707
52596779
52596781
52596787
52596811
52596821
52596839
52596853
52596877
52596881
52596911
52596917
52596919
52596941
52596977
52596979
52597033
52597043
52597081
52597087
52597109
52597121
52597123
52597141
52597169
52597199
52597217
52597229
52597231
52597249
52597267
52597273
52597283
52597289
52597291
52597361
52597367
52597373
52597397
52597403
52597409
52597411
52597427
52597463
52597469
52597477
52597499
52597511
52597537
52597543
52597549
52597583
52597603
52597631
52597637
52597639
52597651
52597673
52597687
52597691
52597693
52597697
52597703
52597759
52597777
52597781
52597789
52597823
52597873
52597891
52597931
52597933
52597973
52597991
52598011
52598047
52598071
52598081
52598089
52598107
52598111
52598113
52598131
52598173
52598191
52598209
52598219
52598233
52598239
52598243
52598269
52598281
52598333
52598339
52598363
52598369
52598383
52598387
52598393
52598443
52598467
52598473
52598501
52598519
52598543
52598549
52598563
52598569
52598587
52598591
52598603
52598647
52598657
52598659
52598681
52598683
52598759
52598771
52598773
52598797
52598801
52598813
52598827
52598839
52598849
52598891
52598893
52598899
52598921
52598939
52598947
52598951
52598957
52598963
52598993
52599013
52599017
52599047
52599059
52599061
52599073
52599097
52599103
52599121
52599133
52599179
52599223
52599247
52599257
52599271
52599361
52599383
52599389
52599451
52599497
52599499
52599527
52599539
52599563
52599583
52599587
52599593
52599637
52599647
52599667
52599709
52599713
52599719
52599727
52599749
52599763
52599769
52599773
52599779
52599791
52599863
52599871
52599893
52599907
52599947
52599973
52600013
52600019
52600033
52600039
52600043
52600069
52600073
52600081
52600099
52600111
52600123
52600139
52600147
52600153
52600169
52600231
52600267
52600271
52600291
52600297
52600307
52600343
52600351
52600357
52600367
52600391
52600393
52600409
52600411
52600439
52600487
52600489
52600507
52600511
52600523
52600543
52600549
52600553
52600573
52600619
52600621
52600627
52600651
52600679
52600687
52600697
52600729
52600741
52600753
52600777
52600819
52600853
52600859
52600861
52600871
52600897
52600903
52600913
52600921
52600957
52600973
52600981
52601011
52601027
52601053
52601057
52601089
52601113
52601137
52601149
52601183
52601189
52601191
52601221
52601243
52601251
52601261
52601267
52601279
52601293
52601359
52601363
52601369
52601399
52601407
52601429
52601431
52601441
52601449
52601473
52601491
52601501
52601503
52601539
52601551
52601569
52601573
52601611
52601617
52601623
52601639
52601641
52601651
52601693
52601701
52601707
52601711
52601741
52601777
52601779
52601797
52601821
52601833
52601849
52601881
52601891
52601921
52601953
52601959
52601963
52602007
52602019
52602041
52602047
52602079
52602083
52602091
52602101
52602107
52602119
52602149
52602157
52602167
52602181
52602211
52602269
52602281
52602289
52602299
52602307
52602323
52602359
52602397
52602427
52602461
52602463
52602479
52602481
52602497
52602521
52602527
52602533
52602569
52602593
52602601
52602617
52602619
52602643
52602647
52602653
52602673
52602701
52602707
52602721
52602727
52602731
52602733
52602749
52602751
52602757
52602761
52602769
52602787
52602793
52602833
52602857
52602859
52602883
52602911
52602961
52602967
52602971
52603069
52603079
52603087
52603091
52603097
52603099
52603121
52603141
52603157
52603171
52603207
52603217
52603283
52603351
52603363
52603367
52603379
52603393
52603409
52603427
52603429
52603469
52603483
52603489
52603511
52603543
52603549
52603561
52603567
52603589
52603631
52603667
52603673
52603679
52603703
52603813
52603843
52603891
52603897
52603907
52603909
52603927
52603939
52603963
52603979
52604017
52604033
52604051
52604087
52604119
52604129
52604131
52604147
52604183
52604207
52604213
52604219
52604261
52604291
52604297
52604309
52604333
52604339
52604359
52604389
52604393
52604399
52604423
52604467
52604527
52604533
52604549
52604561
52604593
52604627
52604633
52604663
52604677
52604683
52604693
52604719
52604743
52604767
52604771
52604801
52604807
52604809
52604857
52604873
52604879
52604911
52604917
52604957
52604989
52604999
52605011
52605013
52605019
52605037
52605061
52605067
52605103
52605121
52605127
52605149
52605197
52605221
52605247
52605257
52605307
52605323
52605349
52605353
52605367
52605401
52605407
52605457
52605467
52605473
52605491
52605503
52605517
52605529
52605563
52605569
52605571
52605593
52605611
52605617
52605697
52605713
52605731
52605743
52605779
52605781
52605799
52605811
52605827
52605841
52605857
52605859
52605877
52605881
52605893
52605919
52605929
52605937
52605953
52605967
52605983
52606027
52606033
52606061
52606069
52606097
52606121
52606123
52606159
52606171
52606181
52606271
52606273
52606283
52606303
52606327
52606331
52606361
52606397
52606399
52606409
52606423
52606427
52606429
52606439
52606441
52606453
52606471
52606481
52606487
52606513
52606537
52606571
52606577
52606579
52606607
52606621
52606627
52606633
52606639
52606643
52606651
52606663
52606699
52606717
52606747
52606751
52606753
52606781
52606787
52606831
52606889
52606901
52606903
52606909
52606919
52606927
52606943
52606963
52606987
52606999
52607011
52607021
52607033
52607039
52607057
52607063
52607117
52607123
52607161
52607179
52607221
52607227
52607239
52607249
52607251
52607293
52607297
52607327
52607339
52607351
52607369
52607383
52607393
52607407
52607413
52607431
52607453
52607473
52607491
52607507
52607549
52607557
52607573
52607587
52607593
52607603
52607609
52607623
52607677
52607689
52607699
52607729
52607749
52607767
52607771
52607773
52607777
52607801
52607813
52607851
52607873
52607887
52607909
52607927
52607939
52607953
52607981
52608011
52608019
52608029
52608067
52608071
52608079
52608097
52608103
52608109
52608113
52608151
52608161
52608163
52608197
52608203
52608211
52608223
52608229
52608247
52608263
52608287
52608313
52608317
52608343
52608377
52608389
52608403
52608427
52608431
52608433
52608481
52608499
52608503
52608527
52608529
52608533
52608547
52608553
52608559
52608623
52608631
52608667
52608719
52608763
52608769
52608817
52608821
52608833
52608877
52608883
52608887
52608911
52608949
52608961
52608977
52608979
52608991
52609009
52609031
52609087
52609091
52609097
52609147
52609159
52609163
52609187
52609199
52609213
52609223
52609243
52609259
52609289
52609313
52609327
52609331
52609363
52609379
52609399
52609409
52609433
52609463
52609477
52609481
52609483
52609489
52609493
52609547
52609553
52609561
52609589
52609603
52609621
52609639
52609643
52609681
52609691
52609703
52609709
52609721
52609723
52609757
52609787
52609811
52609861
52609871
52609889
52609891
52609897
52609919
52609939
52609943
52609961
52609969
52609981
52610009
52610021
52610057
52610071
52610083
52610099
52610101
52610143
52610153
52610161
52610167
52610171
52610191
52610203
52610273
52610281
52610293
52610323
52610351
52610357
52610387
52610401
52610413
52610417
52610419
52610423
52610447
52610471
52610479
52610491
52610507
52610513
52610533
52610561
52610573
52610581
52610587
52610617
52610641
52610647
52610681
52610711
52610717
52610737
52610741
52610771
52610773
52610777
52610797
52610849
52610851
52610861
52610863
52610891
52610911
52610917
52610923
52610963
52610969
52610977
52610983
52610989
52610993
52611011
52611029
52611037
52611043
52611047
52611079
52611103
52611113
52611131
52611137
52611157
52611187
52611217
52611227
52611233
52611239
52611253
52611263
52611287
52611301
52611313
52611329
52611337
52611343
52611359
52611367
52611389
52611397
52611409
52611431
52611439
52611443
52611479
52611527
52611529
52611577
52611593
52611599
52611641
52611653
52611667
52611731
52611749
52611761
52611763
52611773
52611803
52611841
52611851
52611863
52611869
52611877
52611883
52611899
52611901
52611907
52611913
52611943
52611947
52611953
52611961
52612013
52612031
52612033
52612037
52612051
52612067
52612081
52612097
52612111
52612117
52612139
52612151
52612169
52612171
52612243
52612249
52612253
52612267
52612277
52612279
52612283
52612303
52612309
52612319
52612321
52612333
52612337
52612367
52612381
52612397
52612421
52612423
52612429
52612451
52612459
52612481
52612489
52612507
52612513
52612519
52612559
52612589
52612619
52612663
52612667
52612711
52612723
52612727
52612771
52612811
52612817
52612823
52612829
52612831
52612867
52612871
52612877
52612907
52612949
52612969
52612981
52612991
52612993
52612997
52613003
52613009
52613017
52613027
52613053
52613083
52613087
52613089
52613117
52613129
52613161
52613173
52613189
52613203
52613227
52613233
52613237
52613243
52613251
52613263
52613273
52613287
52613333
52613339
52613347
52613357
52613377
52613387
52613389
52613423
52613459
52613501
52613513
52613543
52613549
52613563
52613573
52613579
52613599
52613611
52613647
52613651
52613681
52613707
52613713
52613731
52613747
52613749
52613767
52613777
52613791
52613797
52613807
52613819
52613843
52613881
52613887
52613959
52613969
52613993
52614011
52614049
52614071
52614073
52614077
52614083
52614101
52614113
52614119
52614127
52614137
52614139
52614209
52614217
52614251
52614299
52614329
52614343
52614349
52614377
52614383
52614389
52614427
52614437
52614451
52614461
52614469
52614487
52614491
52614493
52614503
52614509
52614539
52614557
52614559
52614577
52614599
52614619
52614623
52614647
52614649
52614659
52614689
52614701
52614707
52614739
52614773
52614791
52614827
52614833
52614901
52614911
52614923
52614941
52614943
52614953
52614977
52614979
52614997
52615037
52615039
52615067
52615093
52615097
52615103
52615117
52615127
52615139
52615141
52615151
52615169
52615201
52615207
52615249
52615267
52615279
52615307
52615333
52615337
52615349
52615363
52615393
52615397
52615403
52615417
52615441
52615447
52615457
52615469
52615471
52615481
52615523
52615543
52615573
52615583
52615597
52615603
52615621
52615627
52615631
52615637
52615639
52615687
52615721
52615723
52615729
52615741
52615777
52615861
52615879
52615907
52615931
52615933
52615939
52615943
52615951
52615987
52615993
52616009
52616017
52616033
52616093
52616129
52616143
52616167
52616251
52616299
52616321
52616329
52616351
52616419
52616441
52616471
52616483
52616497
52616503
52616539
52616549
52616561
52616573
52616591
52616621
52616639
52616659
52616671
52616677
52616687
52616693
52616699
52616723
52616737
52616749
52616779
52616783
52616789
52616797
52616803
52616813
52616843
52616873
52616891
52616897
52616903
52616957
52616983
52616987
52617029
52617053
52617083
52617109
52617127
52617133
52617161
52617163
52617217
52617221
52617247
52617259
52617277
52617317
52617343
52617347
52617349
52617361
52617373
52617377
52617401
52617407
52617419
52617427
52617449
52617463
52617469
52617493
52617511
52617527
52617529
52617547
52617569
52617599
52617623
52617641
52617647
52617701
52617709
52617739
52617749
52617787
52617797
52617833
52617857
52617899
52617931
52617947
52617979
52618003
52618019
52618031
52618037
52618061
52618063
52618073
52618121
52618141
52618183
52618219
52618229
52618231
52618261
52618297
52618301
52618309
52618331
52618339
52618343
52618351
52618367
52618387
52618421
52618463
52618483
52618487
52618493
52618529
52618571
52618583
52618591
52618603
52618607
52618613
52618633
52618637
52618649
52618681
52618693
52618721
52618751
52618793
52618801
52618817
52618829
52618831
52618837
52618849
52618913
52618967
52618981
52619033
52619041
52619071
52619093
52619111
52619129
52619153
52619167
52619191
52619207
52619213
52619219
52619243
52619249
52619251
52619263
52619269
52619279
52619297
52619309
52619317
52619323
52619383
52619419
52619447
52619453
52619473
52619491
52619503
52619509
52619519
52619537
52619549
52619551
52619557
52619579
52619597
52619599
52619627
52619629
52619639
52619647
52619663
52619689
52619719
52619731
52619747
52619753
52619761
52619789
52619839
52619867
52619887
52619893
52619899
52619909
52619921
52619939
52619951
52619953
52619969
52619971
52619977
52619993
52619999
52620011
52620013
52620023
52620041
52620047
52620053
52620059
52620103
52620109
52620137
52620143
52620157
52620167
52620173
52620187
52620203
52620221
52620233
52620283
52620313
52620319
52620349
52620377
52620397
52620409
52620427
52620437
52620439
52620461
52620497
52620499
52620509
52620521
52620523
52620539
52620541
52620553
52620563
52620611
52620629
52620653
52620677
52620707
52620751
52620769
52620773
52620779
52620787
52620791
52620793
52620811
52620817
52620829
52620839
52620881
52620913
52620923
52620943
52620977
52620991
52621027
52621039
52621057
52621061
52621099
52621111
52621133
52621139
52621147
52621169
52621187
52621201
52621213
52621243
52621267
52621277
52621297
52621301
52621313
52621321
52621343
52621367
52621381
52621417
52621441
52621463
52621483
52621487
52621523
52621553
52621559
52621571
52621577
52621607
52621609
52621691
52621693
52621703
52621729
52621763
52621771
52621781
52621799
52621813
52621841
52621843
52621853
52621879
52621889
52621903
52621913
52621927
52621931
52621937
52621939
52621957
52621969
52621991
52621997
52622023
52622033
52622047
52622071
52622081
52622107
52622113
52622117
52622131
52622149
52622231
52622243
52622263
52622287
52622291
52622329
52622333
52622341
52622359
52622447
52622483
52622489
52622527
52622539
52622627
52622677
52622683
52622699
52622719
52622729
52622737
52622741
52622743
52622771
52622783
52622797
52622807
52622813
52622819
52622821
52622833
52622839
52622851
52622861
52622863
52622879
52622893
52622909
52622981
52622993
52623019
52623031
52623059
52623097
52623107
52623133
52623157
52623161
52623169
52623209
52623227
52623229
52623239
52623251
52623253
52623281
52623289
52623299
52623343
52623353
52623359
52623391
52623427
52623433
52623469
52623499
52623511
52623533
52623539
52623547
52623553
52623581
52623601
52623607
52623643
52623667
52623677
52623757
52623773
52623797
52623803
52623829
52623853
52623881
52623919
52623941
52623979
52623997
52624043
52624051
52624057
52624063
52624087
52624093
52624097
52624109
52624111
52624123
52624127
52624139
52624153
52624171
52624199
52624223
52624237
52624289
52624301
52624307
52624321
52624331
52624339
52624379
52624381
52624399
52624417
52624421
52624441
52624447
52624477
52624489
52624493
52624499
52624501
52624513
52624567
52624591
52624603
52624613
52624643
52624679
52624687
52624709
52624711
52624727
52624753
52624757
52624787
52624799
52624801
52624849
52624861
52624907
52624933
52624961
52624963
52624967
52624969
52624973
52624993
52624997
52625009
52625021
52625051
52625057
52625093
52625123
52625159
52625179
52625191
52625213
52625257
52625273
52625281
52625303
52625317
52625329
52625347
52625381
