53018627
53018629
53018653
53018681
53018687
53018723
53018729
53018741
53018783
53018789
53018827
53018857
53018879
53018881
53018893
53018899
53018923
53018929
53018947
53018963
53019053
53019067
53019089
53019091
53019103
53019119
53019143
53019157
53019167
53019181
53019227
53019233
53019283
53019299
53019313
53019319
53019341
53019391
53019397
53019401
53019457
53019469
53019493
53019497
53019503
53019529
53019539
53019563
53019587
53019599
53019649
53019667
53019691
53019697
53019727
53019773
53019781
53019793
53019803
53019809
53019877
53019887
53019893
53019907
53019913
53019931
53019943
53019947
53019949
53019961
53019977
53019983
53019997
53020003
53020039
53020043
53020049
53020067
53020069
53020073
53020081
53020109
53020111
53020133
53020147
53020153
53020157
53020189
53020211
53020217
53020271
53020307
53020361
53020367
53020369
53020379
53020403
53020423
53020427
53020453
53020459
53020463
53020481
53020493
53020523
53020531
53020549
53020553
53020567
53020579
53020601
53020619
53020673
53020687
53020691
53020711
53020717
53020753
53020783
53020801
53020823
53020853
53020861
53020871
53020897
53020901
53020907
53020921
53020927
53020931
53020937
53020939
53020951
53020967
53020969
53021009
53021081
53021093
53021119
53021173
53021179
53021183
53021201
53021219
53021231
53021239
53021291
53021303
53021327
53021363
53021393
53021431
53021447
53021467
53021489
53021497
53021503
53021513
53021543
53021587
53021621
53021653
53021669
53021671
53021681
53021711
53021743
53021753
53021767
53021789
53021797
53021803
53021807
53021821
53021833
53021863
53021921
53021939
53021953
53021971
53022001
53022007
53022029
53022049
53022083
53022089
53022113
53022131
53022181
53022187
53022191
53022209
53022223
53022239
53022241
53022247
53022253
53022301
53022329
53022349
53022367
53022377
53022379
53022391
53022413
53022427
53022451
53022457
53022467
53022491
53022539
53022547
53022577
53022581
53022583
53022589
53022611
53022623
53022637
53022647
53022653
53022689
53022703
53022719
53022727
53022731
53022743
53022793
53022811
53022829
53022841
53022883
53022899
53022911
53022917
53022919
53022967
53023007
53023057
53023093
53023121
53023147
53023151
53023177
53023181
53023189
53023249
53023253
53023259
53023261
53023273
53023277
53023279
53023301
53023337
53023367
53023381
53023387
53023393
53023427
53023463
53023483
53023541
53023549
53023573
53023603
53023681
53023721
53023727
53023741
53023753
53023771
53023787
53023807
53023811
53023837
53023843
53023847
53023853
53023871
53023877
53023879
53023891
53023907
53023909
53023921
53023933
53023937
53023939
53023979
53024011
53024033
53024047
53024053
53024077
53024087
53024099
53024107
53024113
53024137
53024141
53024143
53024299
53024317
53024333
53024347
53024359
53024369
53024381
53024401
53024417
53024423
53024431
53024443
53024471
53024549
53024551
53024597
53024623
53024639
53024641
53024651
53024689
53024693
53024701
53024743
53024749
53024761
53024831
53024833
53024843
53024863
53024941
53024957
53024969
53024971
53024987
53024999
53025031
53025053
53025059
53025103
53025109
53025127
53025151
53025169
53025173
53025187
53025197
53025209
53025233
53025239
53025331
53025359
53025383
53025389
53025391
53025449
53025457
53025487
53025491
53025503
53025509
53025517
53025527
53025547
53025563
53025571
53025631
53025641
53025647
53025671
53025677
53025683
53025691
53025701
53025727
53025733
53025761
53025769
53025781
53025793
53025803
53025821
53025829
53025851
53025871
53025881
53025887
53025913
53025919
53025937
53025943
53025983
53026033
53026037
53026067
53026091
53026121
53026133
53026139
53026153
53026157
53026163
53026177
53026187
53026219
53026231
53026241
53026249
53026271
53026273
53026307
53026319
53026327
53026331
53026333
53026381
53026409
53026411
53026469
53026483
53026499
53026517
53026537
53026541
53026579
53026583
53026591
53026607
53026609
53026619
53026627
53026637
53026639
53026643
53026651
53026679
53026741
53026759
53026789
53026793
53026811
53026829
53026837
53026861
53026867
53026879
53026901
53026921
53026979
53026991
53026999
53027033
53027047
53027053
53027059
53027071
53027077
53027089
53027113
53027129
53027137
53027141
53027147
53027159
53027173
53027201
53027203
53027207
53027209
53027231
53027237
53027243
53027263
53027269
53027279
53027291
53027311
53027321
53027333
53027339
53027353
53027411
53027413
53027417
53027449
53027467
53027479
53027501
53027503
53027551
53027561
53027563
53027587
53027599
53027603
53027617
53027629
53027633
53027659
53027671
53027717
53027731
53027761
53027783
53027831
53027833
53027837
53027851
53027861
53027867
53027893
53027899
53027911
53027939
53027941
53027951
53027957
53027959
53027963
53027977
53028043
53028061
53028089
53028097
53028109
53028121
53028137
53028139
53028167
53028169
53028181
53028223
53028229
53028233
53028277
53028307
53028329
53028343
53028379
53028403
53028419
53028421
53028431
53028439
53028463
53028473
53028497
53028509
53028523
53028529
53028541
53028553
53028637
53028697
53028707
53028709
53028713
53028743
53028749
53028751
53028757
53028769
53028841
53028851
53028883
53028889
53028893
53028901
53028973
53029033
53029043
53029061
53029063
53029073
53029079
53029091
53029117
53029129
53029181
53029187
53029213
53029219
53029253
53029267
53029271
53029297
53029349
53029351
53029357
53029367
53029373
53029381
53029387
53029391
53029397
53029411
53029423
53029439
53029451
53029453
53029469
53029507
53029519
53029531
53029567
53029573
53029577
53029591
53029597
53029601
53029607
53029631
53029633
53029643
53029649
53029663
53029667
53029673
53029693
53029709
53029723
53029727
53029729
53029787
53029799
53029807
53029811
53029819
53029831
53029861
53029877
53029891
53029903
53029909
53029913
53029937
53029939
53030011
53030041
53030063
53030071
53030099
53030129
53030149
53030171
53030177
53030189
53030207
53030267
53030269
53030279
53030281
53030297
53030317
53030347
53030359
53030413
53030447
53030459
53030519
53030573
53030587
53030611
53030623
53030629
53030639
53030669
53030689
53030699
53030713
53030717
53030723
53030741
53030771
53030779
53030807
53030827
53030833
53030851
53030867
53030869
53030897
53030903
53030921
53030933
53030947
53030951
53030963
53030981
53031023
53031067
53031089
53031091
53031113
53031127
53031131
53031157
53031221
53031259
53031269
53031287
53031403
53031431
53031457
53031479
53031481
53031521
53031523
53031529
53031541
53031553
53031569
53031571
53031577
53031581
53031611
53031613
53031623
53031683
53031689
53031701
53031703
53031751
53031779
53031787
53031821
53031829
53031833
53031851
53031871
53031877
53031883
53031889
53031899
53031911
53031929
53031941
53031947
53031971
53031991
53032009
53032037
53032073
53032087
53032099
53032123
53032127
53032139
53032141
53032153
53032159
53032169
53032183
53032193
53032283
53032297
53032307
53032313
53032321
53032339
53032349
53032361
53032379
53032381
53032391
53032417
53032423
53032453
53032471
53032493
53032501
53032513
53032523
53032589
53032627
53032633
53032643
53032703
53032709
53032747
53032783
53032789
53032801
53032813
53032817
53032823
53032831
53032879
53032891
53032919
53032939
53032943
53032957
53032961
53032997
53032999
53033003
53033011
53033017
53033023
53033027
53033039
53033059
53033063
53033069
53033077
53033089
53033093
53033117
53033137
53033171
53033179
53033203
53033207
53033261
53033269
53033287
53033303
53033311
53033317
53033333
53033341
53033347
53033359
53033399
53033413
53033417
53033441
53033471
53033473
53033581
53033593
53033611
53033621
53033639
53033681
53033711
53033741
53033753
53033759
53033797
53033809
53033821
53033857
53033899
53033927
53033957
53033969
53033971
53033983
53034019
53034031
53034053
53034077
53034103
53034109
53034131
53034151
53034161
53034167
53034181
53034221
53034227
53034253
53034269
53034287
53034307
53034323
53034341
53034347
53034349
53034379
53034409
53034413
53034463
53034467
53034469
53034473
53034479
53034493
53034497
53034547
53034551
53034563
53034581
53034599
53034623
53034637
53034647
53034661
53034671
53034703
53034743
53034763
53034791
53034809
53034827
53034829
53034859
53034887
53034889
53034899
53034901
53034913
53034929
53034967
53034973
53034977
53034979
53034983
53035001
53035007
53035013
53035027
53035043
53035063
53035069
53035109
53035111
53035187
53035207
53035231
53035243
53035267
53035271
53035313
53035337
53035343
53035349
53035357
53035361
53035363
53035387
53035417
53035453
53035459
53035471
53035487
53035511
53035523
53035553
53035559
53035561
53035573
53035583
53035601
53035649
53035667
53035679
53035691
53035709
53035711
53035739
53035757
53035777
53035819
53035831
53035847
53035849
53035877
53035883
53035891
53035933
53035949
53035951
53035963
53035967
53035981
53035991
53036003
53036017
53036047
53036051
53036063
53036101
53036111
53036117
53036129
53036131
53036149
53036153
53036161
53036167
53036173
53036197
53036227
53036233
53036261
53036299
53036363
53036383
53036387
53036393
53036407
53036441
53036449
53036453
53036491
53036509
53036513
53036527
53036561
53036579
53036591
53036603
53036653
53036671
53036677
53036681
53036707
53036713
53036741
53036743
53036761
53036773
53036779
53036807
53036839
53036861
53036869
53036897
53036927
53036987
53036993
53037041
53037073
53037079
53037119
53037137
53037157
53037199
53037217
53037233
53037239
53037251
53037253
53037277
53037301
53037307
53037323
53037337
53037343
53037349
53037353
53037367
53037371
53037377
53037389
53037403
53037407
53037419
53037431
53037449
53037451
53037461
53037469
53037473
53037511
53037553
53037599
53037601
53037623
53037643
53037659
53037661
53037689
53037703
53037707
53037713
53037727
53037763
53037767
53037779
53037799
53037811
53037823
53037863
53037883
53037889
53037899
53037973
53037997
53038061
53038067
53038087
53038093
53038123
53038127
53038157
53038159
53038169
53038199
53038229
53038243
53038259
53038261
53038267
53038289
53038313
53038327
53038331
53038333
53038343
53038357
53038387
53038409
53038423
53038439
53038441
53038451
53038493
53038499
53038537
53038549
53038553
53038561
53038597
53038627
53038669
53038673
53038681
53038703
53038729
53038753
53038771
53038781
53038787
53038801
53038813
53038819
53038831
53038841
53038847
53038877
53038879
53038891
53038903
53038907
53038949
53038957
53038961
53038969
53039003
53039017
53039029
53039069
53039071
53039101
53039111
53039113
53039123
53039131
53039159
53039177
53039183
53039197
53039213
53039221
53039227
53039243
53039249
53039251
53039263
53039267
53039299
53039321
53039323
53039333
53039341
53039353
53039387
53039423
53039447
53039477
53039501
53039599
53039647
53039663
53039713
53039717
53039719
53039741
53039783
53039809
53039837
53039839
53039843
53039867
53039873
53039893
53039933
53039951
53039957
53039971
53039989
53039993
53040023
53040061
53040107
53040131
53040137
53040151
53040157
53040161
53040179
53040209
53040223
53040241
53040257
53040259
53040263
53040269
53040271
53040283
53040307
53040311
53040329
53040331
53040341
53040359
53040367
53040373
53040389
53040397
53040443
53040497
53040557
53040563
53040577
53040583
53040601
53040607
53040619
53040641
53040643
53040653
53040683
53040727
53040787
53040803
53040809
53040821
53040853
53040881
53040893
53040899
53040931
53040937
53040959
53040961
53041007
53041033
53041039
53041111
53041117
53041123
53041127
53041129
53041133
53041159
53041171
53041199
53041211
53041213
53041223
53041259
53041267
53041271
53041301
53041321
53041327
53041337
53041357
53041367
53041453
53041477
53041511
53041523
53041529
53041553
53041567
53041579
53041591
53041603
53041607
53041613
53041621
53041643
53041663
53041669
53041679
53041687
53041699
53041721
53041739
53041753
53041763
53041771
53041777
53041789
53041801
53041829
53041843
53041847
53041871
53041883
53041889
53041909
53041913
53041927
53041949
53041951
53041999
53042021
53042047
53042081
53042107
53042161
53042173
53042191
53042207
53042221
53042237
53042257
53042287
53042299
53042303
53042321
53042351
53042369
53042371
53042377
53042387
53042389
53042399
53042401
53042441
53042443
53042449
53042459
53042503
53042513
53042527
53042543
53042551
53042597
53042599
53042617
53042621
53042641
53042651
53042663
53042677
53042681
53042687
53042713
53042723
53042747
53042753
53042791
53042797
53042809
53042831
53042833
53042849
53042861
53042879
53042881
53042887
53042897
53042903
53042909
53042911
53042917
53042923
53042939
53042959
53042963
53042981
53042987
53042989
53042993
53043019
53043031
53043061
53043073
53043091
53043103
53043143
53043157
53043161
53043167
53043169
53043191
53043239
53043253
53043259
53043271
53043323
53043371
53043379
53043413
53043437
53043439
53043457
53043481
53043493
53043509
53043559
53043563
53043593
53043631
53043637
53043671
53043673
53043691
53043707
53043713
53043721
53043737
53043751
53043779
53043787
53043803
53043817
53043847
53043853
53043857
53043901
53043941
53043943
53043959
53043971
53043979
53044001
53044031
53044039
53044091
53044093
53044099
53044111
53044133
53044151
53044157
53044169
53044183
53044223
53044237
53044249
53044253
53044259
53044307
53044339
53044349
53044357
53044367
53044457
53044469
53044477
53044483
53044487
53044489
53044531
53044559
53044571
53044591
53044603
53044609
53044613
53044631
53044633
53044661
53044687
53044697
53044723
53044769
53044829
53044837
53044841
53044847
53044867
53044889
53044907
53044909
53044919
53044921
53044931
53044949
53044951
53044961
53044963
53044967
53044987
53044991
53044993
53045029
53045033
53045053
53045059
53045063
53045141
53045183
53045191
53045203
53045221
53045249
53045327
53045347
53045351
53045381
53045387
53045393
53045401
53045407
53045411
53045453
53045459
53045467
53045497
53045507
53045519
53045537
53045561
53045569
53045581
53045621
53045647
53045653
53045683
53045693
53045717
53045719
53045737
53045749
53045761
53045767
53045771
53045791
53045809
53045833
53045849
53045873
53045879
53045917
53045921
53045947
53045953
53045957
53045963
53045969
53045983
53045987
53046013
53046029
53046031
53046101
53046121
53046139
53046151
53046173
53046193
53046229
53046241
53046281
53046313
53046317
53046319
53046359
53046361
53046377
53046401
53046407
53046437
53046439
53046449
53046457
53046479
53046491
53046517
53046527
53046541
53046551
53046559
53046583
53046593
53046601
53046659
53046667
53046733
53046737
53046761
53046779
53046787
53046793
53046827
53046853
53046871
53046893
53046913
53046923
53046971
53046979
53047013
53047037
53047063
53047073
53047081
53047103
53047133
53047199
53047201
53047207
53047213
53047219
53047243
53047249
53047261
53047277
53047303
53047331
53047333
53047387
53047391
53047433
53047517
53047559
53047573
53047597
53047609
53047663
53047679
53047691
53047703
53047733
53047739
53047741
53047759
53047801
53047807
53047811
53047831
53047843
53047849
53047933
53047937
53047949
53047999
53048029
53048033
53048053
53048059
53048069
53048081
53048087
53048113
53048117
53048153
53048159
53048167
53048207
53048213
53048231
53048239
53048243
53048249
53048267
53048273
53048287
53048291
53048299
53048309
53048329
53048341
53048351
53048363
53048459
53048461
53048473
53048503
53048507
53048509
53048543
53048561
53048563
53048587
53048591
53048609
53048623
53048647
53048651
53048659
53048669
53048689
53048693
53048701
53048753
53048783
53048819
53048873
53048899
53048903
53048909
53048911
53048921
53048929
53048953
53048981
53049001
53049011
53049019
53049023
53049037
53049049
53049089
53049103
53049107
53049119
53049127
53049133
53049137
53049167
53049253
53049257
53049281
53049301
53049313
53049329
53049377
53049383
53049391
53049413
53049419
53049421
53049433
53049481
53049499
53049509
53049517
53049553
53049559
53049583
53049593
53049617
53049631
53049719
53049727
53049743
53049751
53049761
53049769
53049779
53049839
53049847
53049853
53049869
53049923
53049929
53049949
53049967
53049989
53049991
53050007
53050037
53050043
53050073
53050093
53050097
53050111
53050117
53050133
53050171
53050177
53050181
53050189
53050199
53050201
53050211
53050219
53050237
53050241
53050243
53050273
53050289
53050303
53050307
53050343
53050379
53050391
53050423
53050427
53050429
53050447
53050453
53050463
53050471
53050477
53050511
53050513
53050531
53050537
53050549
53050573
53050577
53050589
53050609
53050619
53050643
53050649
53050709
53050747
53050759
53050783
53050787
53050799
53050817
53050819
53050841
53050849
53050867
53050891
53050909
53050937
53050961
53050967
53050973
53050993
53050997
53051023
53051051
53051147
53051153
53051161
53051183
53051189
53051197
53051213
53051221
53051227
53051239
53051267
53051269
53051291
53051321
53051389
53051393
53051429
53051437
53051491
53051513
53051521
53051533
53051549
53051567
53051597
53051617
53051623
53051651
53051657
53051659
53051683
53051689
53051693
53051707
53051711
53051729
53051737
53051741
53051753
53051783
53051807
53051813
53051851
53051863
53051879
53051893
53051939
53051953
53051959
53051963
53051983
53051989
53052037
53052061
53052079
53052089
53052101
53052119
53052137
53052149
53052157
53052173
53052179
53052187
53052193
53052203
53052217
53052227
53052247
53052271
53052289
53052299
53052347
53052383
53052443
53052451
53052463
53052481
53052499
53052533
53052539
53052607
53052611
53052619
53052641
53052653
53052683
53052689
53052719
53052739
53052757
53052763
53052781
53052787
53052809
53052817
53052827
53052829
53052863
53052871
53052911
53052917
53052929
53052941
53052949
53053031
53053037
53053051
53053097
53053109
53053123
53053129
53053163
53053171
53053193
53053211
53053241
53053279
53053291
53053313
53053321
53053327
53053337
53053349
53053367
53053373
53053393
53053409
53053417
53053421
53053423
53053439
53053463
53053487
53053501
53053519
53053531
53053537
53053547
53053601
53053603
53053607
53053633
53053639
53053657
53053667
53053687
53053691
53053697
53053723
53053739
53053747
53053751
53053769
53053771
53053799
53053811
53053817
53053823
53053829
53053831
53053837
53053853
53053943
53053993
53054003
53054009
53054011
53054069
53054081
53054101
53054159
53054173
53054203
53054207
53054227
53054231
53054233
53054257
53054269
53054317
53054357
53054359
53054371
53054383
53054437
53054453
53054461
53054471
53054503
53054509
53054527
53054549
53054563
53054581
53054611
53054627
53054653
53054657
53054663
53054693
53054713
53054719
53054723
53054759
53054761
53054777
53054791
53054797
53054801
53054831
53054851
53054873
53054879
53054917
53054923
53054927
53054941
53054957
53054959
53054971
53054999
53055001
53055019
53055047
53055053
53055083
53055091
53055103
53055127
53055133
53055143
53055157
53055161
53055169
53055221
53055257
53055269
53055293
53055307
53055311
53055341
53055361
53055377
53055397
53055437
53055461
53055469
53055479
53055523
53055551
53055557
53055559
53055571
53055577
53055637
53055643
53055661
53055697
53055701
53055707
53055713
53055719
53055721
53055757
53055767
53055773
53055781
53055797
53055803
53055811
53055829
53055833
53055839
53055857
53055881
53055887
53055931
53055949
53055971
53055983
53056001
53056019
53056043
53056061
53056063
53056079
53056103
53056111
53056117
53056139
53056141
53056177
53056183
53056207
53056217
53056219
53056229
53056231
53056259
53056277
53056301
53056307
53056309
53056319
53056351
53056357
53056361
53056387
53056459
53056481
53056489
53056499
53056511
53056537
53056543
53056547
53056567
53056571
53056579
53056603
53056649
53056669
53056681
53056691
53056771
53056793
53056799
53056811
53056849
53056859
53056889
53056891
53056897
53056901
53056909
53056919
53056931
53056933
53056957
53056961
53056967
53057009
53057029
53057033
53057041
53057047
53057071
53057117
53057143
53057161
53057183
53057209
53057231
53057237
53057281
53057299
53057311
53057339
53057363
53057401
53057413
53057449
53057471
53057479
53057491
53057503
53057507
53057509
53057531
53057539
53057581
53057591
53057597
53057621
53057639
53057659
53057701
53057707
53057723
53057749
53057759
53057777
53057779
53057789
53057863
53057869
53057909
53057911
53057923
53057959
53058007
53058011
53058029
53058041
53058043
53058077
53058101
53058179
53058191
53058193
53058199
53058211
53058221
53058233
53058283
53058289
53058337
53058361
53058413
53058419
53058437
53058451
53058457
53058541
53058557
53058589
53058611
53058623
53058637
53058667
53058673
53058679
53058721
53058727
53058737
53058743
53058749
53058757
53058791
53058793
53058827
53058847
53058869
53058871
53058881
53058899
53058913
53058919
53058923
53058937
53058983
53058997
53059003
53059021
53059031
53059063
53059079
53059087
53059093
53059103
53059121
53059133
53059157
53059163
53059177
53059187
53059213
53059217
53059297
53059301
53059333
53059339
53059351
53059379
53059411
53059421
53059429
53059451
53059471
53059483
53059541
53059553
53059579
53059583
53059603
53059637
53059651
53059667
53059681
53059697
53059733
53059751
53059789
53059843
53059849
53059871
53059891
53059921
53059957
53059973
53059997
53059999
53060023
53060069
53060071
53060083
53060089
53060093
53060101
53060129
53060131
53060143
53060153
53060171
53060197
53060201
53060207
53060233
53060239
53060243
53060291
53060299
53060309
53060339
53060341
53060351
53060389
53060419
53060443
53060461
53060467
53060503
53060507
53060531
53060543
53060593
53060617
53060659
53060669
53060671
53060713
53060719
53060731
53060737
53060741
53060771
53060773
53060783
53060827
53060831
53060867
53060869
53060879
53060921
53060941
53060963
53060983
53060989
53060993
53061013
53061017
53061049
53061079
53061083
53061103
53061121
53061139
53061143
53061163
53061179
53061187
53061209
53061221
53061223
53061241
53061247
53061251
53061287
53061311
53061313
53061331
53061343
53061389
53061397
53061401
53061409
53061413
53061431
53061439
53061451
53061457
53061467
53061487
53061499
53061517
53061563
53061571
53061581
53061599
53061601
53061649
53061653
53061707
53061719
53061733
53061751
53061763
53061773
53061781
53061791
53061797
53061809
53061823
53061839
53061857
53061859
53061907
53061917
53061929
53061937
53061971
53061977
53061979
53061991
53062027
53062039
53062099
53062103
53062109
53062189
53062211
53062249
53062259
53062267
53062271
53062291
53062319
53062333
53062337
53062343
53062349
53062351
53062367
53062379
53062393
53062439
53062441
53062447
53062453
53062469
53062501
53062507
53062519
53062523
53062549
53062553
53062567
53062591
53062609
53062637
53062643
53062697
53062717
53062739
53062777
53062883
53062907
53062931
53062963
53062969
53062973
53062981
53062993
53063027
53063051
53063063
53063071
53063083
53063089
53063099
53063113
53063117
53063149
53063159
53063167
53063173
53063177
53063191
53063201
53063207
53063237
53063287
53063299
53063317
53063327
53063347
53063357
53063377
53063393
53063399
53063401
53063449
53063453
53063459
53063467
53063503
53063539
53063573
53063609
53063617
53063623
53063629
53063657
53063663
53063671
53063701
53063729
53063741
53063797
53063819
53063821
53063861
53063867
53063873
53063911
53063917
53063977
53063981
53064001
53064023
53064041
53064043
53064047
53064061
53064071
53064097
53064133
53064139
53064173
53064199
53064217
53064241
53064247
53064299
53064311
53064329
53064331
53064337
53064353
53064377
53064383
53064391
53064493
53064509
53064527
53064581
53064593
53064629
53064631
53064637
53064647
53064679
53064691
53064719
53064763
53064773
53064787
53064793
53064799
53064821
53064827
53064829
53064863
53064877
53064889
53064953
53064961
53064989
53065027
53065069
53065073
53065079
53065091
53065123
53065127
53065147
53065153
53065171
53065183
53065189
53065213
53065217
53065223
53065231
53065237
53065241
53065267
53065277
53065297
53065333
53065343
53065391
53065417
53065427
53065487
53065489
53065513
53065559
53065567
53065609
53065633
53065657
53065673
53065681
53065697
53065723
53065739
53065751
53065757
53065777
53065781
53065783
53065829
53065861
53065877
53065907
53065919
53065921
53065927
53065933
53065939
53065949
53065951
53065973
53065979
53065981
53066011
53066021
53066033
53066047
53066053
53066071
53066093
53066173
53066191
53066219
53066227
53066239
53066249
53066261
53066287
53066291
53066347
53066357
53066369
53066371
53066381
53066413
53066417
53066441
53066459
53066483
53066501
53066509
53066579
53066581
53066597
53066599
53066603
53066627
53066633
53066719
53066729
53066731
53066743
53066779
53066803
53066831
53066879
53066903
53066927
53066933
53066941
53066969
53066999
53067017
53067023
53067029
53067037
53067041
53067043
53067067
53067073
53067097
53067101
53067127
53067143
53067163
53067197
53067199
53067211
53067221
53067227
53067239
53067253
53067263
53067299
53067307
53067347
53067359
53067367
53067389
53067397
53067401
53067403
53067431
53067449
53067451
53067457
53067479
53067503
53067517
53067527
53067541
53067617
53067643
53067649
53067661
53067667
53067683
53067701
53067809
53067821
53067857
53067869
53067871
53067881
53067887
53067901
53067907
53067929
53067943
53067947
53067967
53067983
53067991
53068003
53068039
53068079
53068111
53068117
53068139
53068157
53068193
53068201
53068229
53068241
53068243
53068247
53068259
53068283
53068319
53068331
53068333
53068343
53068357
53068361
53068369
53068439
53068447
53068481
53068507
53068511
53068513
53068523
53068571
53068573
53068583
53068627
53068633
53068643
53068649
53068651
53068661
53068699
53068709
53068711
53068783
53068823
53068859
53068861
53068867
53068903
53068973
53068979
53068987
53068997
53069011
53069057
53069069
53069077
53069083
53069089
53069099
53069113
53069141
53069153
53069161
53069167
53069171
53069173
53069197
53069209
53069231
53069309
53069323
53069327
53069347
53069371
53069389
53069399
53069431
53069501
53069503
53069531
53069537
53069557
53069567
53069587
53069609
53069657
53069677
53069689
53069693
53069701
53069713
53069747
53069773
53069837
53069843
53069897
53069911
53069977
53070001
53070011
53070019
53070023
53070049
53070053
53070079
53070091
53070133
53070139
53070151
53070161
53070163
53070167
53070179
53070187
53070221
53070229
53070253
53070263
53070301
53070307
53070317
53070341
53070371
53070389
53070397
53070431
53070443
53070461
53070463
53070491
53070497
53070517
53070529
53070533
53070571
53070581
53070587
53070593
53070599
53070673
53070679
53070697
53070701
53070709
53070727
53070733
53070739
53070749
53070751
53070779
53070799
53070803
53070811
53070817
53070833
53070859
53070869
53070877
53070893
53070907
53070929
53070961
53071003
53071019
53071021
53071043
53071049
53071087
53071099
53071103
53071121
53071153
53071171
53071201
53071211
53071223
53071231
53071253
53071301
53071309
53071321
53071339
53071367
53071387
53071393
53071409
53071423
53071429
53071441
53071457
53071463
53071477
53071481
53071483
53071493
53071519
53071567
53071573
53071583
53071591
53071607
53071609
53071639
53071643
53071651
53071661
53071673
53071687
53071717
53071723
53071757
53071813
53071829
53071849
53071859
53071873
53071877
53071897
53071913
53071937
53071939
53071951
53071961
53071979
53071987
53072029
53072039
53072051
53072069
53072077
53072087
53072119
53072137
53072177
53072179
53072183
53072207
53072219
53072251
53072267
53072269
53072273
53072303
53072309
53072333
53072381
53072399
53072413
53072443
53072479
53072497
53072519
53072549
53072587
53072627
53072633
53072647
53072653
53072659
53072687
53072699
53072731
53072741
53072743
53072771
53072783
53072797
53072809
53072821
53072839
53072843
53072849
53072857
53072869
53072881
53072897
53072933
53072953
53072969
53072977
53072993
53073017
53073019
53073043
53073047
53073071
53073073
53073079
53073089
53073109
53073127
53073143
53073151
53073157
53073191
53073203
53073217
53073221
53073253
53073257
53073283
53073347
53073359
53073401
53073467
53073487
53073497
53073521
53073529
53073539
53073563
53073583
53073589
53073607
53073611
53073619
53073623
53073641
53073661
53073667
53073689
53073697
53073703
53073751
53073773
53073781
53073791
53073809
53073833
53073851
53073869
53073871
53073887
53073893
53073899
53073901
53073907
53073913
53073929
53073959
53073961
53073971
53073989
53074003
53074009
53074061
53074067
53074069
53074079
53074081
53074097
53074111
53074121
53074123
53074127
53074157
53074181
53074183
53074193
53074199
53074261
53074279
53074283
53074291
53074297
53074303
53074309
53074319
53074337
53074339
53074369
53074393
53074451
53074457
53074477
53074487
53074499
53074517
53074523
53074579
53074583
53074589
53074601
53074603
53074627
53074667
53074673
53074711
53074717
53074739
53074789
53074817
53074829
53074831
53074841
53074877
53074913
53074937
53074939
53074963
53075023
53075039
53075041
53075059
53075089
53075107
53075117
53075147
53075153
53075159
53075167
53075171
53075203
53075213
53075219
53075221
53075251
53075273
53075293
53075299
53075311
53075333
53075339
53075357
53075359
53075369
53075371
53075381
53075389
53075413
53075431
53075437
53075461
53075471
53075483
53075507
53075509
53075527
53075537
53075557
53075623
53075629
53075639
53075641
53075647
53075657
53075731
53075741
53075747
53075779
53075783
53075791
53075807
53075821
53075849
53075851
53075863
53075879
53075923
53075933
53075941
53075947
53075969
53075977
53075983
53076011
53076013
53076029
53076031
53076043
53076053
53076073
53076077
53076097
53076103
53076131
53076137
53076197
53076211
53076217
53076251
53076271
53076277
53076281
53076343
53076347
53076377
53076379
53076383
53076421
53076461
53076469
53076473
53076497
53076503
53076511
53076521
53076539
53076563
53076587
53076593
53076599
53076607
53076623
53076629
53076643
53076679
53076697
53076713
53076719
53076721
53076731
53076769
53076809
53076851
53076853
53076857
53076869
53076871
53076949
53076971
53076997
53077061
53077091
53077097
53077099
53077103
53077151
53077183
53077187
53077207
53077229
53077231
53077249
53077253
53077267
53077273
53077291
53077303
53077313
53077319
53077331
53077357
53077369
53077373
53077379
53077447
53077471
53077481
53077483
53077489
53077501
53077547
53077561
53077571
53077579
53077589
53077597
53077631
53077667
53077669
53077679
53077693
53077699
53077729
53077733
53077741
53077769
53077771
53077793
53077807
53077847
53077861
53077873
53077889
53077891
53077897
53077931
53077933
53077949
53077987
53078009
53078023
53078057
53078071
53078101
53078117
53078119
53078141
53078147
53078159
53078177
53078183
53078189
53078209
53078213
53078219
53078243
53078257
53078299
53078309
53078317
53078329
53078339
53078353
53078359
53078407
53078423
53078453
53078483
53078489
53078491
53078513
53078521
53078537
53078551
53078561
53078567
53078579
53078581
53078587
53078591
53078593
53078611
53078629
53078633
53078689
53078693
53078713
53078771
53078791
53078801
53078803
53078849
53078863
53078867
53078891
53078953
53078999
53079041
53079043
53079097
53079107
53079109
53079119
53079137
53079163
53079181
53079199
53079203
53079263
53079289
53079307
53079311
53079317
53079337
53079353
53079373
53079391
53079419
53079421
53079437
53079443
53079451
53079463
53079487
53079503
53079539
53079557
53079563
53079581
53079601
53079613
53079617
53079629
53079643
53079647
53079701
53079713
53079721
53079727
53079743
53079751
53079757
53079769
53079799
53079823
53079827
53079841
53079847
53079853
53079857
53079913
53079937
53079959
53079989
53079991
53079997
53080003
53080019
53080043
53080051
53080099
53080109
53080141
53080151
53080169
53080193
53080201
53080213
53080219
53080229
53080231
53080267
53080289
53080327
53080367
53080369
53080387
53080397
53080399
53080403
53080427
53080439
53080487
53080529
53080561
53080567
53080571
53080627
53080633
53080639
53080693
53080697
53080721
53080723
53080739
53080747
53080751
53080777
53080799
53080837
53080843
53080847
53080861
53080871
53080883
53080939
53080967
53080981
53081009
53081023
53081029
53081081
53081129
53081159
53081167
53081173
53081201
53081227
53081261
53081299
53081311
53081321
53081341
53081351
53081363
53081423
53081437
53081449
53081467
53081473
53081489
53081507
53081521
53081527
53081537
53081549
53081557
53081591
53081671
53081681
53081683
53081711
53081713
53081729
53081741
53081747
53081761
53081767
53081783
53081789
53081807
53081843
53081849
53081867
53081879
53081891
53081893
53081911
53081923
53081927
53081947
53081957
53081969
53081981
53081993
53082031
53082049
53082053
53082059
53082061
53082103
53082163
53082173
53082187
53082247
53082259
53082283
53082287
53082299
53082307
53082311
53082343
53082353
53082373
53082397
53082437
53082443
53082451
53082467
53082479
53082493
53082503
53082539
53082553
53082569
53082581
53082587
53082611
53082613
53082647
53082661
53082703
53082709
53082719
53082727
53082737
53082763
53082773
53082779
53082791
53082793
53082803
53082829
53082833
53082851
53082853
53082859
53082863
53082907
53082929
53082971
53082977
53082989
53083001
53083003
53083013
53083033
53083039
53083073
53083117
53083139
53083171
53083183
53083189
53083193
53083201
53083211
53083223
53083243
53083279
53083297
53083307
53083309
53083313
53083343
53083399
53083403
53083447
53083451
53083453
53083477
53083489
53083507
53083519
53083531
53083553
53083577
53083619
53083621
53083627
53083637
53083649
53083651
53083669
53083697
53083699
53083711
53083733
53083753
53083757
53083769
53083781
53083799
53083819
53083867
53083871
53083879
53083909
53083939
53083957
53083963
53083999
53084021
53084027
53084029
53084039
53084041
53084063
53084099
53084113
53084117
53084131
53084147
