52756489
52756499
52756507
52756567
52756573
52756591
52756609
52756633
52756663
52756667
52756681
52756721
52756727
52756741
52756789
52756793
52756799
52756801
52756807
52756817
52756819
52756859
52756861
52756883
52756897
52756903
52756927
52756961
52756987
52756993
52756997
52757021
52757057
52757059
52757083
52757113
52757141
52757149
52757161
52757183
52757209
52757213
52757323
52757329
52757363
52757371
52757389
52757401
52757407
52757429
52757479
52757483
52757503
52757519
52757521
52757531
52757581
52757587
52757591
52757599
52757633
52757651
52757657
52757659
52757669
52757711
52757713
52757717
52757723
52757767
52757797
52757827
52757833
52757839
52757849
52757869
52757879
52757891
52757897
52757909
52757911
52757917
52757921
52757963
52758007
52758029
52758059
52758077
52758091
52758131
52758143
52758149
52758151
52758179
52758197
52758217
52758241
52758247
52758271
52758301
52758313
52758319
52758323
52758347
52758371
52758379
52758403
52758427
52758439
52758469
52758493
52758499
52758509
52758523
52758529
52758571
52758583
52758637
52758647
52758653
52758661
52758689
52758703
52758709
52758733
52758737
52758773
52758821
52758829
52758833
52758851
52758907
52758919
52758971
52758983
52759001
52759013
52759043
52759061
52759097
52759099
52759103
52759139
52759159
52759163
52759183
52759193
52759247
52759253
52759277
52759307
52759331
52759337
52759339
52759349
52759391
52759397
52759403
52759411
52759451
52759457
52759463
52759507
52759519
52759529
52759537
52759543
52759573
52759583
52759627
52759633
52759639
52759649
52759657
52759691
52759699
52759703
52759727
52759781
52759783
52759841
52759843
52759859
52759867
52759873
52759901
52759909
52759919
52759939
52759969
52759981
52760009
52760023
52760051
52760053
52760063
52760083
52760111
52760117
52760159
52760161
52760221
52760249
52760291
52760293
52760327
52760341
52760353
52760363
52760371
52760377
52760431
52760437
52760497
52760501
52760507
52760509
52760567
52760611
52760621
52760627
52760651
52760723
52760731
52760749
52760797
52760801
52760821
52760833
52760863
52760867
52760879
52760887
52760921
52760933
52760987
52760999
52761017
52761041
52761053
52761073
52761083
52761089
52761109
52761133
52761139
52761143
52761151
52761161
52761199
52761209
52761221
52761229
52761239
52761253
52761257
52761259
52761277
52761311
52761323
52761343
52761419
52761431
52761437
52761451
52761463
52761487
52761529
52761539
52761551
52761571
52761581
52761587
52761607
52761617
52761623
52761637
52761641
52761661
52761673
52761677
52761679
52761739
52761757
52761791
52761799
52761827
52761833
52761857
52761869
52761881
52761883
52761901
52761913
52761923
52761937
52761949
52761971
52761997
52762007
52762013
52762051
52762057
52762081
52762103
52762109
52762117
52762123
52762139
52762163
52762181
52762201
52762211
52762243
52762249
52762289
52762309
52762319
52762321
52762331
52762337
52762351
52762361
52762363
52762417
52762427
52762511
52762517
52762553
52762559
52762583
52762597
52762603
52762627
52762643
52762657
52762669
52762681
52762691
52762693
52762709
52762711
52762733
52762741
52762769
52762771
52762783
52762799
52762813
52762817
52762819
52762889
52762891
52762901
52762903
52762921
52762949
52762979
52762993
52763047
52763099
52763111
52763119
52763131
52763141
52763167
52763197
52763213
52763239
52763251
52763261
52763273
52763297
52763317
52763339
52763401
52763419
52763423
52763453
52763467
52763471
52763489
52763507
52763527
52763531
52763573
52763603
52763609
52763611
52763617
52763621
52763629
52763647
52763663
52763677
52763687
52763693
52763701
52763747
52763749
52763803
52763819
52763827
52763831
52763833
52763857
52763911
52763933
52763951
52763959
52763987
52763993
52764011
52764017
52764031
52764037
52764059
52764091
52764133
52764143
52764149
52764163
52764169
52764227
52764233
52764247
52764281
52764293
52764301
52764343
52764373
52764389
52764407
52764419
52764421
52764433
52764457
52764469
52764497
52764527
52764529
52764533
52764541
52764557
52764587
52764623
52764631
52764637
52764643
52764671
52764709
52764713
52764721
52764731
52764757
52764769
52764773
52764779
52764793
52764797
52764809
52764841
52764847
52764853
52764863
52764871
52764917
52764931
52764937
52764941
52764977
52764983
52765001
52765003
52765019
52765039
52765043
52765079
52765099
52765103
52765117
52765121
52765129
52765159
52765169
52765199
52765211
52765213
52765217
52765241
52765249
52765259
52765267
52765291
52765303
52765309
52765313
52765333
52765357
52765393
52765397
52765409
52765439
52765459
52765477
52765481
52765511
52765513
52765523
52765541
52765543
52765547
52765553
52765571
52765577
52765607
52765619
52765639
52765681
52765721
52765723
52765747
52765771
52765789
52765829
52765837
52765847
52765849
52765891
52765897
52765931
52765939
52765957
52765967
52765969
52765981
52765987
52765991
52766003
52766009
52766023
52766027
52766029
52766039
52766041
52766047
52766081
52766089
52766099
52766143
52766149
52766183
52766191
52766201
52766213
52766261
52766267
52766291
52766321
52766327
52766353
52766369
52766381
52766411
52766443
52766447
52766501
52766507
52766533
52766543
52766563
52766569
52766599
52766603
52766611
52766621
52766627
52766639
52766653
52766671
52766677
52766687
52766717
52766741
52766767
52766801
52766821
52766837
52766839
52766843
52766851
52766881
52766887
52766927
52766939
52766951
52766953
52766957
52766993
52766999
52767007
52767017
52767049
52767061
52767067
52767073
52767079
52767109
52767131
52767139
52767151
52767173
52767179
52767203
52767233
52767241
52767251
52767263
52767283
52767289
52767293
52767311
52767317
52767343
52767347
52767367
52767373
52767397
52767409
52767419
52767431
52767457
52767469
52767509
52767523
52767527
52767529
52767553
52767569
52767571
52767593
52767599
52767607
52767613
52767619
52767629
52767641
52767667
52767679
52767713
52767721
52767763
52767811
52767817
52767851
52767863
52767899
52767901
52767919
52767929
52767961
52767973
52768021
52768063
52768069
52768087
52768091
52768103
52768109
52768127
52768151
52768207
52768211
52768229
52768237
52768283
52768321
52768349
52768369
52768379
52768399
52768403
52768433
52768447
52768489
52768511
52768519
52768523
52768531
52768537
52768553
52768577
52768589
52768607
52768609
52768613
52768619
52768621
52768649
52768657
52768669
52768687
52768711
52768717
52768741
52768769
52768787
52768801
52768811
52768813
52768817
52768823
52768829
52768841
52768847
52768883
52768889
52768897
52768931
52768939
52768943
52768949
52768957
52768997
52769053
52769089
52769111
52769147
52769179
52769219
52769221
52769231
52769237
52769239
52769273
52769281
52769303
52769317
52769329
52769341
52769359
52769371
52769413
52769443
52769447
52769449
52769467
52769489
52769537
52769611
52769621
52769627
52769641
52769653
52769663
52769677
52769687
52769693
52769699
52769701
52769711
52769723
52769753
52769779
52769789
52769831
52769837
52769839
52769851
52769863
52769869
52769891
52769903
52769909
52769917
52769929
52769947
52769963
52769971
52770001
52770019
52770031
52770041
52770059
52770077
52770101
52770149
52770173
52770181
52770187
52770199
52770203
52770217
52770241
52770259
52770269
52770271
52770281
52770283
52770293
52770317
52770359
52770383
52770409
52770413
52770433
52770437
52770449
52770461
52770511
52770541
52770577
52770611
52770647
52770667
52770793
52770797
52770827
52770853
52770857
52770863
52770877
52770899
52770919
52770929
52770931
52770967
52770983
52771001
52771003
52771013
52771031
52771051
52771057
52771063
52771067
52771079
52771091
52771099
52771109
52771127
52771129
52771153
52771157
52771163
52771183
52771217
52771219
52771231
52771237
52771241
52771253
52771267
52771291
52771319
52771333
52771343
52771357
52771373
52771391
52771399
52771403
52771409
52771423
52771427
52771463
52771501
52771513
52771567
52771573
52771603
52771639
52771643
52771669
52771681
52771687
52771699
52771717
52771727
52771753
52771781
52771787
52771801
52771811
52771819
52771847
52771853
52771861
52771877
52771883
52771891
52771907
52771931
52771991
52771993
52772003
52772021
52772033
52772059
52772077
52772089
52772119
52772173
52772201
52772227
52772231
52772287
52772297
52772303
52772311
52772333
52772341
52772347
52772351
52772353
52772387
52772389
52772393
52772407
52772417
52772429
52772449
52772477
52772497
52772513
52772527
52772543
52772561
52772579
52772591
52772593
52772597
52772623
52772651
52772659
52772669
52772701
52772723
52772773
52772807
52772831
52772843
52772851
52772857
52772887
52772891
52772893
52772917
52772983
52773023
52773029
52773031
52773037
52773047
52773053
52773101
52773103
52773121
52773167
52773179
52773221
52773223
52773257
52773271
52773277
52773283
52773289
52773299
52773307
52773349
52773353
52773367
52773397
52773401
52773517
52773541
52773571
52773587
52773631
52773667
52773701
52773719
52773733
52773761
52773779
52773821
52773827
52773871
52773883
52773893
52773911
52773913
52773947
52773971
52773977
52773979
52774003
52774019
52774031
52774037
52774049
52774067
52774081
52774097
52774159
52774177
52774187
52774193
52774223
52774237
52774243
52774283
52774289
52774297
52774301
52774313
52774327
52774357
52774363
52774367
52774387
52774417
52774427
52774429
52774439
52774481
52774483
52774487
52774517
52774531
52774567
52774573
52774583
52774619
52774633
52774643
52774661
52774669
52774747
52774753
52774759
52774763
52774769
52774781
52774847
52774849
52774853
52774859
52774873
52774877
52774907
52774961
52774973
52774979
52775069
52775071
52775083
52775119
52775137
52775153
52775161
52775167
52775171
52775183
52775189
52775197
52775213
52775249
52775251
52775269
52775279
52775287
52775291
52775311
52775341
52775383
52775479
52775533
52775537
52775539
52775549
52775581
52775603
52775627
52775669
52775683
52775687
52775693
52775719
52775743
52775753
52775759
52775761
52775771
52775773
52775819
52775851
52775873
52775881
52775887
52775893
52775903
52775923
52775927
52775929
52775999
52776001
52776047
52776049
52776071
52776077
52776083
52776121
52776127
52776169
52776203
52776221
52776233
52776257
52776263
52776277
52776323
52776331
52776337
52776371
52776391
52776397
52776403
52776443
52776461
52776469
52776481
52776487
52776527
52776557
52776569
52776571
52776587
52776589
52776611
52776613
52776617
52776667
52776671
52776673
52776679
52776701
52776709
52776719
52776727
52776751
52776761
52776767
52776791
52776793
52776811
52776847
52776859
52776863
52776869
52776877
52776901
52776917
52776931
52776967
52776991
52777031
52777033
52777051
52777057
52777073
52777091
52777103
52777171
52777181
52777183
52777189
52777199
52777229
52777237
52777253
52777259
52777279
52777301
52777339
52777343
52777349
52777357
52777379
52777391
52777397
52777399
52777481
52777493
52777507
52777523
52777547
52777553
52777561
52777567
52777579
52777583
52777597
52777661
52777721
52777723
52777787
52777789
52777807
52777811
52777817
52777849
52777861
52777891
52777927
52777931
52777943
52777961
52777969
52778003
52778023
52778041
52778053
52778059
52778087
52778107
52778129
52778147
52778153
52778171
52778177
52778191
52778207
52778221
52778233
52778239
52778267
52778269
52778287
52778293
52778303
52778309
52778311
52778339
52778377
52778393
52778413
52778431
52778437
52778443
52778471
52778483
52778527
52778543
52778567
52778569
52778597
52778611
52778623
52778633
52778639
52778653
52778657
52778681
52778683
52778689
52778699
52778707
52778729
52778741
52778743
52778783
52778801
52778807
52778809
52778819
52778837
52778851
52778857
52778881
52778899
52778917
52778923
52778933
52778959
52778963
52778977
52778987
52778989
52779011
52779029
52779053
52779059
52779061
52779071
52779107
52779109
52779121
52779137
52779163
52779173
52779179
52779187
52779191
52779193
52779229
52779239
52779247
52779263
52779269
52779281
52779289
52779301
52779313
52779323
52779379
52779383
52779413
52779421
52779431
52779439
52779479
52779481
52779491
52779497
52779521
52779523
52779539
52779541
52779547
52779553
52779557
52779589
52779593
52779613
52779631
52779647
52779673
52779677
52779697
52779707
52779709
52779721
52779743
52779757
52779773
52779787
52779799
52779809
52779817
52779841
52779847
52779851
52779899
52779911
52779941
52779973
52779977
52779989
52780001
52780037
52780061
52780069
52780099
52780109
52780111
52780127
52780129
52780151
52780159
52780163
52780171
52780181
52780199
52780213
52780229
52780249
52780253
52780283
52780297
52780303
52780313
52780327
52780333
52780337
52780363
52780373
52780381
52780391
52780457
52780487
52780543
52780579
52780589
52780591
52780643
52780661
52780669
52780697
52780703
52780709
52780711
52780723
52780729
52780747
52780781
52780787
52780789
52780811
52780813
52780829
52780843
52780891
52780919
52780933
52780939
52780943
52780963
52780967
52780979
52780991
52780997
52781023
52781083
52781087
52781093
52781101
52781119
52781123
52781147
52781149
52781153
52781161
52781171
52781249
52781303
52781317
52781321
52781347
52781353
52781357
52781369
52781387
52781419
52781543
52781593
52781627
52781633
52781657
52781669
52781681
52781737
52781749
52781759
52781767
52781777
52781783
52781789
52781797
52781819
52781831
52781843
52781851
52781873
52781881
52781887
52781891
52781903
52781921
52781929
52781947
52781959
52781983
52781999
52782031
52782043
52782071
52782077
52782101
52782109
52782151
52782157
52782173
52782227
52782281
52782299
52782311
52782347
52782377
52782383
52782391
52782397
52782419
52782421
52782449
52782451
52782469
52782479
52782481
52782511
52782529
52782547
52782557
52782559
52782563
52782571
52782593
52782599
52782617
52782623
52782641
52782649
52782673
52782689
52782713
52782731
52782733
52782761
52782767
52782799
52782809
52782811
52782827
52782839
52782853
52782883
52782889
52782901
52782967
52782997
52783001
52783009
52783019
52783037
52783057
52783061
52783067
52783099
52783123
52783151
52783153
52783163
52783169
52783193
52783217
52783267
52783279
52783301
52783309
52783327
52783331
52783343
52783363
52783373
52783429
52783433
52783439
52783447
52783469
52783481
52783499
52783517
52783519
52783531
52783537
52783541
52783547
52783559
52783573
52783631
52783637
52783639
52783649
52783651
52783673
52783681
52783693
52783789
52783823
52783831
52783879
52783897
52783921
52783931
52783943
52783967
52783981
52783993
52784003
52784051
52784111
52784117
52784119
52784143
52784159
52784197
52784219
52784267
52784273
52784279
52784339
52784353
52784357
52784359
52784383
52784399
52784401
52784411
52784429
52784461
52784503
52784539
52784573
52784579
52784639
52784653
52784657
52784663
52784689
52784707
52784731
52784741
52784759
52784777
52784783
52784789
52784803
52784861
52784887
52784891
52784911
52784939
52784957
52784969
52784981
52784987
52784989
52784993
52785041
52785053
52785071
52785077
52785091
52785121
52785143
52785179
52785181
52785223
52785233
52785247
52785269
52785311
52785319
52785329
52785331
52785349
52785361
52785373
52785377
52785419
52785433
52785449
52785457
52785479
52785503
52785511
52785521
52785547
52785571
52785581
52785583
52785611
52785613
52785617
52785619
52785631
52785637
52785647
52785671
52785673
52785703
52785739
52785763
52785769
52785793
52785797
52785823
52785869
52785871
52785877
52785907
52785913
52785919
52785947
52785959
52785961
52785973
52785979
52786007
52786051
52786067
52786099
52786109
52786159
52786163
52786171
52786187
52786189
52786213
52786259
52786277
52786301
52786303
52786361
52786369
52786381
52786387
52786421
52786453
52786537
52786549
52786567
52786577
52786607
52786609
52786621
52786627
52786637
52786663
52786667
52786673
52786691
52786703
52786763
52786787
52786801
52786829
52786859
52786889
52786891
52786897
52786927
52786949
52786961
52787051
52787069
52787071
52787083
52787107
52787113
52787117
52787129
52787167
52787183
52787201
52787233
52787281
52787309
52787321
52787341
52787381
52787393
52787401
52787429
52787467
52787479
52787489
52787503
52787557
52787621
52787653
52787659
52787717
52787723
52787767
52787797
52787803
52787807
52787821
52787827
52787849
52787851
52787887
52787929
52787957
52787963
52787971
52787983
52787989
52788049
52788139
52788143
52788157
52788163
52788173
52788181
52788187
52788193
52788209
52788217
52788223
52788227
52788259
52788269
52788277
52788283
52788293
52788299
52788331
52788347
52788367
52788397
52788401
52788409
52788413
52788419
52788431
52788487
52788499
52788503
52788509
52788521
52788523
52788599
52788601
52788641
52788667
52788683
52788731
52788733
52788739
52788767
52788773
52788779
52788793
52788803
52788811
52788817
52788823
52788833
52788863
52788917
52788937
52788991
52789013
52789021
52789039
52789043
52789073
52789081
52789091
52789103
52789109
52789123
52789133
52789169
52789171
52789189
52789211
52789223
52789259
52789279
52789291
52789307
52789333
52789357
52789361
52789381
52789397
52789421
52789481
52789489
52789493
52789511
52789589
52789609
52789613
52789637
52789661
52789687
52789703
52789747
52789757
52789783
52789801
52789813
52789817
52789819
52789843
52789859
52789897
52789907
52789921
52789937
52789951
52789967
52789969
52790011
52790021
52790029
52790033
52790041
52790047
52790057
52790077
52790099
52790119
52790131
52790141
52790159
52790161
52790233
52790251
52790263
52790273
52790291
52790333
52790371
52790449
52790459
52790467
52790473
52790503
52790509
52790519
52790533
52790539
52790557
52790561
52790581
52790587
52790603
52790609
52790611
52790623
52790629
52790651
52790653
52790687
52790741
52790743
52790747
52790767
52790783
52790791
52790813
52790833
52790839
52790851
52790863
52790867
52790869
52790891
52790929
52790939
52790951
52790953
52790977
52790993
52790999
52791007
52791019
52791023
52791029
52791031
52791061
52791077
52791083
52791091
52791113
52791133
52791157
52791163
52791181
52791203
52791209
52791241
52791247
52791257
52791283
52791301
52791373
52791379
52791391
52791421
52791433
52791439
52791451
52791457
52791493
52791499
52791523
52791527
52791533
52791581
52791611
52791617
52791619
52791623
52791631
52791649
52791653
52791677
52791689
52791691
52791701
52791703
52791707
52791719
52791737
52791757
52791787
52791797
52791799
52791833
52791839
52791841
52791911
52791931
52791941
52791971
52791983
52792001
52792037
52792049
52792063
52792097
52792099
52792111
52792141
52792189
52792211
52792217
52792237
52792273
52792309
52792319
52792321
52792331
52792367
52792387
52792391
52792427
52792459
52792477
52792517
52792529
52792549
52792601
52792627
52792631
52792639
52792643
52792657
52792661
52792679
52792681
52792687
52792693
52792699
52792711
52792723
52792739
52792793
52792799
52792807
52792841
52792879
52792903
52792919
52792921
52792933
52792967
52792997
52793009
52793053
52793057
52793099
52793101
52793107
52793113
52793161
52793171
52793179
52793201
52793203
52793227
52793249
52793263
52793269
52793297
52793309
52793327
52793329
52793333
52793357
52793383
52793423
52793443
52793467
52793471
52793513
52793539
52793557
52793591
52793593
52793597
52793599
52793623
52793627
52793641
52793669
52793681
52793743
52793747
52793753
52793759
52793779
52793791
52793801
52793813
52793827
52793861
52793863
52793879
52793887
52793903
52793911
52793921
52793927
52793941
52793953
52793957
52793963
52793969
52793977
52793987
52794017
52794029
52794031
52794037
52794043
52794073
52794107
52794139
52794143
52794151
52794173
52794221
52794229
52794253
52794289
52794311
52794317
52794319
52794337
52794353
52794359
52794373
52794389
52794409
52794421
52794431
52794433
52794437
52794451
52794461
52794487
52794517
52794527
52794601
52794629
52794631
52794641
52794647
52794653
52794659
52794661
52794667
52794697
52794701
52794713
52794733
52794737
52794743
52794769
52794773
52794811
52794827
52794851
52794857
52794871
52794881
52794941
52794949
52794983
52794997
52795031
52795037
52795087
52795111
52795151
52795153
52795157
52795159
52795163
52795177
52795181
52795207
52795273
52795277
52795307
52795363
52795381
52795403
52795417
52795447
52795459
52795481
52795487
52795499
52795517
52795543
52795583
52795643
52795651
52795657
52795667
52795669
52795679
52795681
52795733
52795763
52795777
52795783
52795789
52795793
52795801
52795811
52795849
52795861
52795867
52795877
52795891
52795907
52795909
52795913
52795943
52795961
52795991
52795997
52796027
52796039
52796057
52796089
52796099
52796113
52796119
52796129
52796141
52796143
52796173
52796243
52796251
52796287
52796309
52796329
52796333
52796351
52796363
52796399
52796417
52796423
52796449
52796453
52796467
52796489
52796519
52796531
52796539
52796581
52796621
52796629
52796641
52796693
52796699
52796701
52796719
52796729
52796741
52796749
52796761
52796767
52796771
52796789
52796797
52796827
52796867
52796869
52796879
52796897
52796927
52796929
52796963
52796969
52796977
52796981
52796993
52797013
52797037
52797083
52797109
52797119
52797137
52797149
52797191
52797193
52797221
52797229
52797253
52797281
52797289
52797319
52797337
52797383
52797413
52797439
52797457
52797499
52797509
52797527
52797533
52797539
52797571
52797601
52797607
52797617
52797623
52797629
52797643
52797653
52797671
52797683
52797707
52797739
52797763
52797769
52797793
52797817
52797821
52797839
52797883
52797887
52797917
52797923
52797947
52797959
52797961
52797989
52798003
52798013
52798049
52798063
52798099
52798121
52798153
52798171
52798189
52798217
52798231
52798237
52798253
52798259
52798261
52798267
52798289
52798309
52798313
52798331
52798351
52798373
52798387
52798391
52798393
52798411
52798429
52798439
52798477
52798507
52798517
52798579
52798631
52798679
52798699
52798717
52798751
52798769
52798789
52798799
52798807
52798819
52798831
52798849
52798877
52798897
52798901
52798903
52798931
52798951
52798981
52798987
52799017
52799023
52799083
52799129
52799143
52799171
52799177
52799179
52799209
52799239
52799251
52799261
52799287
52799303
52799321
52799323
52799381
52799387
52799393
52799429
52799437
52799441
52799477
52799497
52799503
52799521
52799543
52799557
52799561
52799599
52799611
52799639
52799683
52799687
52799693
52799699
52799723
52799731
52799737
52799741
52799767
52799771
52799779
52799797
52799821
52799827
52799863
52799891
52799893
52799947
52799983
52799987
52800017
52800029
52800047
52800049
52800061
52800089
52800133
52800151
52800179
52800191
52800193
52800233
52800247
52800257
52800263
52800281
52800287
52800289
52800299
52800311
52800313
52800323
52800331
52800337
52800353
52800383
52800403
52800437
52800469
52800481
52800491
52800509
52800523
52800529
52800569
52800577
52800593
52800607
52800637
52800653
52800659
52800701
52800703
52800731
52800733
52800749
52800767
52800779
52800809
52800817
52800821
52800841
52800857
52800859
52800871
52800899
52800901
52800919
52800949
52800959
52800971
52800977
52801037
52801039
52801043
52801087
52801097
52801103
52801121
52801129
52801181
52801187
52801193
52801207
52801219
52801249
52801289
52801327
52801349
52801367
52801381
52801403
52801433
52801447
52801459
52801499
52801517
52801543
52801571
52801579
52801591
52801597
52801601
52801657
52801667
52801669
52801673
52801681
52801687
52801709
52801733
52801781
52801799
52801811
52801843
52801877
52801907
52801921
52801927
52801933
52801937
52801943
52801993
52801999
52802041
52802053
52802111
52802131
52802143
52802177
52802179
52802249
52802251
52802263
52802297
52802303
52802327
52802329
52802339
52802371
52802389
52802401
52802413
52802419
52802437
52802447
52802473
52802489
52802507
52802521
52802531
52802551
52802567
52802569
52802597
52802599
52802611
52802623
52802627
52802639
52802647
52802713
52802719
52802747
52802749
52802801
52802807
52802809
52802821
52802831
52802837
52802851
52802861
52802891
52802909
52802921
52802927
52802933
52802941
52802947
52802993
52803041
52803059
52803089
52803131
52803143
52803161
52803167
52803227
52803251
52803253
52803263
52803271
52803277
52803301
52803307
52803313
52803319
52803379
52803427
52803463
52803467
52803493
52803497
52803503
52803511
52803533
52803557
52803559
52803587
52803617
52803629
52803631
52803659
52803661
52803677
52803697
52803703
52803713
52803721
52803727
52803731
52803733
52803743
52803749
52803763
52803781
52803797
52803799
52803833
52803841
52803899
52803901
52803913
52803931
52803977
52804001
52804007
52804033
52804061
52804093
52804117
52804127
52804133
52804139
52804151
52804163
52804183
52804201
52804229
52804243
52804277
52804303
52804309
52804313
52804337
52804357
52804369
52804373
52804391
52804399
52804417
52804429
52804489
52804511
52804519
52804523
52804529
52804537
52804579
52804603
52804613
52804639
52804663
52804681
52804693
52804699
52804721
52804729
52804733
52804789
52804793
52804799
52804831
52804837
52804841
52804847
52804859
52804891
52804919
52804931
52804937
52804981
52805041
52805057
52805069
52805083
52805087
52805117
52805131
52805141
52805147
52805149
52805167
52805173
52805189
52805191
52805209
52805219
52805243
52805251
52805261
52805267
52805279
52805303
52805381
52805399
52805407
52805411
52805429
52805453
52805461
52805479
52805521
52805551
52805561
52805573
52805647
52805651
52805671
52805681
52805713
52805719
52805743
52805761
52805789
52805869
52805881
52805887
52805903
52805911
52805923
52805939
52805941
52805947
52805971
52805981
52806041
52806077
52806101
52806119
52806157
52806163
52806181
52806191
52806211
52806217
52806223
52806227
52806241
52806269
52806277
52806283
52806287
52806307
52806311
52806317
52806323
52806353
52806389
52806407
52806409
52806433
52806499
52806527
52806553
52806557
52806563
52806571
52806577
52806581
52806599
52806601
52806617
52806661
52806673
52806679
52806697
52806701
52806707
52806731
52806749
52806751
52806779
52806791
52806797
52806851
52806863
52806869
52806877
52806899
52806917
52806937
52806973
52806977
52807009
52807019
52807021
52807033
52807063
52807081
52807123
52807127
52807129
52807159
52807187
52807193
52807199
52807201
52807211
52807247
52807259
52807277
52807283
52807319
52807357
52807369
52807373
52807393
52807411
52807427
52807439
52807453
52807481
52807529
52807553
52807567
52807597
52807607
52807613
52807681
52807687
52807693
52807697
52807723
52807739
52807757
52807771
52807801
52807813
52807829
52807841
52807847
52807889
52807901
52807903
52807919
52807921
52807943
52807949
52807957
52807969
52807987
52808027
52808029
52808047
52808051
52808057
52808089
52808117
52808131
52808143
52808149
52808179
52808183
52808209
52808219
52808233
52808243
52808263
52808267
52808279
52808297
52808317
52808323
52808339
52808347
52808351
52808359
52808387
52808471
52808479
52808489
52808491
52808513
52808527
52808537
52808549
52808551
52808563
52808603
52808641
52808653
52808659
52808689
52808699
52808719
52808753
52808801
52808807
52808813
52808831
52808839
52808843
52808849
52808863
52808881
52808909
52808927
52808929
52808939
52808941
52808963
52808983
52808993
52809011
52809023
52809049
52809061
52809067
52809091
52809109
52809121
52809143
52809167
52809181
52809193
52809221
52809257
52809277
52809313
52809329
52809343
52809373
52809389
52809401
52809409
52809433
52809437
52809443
52809451
52809457
52809479
52809487
52809509
52809511
52809539
52809553
52809557
52809577
52809629
52809641
52809643
52809649
52809697
52809703
52809707
52809791
52809821
52809857
52809877
52809893
52809901
52809917
52809923
52809931
52809937
52809941
52809943
52809947
52809959
52809983
52809997
52810031
52810039
52810049
52810097
52810099
52810103
52810111
52810117
52810127
52810129
52810141
52810181
52810193
52810217
52810223
52810237
52810249
52810301
52810319
52810339
52810357
52810361
52810379
52810403
52810411
52810427
52810477
52810523
52810543
52810547
52810573
52810601
52810603
52810607
52810649
52810669
52810697
52810699
52810717
52810727
52810733
52810741
52810753
52810757
52810759
52810781
52810831
52810867
52810873
52810957
52810963
52810969
52810973
52810999
52811021
52811023
52811041
52811063
52811119
52811123
52811141
52811147
52811167
52811201
52811207
52811251
52811281
52811287
52811329
52811351
52811357
52811387
52811389
52811417
52811419
52811449
52811453
52811483
52811491
52811497
52811501
52811513
52811527
52811531
52811557
52811593
52811599
52811641
52811651
52811653
52811663
52811677
52811683
52811687
52811753
52811761
52811767
52811771
52811779
52811791
52811827
52811831
52811833
52811867
52811881
52811897
52811921
52811939
52811947
52811953
52811959
52811971
52812029
52812049
52812079
52812083
52812091
52812107
52812113
52812169
52812181
52812197
52812203
52812239
52812269
52812271
52812293
52812341
52812373
52812377
52812379
52812391
52812407
52812413
52812449
52812481
52812491
52812503
52812521
52812553
52812559
52812587
52812593
52812607
52812619
52812629
52812637
52812649
52812673
52812677
52812691
52812709
52812719
52812737
52812757
52812769
52812779
52812787
52812791
52812821
52812827
52812833
52812839
52812869
52812883
52812959
52812967
52812971
52812979
52812997
52813009
52813093
52813109
52813121
52813127
52813133
52813153
52813157
52813193
52813213
52813247
52813253
52813261
52813291
52813297
52813301
52813303
52813309
52813337
52813351
52813357
52813361
52813391
52813427
52813459
52813469
52813499
52813513
52813531
52813549
52813591
52813603
52813627
52813639
52813643
52813667
52813697
52813721
52813723
52813741
52813753
52813769
52813777
52813799
52813807
52813823
52813841
52813903
52813919
52813921
52813931
52813973
52813991
52813993
52813997
52814009
52814033
52814057
52814063
52814071
52814089
52814117
52814123
52814137
52814147
52814159
52814221
52814239
52814261
52814287
52814317
52814327
52814351
52814389
52814407
52814413
52814453
52814473
52814479
52814513
52814521
52814527
52814543
52814549
52814569
52814609
52814611
52814627
52814633
52814687
52814717
52814719
52814743
52814779
52814791
52814803
52814821
52814891
52814899
52814911
52814939
52814941
52814963
52814999
52815013
52815017
52815023
52815031
52815047
52815067
52815121
52815127
52815143
52815151
52815157
52815163
52815167
52815173
52815211
52815221
52815241
52815251
52815283
52815361
52815403
52815407
52815419
52815431
52815437
52815439
52815479
52815491
52815493
52815509
52815523
52815533
52815557
52815559
52815589
52815601
52815629
52815647
52815673
52815701
52815703
52815727
52815743
52815767
52815773
52815779
52815781
52815793
52815809
52815811
52815853
52815857
52815869
52815901
52815907
52815929
52815943
52815967
52816009
52816013
52816021
52816039
52816051
52816061
52816069
52816079
52816091
52816121
52816123
52816129
52816133
52816147
52816171
52816177
52816193
52816199
52816223
52816259
52816271
52816273
52816289
52816307
52816339
52816369
52816373
52816397
52816417
52816451
52816471
52816507
52816531
52816541
52816549
52816553
52816571
52816601
52816607
52816609
52816619
52816639
52816661
52816681
52816691
52816721
52816747
52816823
52816847
52816853
52816877
52816879
52816889
52816927
52816937
52816949
52816957
52816969
52816987
52816997
52817027
52817057
52817077
52817117
52817119
52817123
52817129
52817153
52817159
52817161
52817189
52817197
52817221
52817251
52817279
52817291
52817293
52817329
52817341
52817353
52817357
52817363
52817383
52817411
52817423
52817431
52817437
52817461
52817467
52817477
52817483
52817489
52817503
52817563
52817579
52817593
52817599
52817621
52817693
52817711
52817719
52817749
52817789
52817813
52817857
52817873
52817879
52817923
52817951
52817953
52817957
52817971
52817977
52817993
52818011
52818037
52818047
52818049
52818053
52818113
52818137
52818169
52818173
52818187
52818229
52818257
52818287
52818289
52818299
52818301
52818313
52818341
52818379
52818397
52818407
52818427
52818431
52818443
52818449
52818463
52818481
52818487
52818509
52818523
52818529
52818539
52818551
52818589
52818607
52818611
52818617
52818641
52818671
52818673
52818679
52818691
52818697
52818719
52818737
52818739
52818751
52818757
52818763
52818781
52818791
52818797
52818839
52818853
52818907
52818923
52818967
52818973
52818979
52818991
52819001
52819033
52819057
52819073
52819087
52819099
52819171
52819181
52819189
52819199
52819231
52819253
52819279
52819303
52819343
52819367
52819379
52819421
52819433
52819441
52819447
52819451
52819463
52819483
52819489
52819511
52819531
52819541
52819553
52819589
52819597
52819607
52819621
52819633
52819673
52819693
52819699
52819709
52819733
52819751
52819769
52819771
52819777
52819783
52819787
52819813
52819847
52819859
52819873
52819903
52819909
52819967
52819999
52820023
52820059
52820077
52820081
52820101
52820113
52820123
52820137
52820143
52820149
52820161
52820179
52820191
52820197
52820203
52820227
52820233
52820239
52820267
52820279
52820291
52820293
52820329
52820333
52820347
52820363
52820387
52820393
52820447
52820459
52820461
52820491
52820501
52820503
52820519
52820531
52820539
52820549
52820557
52820567
52820617
52820659
52820681
52820707
52820711
52820737
52820749
52820771
52820783
52820791
52820797
52820821
52820837
52820843
52820849
52820863
52820897
52820917
52820927
52820939
52820981
52820987
52821017
52821029
52821037
52821047
52821053
52821061
52821077
52821103
52821149
52821169
52821187
52821199
52821203
52821211
52821221
52821229
52821239
52821257
52821269
52821277
52821281
52821287
52821313
52821319
52821347
52821359
52821361
52821367
52821371
52821389
52821403
52821469
52821487
52821491
52821493
52821521
52821523
52821541
52821553
52821563
52821569
52821581
52821611
52821619
52821631
52821677
52821683
52821719
52821739
52821757
52821803
52821809
52821833
52821859
52821871
52821877
52821887
52821893
52821911
52821949
52821953
52821971
52821983
