53477453
53477483
53477491
53477513
53477551
53477569
53477603
53477621
53477623
53477629
53477651
53477687
53477693
53477701
53477713
53477719
53477729
53477731
53477741
53477747
53477771
53477779
53477789
53477797
53477803
53477807
53477819
53477843
53477849
53477857
53477873
53477891
53477929
53477947
53478011
53478031
53478077
53478101
53478109
53478133
53478143
53478163
53478199
53478221
53478223
53478239
53478251
53478253
53478259
53478287
53478301
53478307
53478323
53478419
53478421
53478449
53478461
53478499
53478511
53478539
53478547
53478569
53478571
53478619
53478641
53478661
53478701
53478743
53478757
53478769
53478781
53478791
53478829
53478853
53478857
53478881
53478941
53478967
53478973
53478983
53478989
53479003
53479007
53479009
53479031
53479037
53479051
53479073
53479081
53479099
53479133
53479169
53479189
53479207
53479253
53479267
53479273
53479291
53479303
53479337
53479369
53479379
53479409
53479417
53479421
53479453
53479469
53479499
53479513
53479523
53479529
53479537
53479627
53479633
53479649
53479667
53479691
53479693
53479697
53479711
53479717
53479733
53479747
53479753
53479759
53479771
53479781
53479793
53479801
53479819
53479861
53479879
53479961
53479963
53479967
53479997
53480017
53480029
53480033
53480057
53480093
53480101
53480131
53480153
53480171
53480173
53480209
53480227
53480237
53480243
53480291
53480293
53480299
53480309
53480327
53480333
53480369
53480387
53480423
53480443
53480461
53480473
53480477
53480507
53480513
53480533
53480561
53480599
53480617
53480621
53480627
53480671
53480677
53480683
53480699
53480717
53480729
53480731
53480743
53480747
53480767
53480809
53480857
53480897
53480899
53480909
53480923
53480927
53480939
53481011
53481013
53481019
53481023
53481053
53481119
53481137
53481151
53481203
53481227
53481229
53481271
53481283
53481287
53481301
53481319
53481349
53481359
53481383
53481397
53481401
53481403
53481451
53481503
53481511
53481529
53481559
53481569
53481577
53481587
53481607
53481619
53481641
53481661
53481683
53481691
53481697
53481721
53481733
53481749
53481763
53481781
53481803
53481863
53481889
53481919
53481931
53481943
53481947
53481991
53482001
53482019
53482027
53482031
53482043
53482073
53482087
53482097
53482123
53482127
53482133
53482139
53482183
53482217
53482229
53482249
53482271
53482301
53482307
53482333
53482339
53482343
53482349
53482399
53482433
53482439
53482487
53482489
53482523
53482529
53482547
53482571
53482579
53482591
53482601
53482603
53482619
53482633
53482651
53482661
53482679
53482711
53482727
53482729
53482747
53482769
53482771
53482783
53482801
53482813
53482823
53482831
53482837
53482903
53482943
53482973
53482991
53482997
53482999
53483009
53483021
53483051
53483057
53483107
53483113
53483137
53483141
53483159
53483161
53483189
53483267
53483273
53483281
53483299
53483317
53483329
53483363
53483371
53483399
53483407
53483483
53483489
53483491
53483497
53483503
53483527
53483531
53483539
53483543
53483561
53483597
53483609
53483663
53483687
53483693
53483707
53483713
53483737
53483741
53483753
53483761
53483779
53483797
53483813
53483821
53483827
53483831
53483839
53483849
53483851
53483863
53483867
53483893
53483909
53483929
53483939
53483951
53483971
53483977
53484017
53484029
53484037
53484059
53484077
53484103
53484113
53484173
53484181
53484199
53484239
53484257
53484307
53484311
53484313
53484337
53484341
53484359
53484383
53484391
53484401
53484413
53484419
53484427
53484443
53484467
53484479
53484481
53484511
53484523
53484547
53484551
53484581
53484583
53484611
53484631
53484649
53484679
53484689
53484709
53484713
53484727
53484757
53484763
53484773
53484799
53484803
53484901
53484929
53484947
53484967
53484971
53484973
53485007
53485037
53485049
53485063
53485067
53485079
53485139
53485147
53485177
53485183
53485217
53485231
53485253
53485301
53485337
53485343
53485381
53485391
53485403
53485423
53485433
53485441
53485457
53485463
53485489
53485493
53485517
53485543
53485547
53485561
53485637
53485643
53485693
53485699
53485711
53485717
53485727
53485739
53485763
53485777
53485799
53485813
53485823
53485829
53485843
53485871
53485877
53485981
53485987
53486003
53486009
53486021
53486093
53486101
53486107
53486119
53486123
53486143
53486161
53486171
53486183
53486221
53486231
53486249
53486269
53486287
53486299
53486347
53486351
53486357
53486371
53486393
53486467
53486473
53486483
53486513
53486519
53486533
53486549
53486551
53486579
53486599
53486617
53486633
53486639
53486647
53486651
53486659
53486663
53486677
53486683
53486731
53486737
53486779
53486789
53486791
53486801
53486803
53486819
53486831
53486833
53486887
53486921
53486989
53487011
53487013
53487037
53487041
53487079
53487103
53487139
53487143
53487157
53487199
53487209
53487221
53487233
53487241
53487251
53487257
53487263
53487271
53487289
53487331
53487341
53487359
53487383
53487409
53487433
53487437
53487439
53487509
53487517
53487521
53487529
53487557
53487563
53487569
53487587
53487589
53487647
53487649
53487659
53487703
53487751
53487761
53487787
53487799
53487823
53487839
53487881
53487887
53487901
53487923
53487937
53487953
53487991
53487997
53488073
53488079
53488091
53488109
53488117
53488147
53488157
53488159
53488163
53488189
53488219
53488223
53488247
53488291
53488301
53488319
53488327
53488349
53488373
53488381
53488387
53488411
53488417
53488427
53488429
53488433
53488453
53488459
53488481
53488507
53488529
53488531
53488537
53488549
53488571
53488583
53488619
53488627
53488637
53488657
53488697
53488709
53488727
53488739
53488753
53488763
53488793
53488829
53488837
53488843
53488859
53488873
53488879
53488891
53488901
53488909
53488913
53488927
53488943
53488949
53488951
53488957
53488993
53488997
53488999
53489017
53489027
53489039
53489041
53489081
53489129
53489141
53489143
53489159
53489171
53489179
53489197
53489207
53489221
53489231
53489251
53489257
53489279
53489287
53489299
53489323
53489339
53489411
53489413
53489417
53489419
53489437
53489441
53489473
53489519
53489521
53489537
53489587
53489593
53489609
53489627
53489641
53489669
53489671
53489677
53489687
53489747
53489749
53489759
53489771
53489783
53489797
53489809
53489831
53489851
53489861
53489941
53489951
53489963
53489993
53489999
53490001
53490011
53490013
53490023
53490037
53490061
53490071
53490077
53490079
53490083
53490121
53490131
53490133
53490137
53490139
53490209
53490233
53490253
53490257
53490259
53490287
53490289
53490299
53490319
53490329
53490337
53490343
53490383
53490421
53490427
53490439
53490457
53490461
53490467
53490487
53490497
53490499
53490523
53490533
53490539
53490557
53490599
53490611
53490623
53490637
53490649
53490659
53490683
53490739
53490743
53490751
53490763
53490791
53490859
53490883
53490901
53490907
53490917
53490973
53490977
53490989
53491049
53491057
53491063
53491069
53491073
53491117
53491157
53491177
53491189
53491219
53491237
53491267
53491271
53491279
53491309
53491331
53491349
53491357
53491391
53491397
53491409
53491411
53491421
53491433
53491439
53491483
53491489
53491541
53491561
53491567
53491577
53491597
53491619
53491621
53491643
53491649
53491663
53491667
53491703
53491729
53491777
53491793
53491817
53491829
53491847
53491849
53491853
53491861
53491903
53491913
53491931
53491943
53491967
53492009
53492017
53492029
53492051
53492057
53492069
53492071
53492083
53492093
53492113
53492207
53492261
53492281
53492287
53492297
53492321
53492371
53492381
53492389
53492399
53492431
53492441
53492447
53492449
53492477
53492519
53492563
53492597
53492611
53492629
53492651
53492653
53492683
53492689
53492711
53492729
53492737
53492743
53492759
53492767
53492773
53492783
53492801
53492837
53492893
53492911
53492941
53492951
53492981
53492983
53493019
53493029
53493043
53493047
53493053
53493079
53493091
53493103
53493131
53493137
53493199
53493211
53493229
53493263
53493277
53493281
53493287
53493301
53493329
53493343
53493367
53493413
53493437
53493443
53493481
53493497
53493499
53493529
53493551
53493571
53493593
53493599
53493619
53493623
53493637
53493641
53493647
53493659
53493703
53493709
53493731
53493751
53493757
53493773
53493793
53493799
53493809
53493827
53493841
53493863
53493871
53493899
53493931
53493961
53493983
53493989
53493991
53493997
53494033
53494043
53494057
53494093
53494099
53494109
53494117
53494123
53494141
53494151
53494157
53494163
53494201
53494211
53494219
53494229
53494249
53494261
53494271
53494277
53494283
53494321
53494333
53494351
53494361
53494387
53494391
53494417
53494421
53494439
53494447
53494457
53494459
53494471
53494477
53494487
53494501
53494523
53494577
53494657
53494667
53494669
53494691
53494697
53494723
53494729
53494739
53494741
53494783
53494787
53494817
53494829
53494853
53494867
53494897
53494913
53494927
53494939
53494951
53494957
53494979
53494999
53495009
53495017
53495059
53495063
53495137
53495149
53495159
53495173
53495177
53495191
53495219
53495237
53495249
53495251
53495293
53495297
53495327
53495333
53495339
53495341
53495363
53495369
53495371
53495381
53495389
53495411
53495441
53495467
53495509
53495513
53495527
53495543
53495551
53495573
53495581
53495587
53495593
53495627
53495657
53495699
53495711
53495737
53495779
53495789
53495803
53495839
53495867
53495879
53495891
53495899
53495903
53495927
53495929
53495947
53495989
53496007
53496013
53496019
53496061
53496089
53496109
53496167
53496181
53496187
53496221
53496227
53496241
53496253
53496269
53496277
53496281
53496283
53496323
53496341
53496353
53496379
53496389
53496397
53496403
53496407
53496473
53496491
53496493
53496497
53496523
53496577
53496581
53496589
53496593
53496623
53496649
53496659
53496661
53496691
53496701
53496721
53496727
53496749
53496757
53496767
53496787
53496847
53496853
53496869
53496871
53496881
53496889
53496901
53496907
53496929
53496953
53496991
53496997
53497001
53497019
53497063
53497127
53497133
53497159
53497177
53497187
53497189
53497207
53497211
53497229
53497259
53497261
53497307
53497313
53497349
53497357
53497363
53497391
53497397
53497403
53497429
53497447
53497463
53497481
53497519
53497529
53497531
53497553
53497603
53497621
53497637
53497643
53497651
53497669
53497693
53497727
53497729
53497751
53497757
53497777
53497783
53497789
53497817
53497853
53497859
53497879
53497883
53497897
53497921
53497933
53497937
53497943
53497973
53497979
53497987
53497993
53498021
53498057
53498059
53498077
53498083
53498087
53498113
53498117
53498131
53498171
53498177
53498183
53498197
53498213
53498251
53498257
53498311
53498327
53498329
53498377
53498383
53498443
53498447
53498453
53498461
53498479
53498491
53498513
53498567
53498573
53498581
53498587
53498639
53498651
53498657
53498717
53498743
53498749
53498771
53498773
53498801
53498807
53498843
53498857
53498917
53498941
53498957
53498969
53498971
53498981
53499001
53499007
53499011
53499023
53499029
53499067
53499091
53499097
53499107
53499157
53499167
53499223
53499233
53499241
53499263
53499317
53499319
53499337
53499343
53499361
53499377
53499389
53499409
53499469
53499491
53499499
53499533
53499553
53499617
53499643
53499647
53499653
53499661
53499689
53499703
53499713
53499739
53499841
53499847
53499857
53499899
53499907
53499913
53499917
53499937
53499967
53499997
53500033
53500043
53500061
53500081
53500091
53500123
53500129
53500163
53500171
53500177
53500193
53500199
53500211
53500247
53500283
53500289
53500319
53500339
53500393
53500427
53500501
53500511
53500519
53500529
53500541
53500543
53500567
53500571
53500591
53500607
53500619
53500627
53500633
53500661
53500663
53500703
53500709
53500739
53500747
53500753
53500757
53500763
53500771
53500813
53500817
53500831
53500847
53500849
53500877
53500879
53500891
53500919
53500939
53500957
53500991
53500999
53501051
53501069
53501081
53501083
53501089
53501099
53501137
53501153
53501167
53501183
53501191
53501213
53501237
53501251
53501267
53501291
53501293
53501299
53501303
53501311
53501339
53501341
53501347
53501389
53501401
53501419
53501429
53501471
53501477
53501479
53501527
53501531
53501537
53501561
53501563
53501573
53501603
53501647
53501659
53501677
53501681
53501687
53501689
53501713
53501729
53501743
53501779
53501797
53501803
53501809
53501863
53501869
53501879
53501909
53501911
53501923
53501951
53501953
53501969
53501977
53501983
53501993
53502041
53502047
53502061
53502067
53502079
53502131
53502139
53502149
53502151
53502161
53502167
53502173
53502221
53502257
53502283
53502287
53502289
53502299
53502313
53502331
53502341
53502343
53502359
53502367
53502401
53502409
53502413
53502431
53502443
53502479
53502487
53502521
53502539
53502571
53502583
53502607
53502611
53502643
53502653
53502661
53502667
53502677
53502697
53502721
53502731
53502733
53502737
53502749
53502751
53502769
53502821
53502833
53502857
53502871
53502877
53502887
53502919
53502923
53502937
53502949
53502979
53502997
53503001
53503007
53503019
53503027
53503067
53503081
53503123
53503157
53503159
53503181
53503187
53503201
53503207
53503213
53503217
53503327
53503337
53503361
53503391
53503393
53503409
53503421
53503433
53503441
53503477
53503511
53503519
53503523
53503529
53503603
53503633
53503643
53503669
53503691
53503717
53503733
53503757
53503763
53503823
53503837
53503847
53503859
53503889
53503969
53503991
53503993
53503999
53504029
53504063
53504081
53504089
53504107
53504111
53504119
53504131
53504149
53504177
53504179
53504197
53504201
53504309
53504317
53504329
53504411
53504431
53504441
53504443
53504453
53504497
53504527
53504531
53504537
53504557
53504579
53504597
53504603
53504617
53504621
53504653
53504663
53504669
53504687
53504707
53504749
53504767
53504783
53504807
53504827
53504879
53504903
53504951
53504953
53504981
53504989
53504999
53505017
53505073
53505079
53505119
53505139
53505167
53505173
53505181
53505187
53505191
53505209
53505211
53505217
53505233
53505241
53505251
53505259
53505281
53505299
53505301
53505323
53505343
53505371
53505379
53505433
53505449
53505467
53505497
53505503
53505527
53505541
53505553
53505559
53505563
53505581
53505587
53505607
53505649
53505679
53505689
53505703
53505707
53505709
53505713
53505733
53505799
53505833
53505847
53505857
53505863
53505869
53505871
53505877
53505883
53505901
53505917
53505929
53505937
53505941
53505971
53505973
53505997
53506001
53506003
53506009
53506043
53506051
53506067
53506081
53506087
53506091
53506127
53506129
53506169
53506171
53506183
53506207
53506213
53506283
53506307
53506339
53506367
53506379
53506393
53506417
53506459
53506483
53506493
53506499
53506507
53506529
53506547
53506553
53506567
53506571
53506573
53506597
53506601
53506619
53506639
53506693
53506703
53506709
53506729
53506753
53506757
53506771
53506777
53506823
53506829
53506853
53506877
53506879
53506891
53506897
53506909
53506913
53506933
53506951
53506963
53506987
53506991
53507099
53507101
53507123
53507141
53507171
53507189
53507191
53507203
53507213
53507219
53507227
53507231
53507257
53507281
53507297
53507299
53507317
53507329
53507341
53507371
53507393
53507413
53507417
53507471
53507491
53507507
53507533
53507537
53507561
53507563
53507579
53507593
53507603
53507617
53507669
53507677
53507681
53507719
53507723
53507731
53507737
53507771
53507777
53507791
53507803
53507807
53507827
53507843
53507863
53507879
53507887
53507893
53507897
53507903
53507917
53507921
53507939
53507941
53507947
53507963
53507977
53507983
53507989
53508017
53508019
53508023
53508029
53508053
53508067
53508073
53508079
53508089
53508109
53508113
53508121
53508131
53508149
53508167
53508187
53508223
53508229
53508241
53508271
53508293
53508307
53508311
53508319
53508337
53508347
53508379
53508421
53508437
53508439
53508443
53508463
53508479
53508563
53508569
53508577
53508599
53508601
53508629
53508659
53508661
53508691
53508703
53508713
53508733
53508737
53508739
53508743
53508761
53508803
53508859
53508869
53508887
53508893
53508913
53508941
53508953
53509009
53509019
53509087
53509091
53509097
53509103
53509117
53509123
53509133
53509153
53509163
53509213
53509231
53509237
53509241
53509273
53509279
53509331
53509343
53509361
53509367
53509369
53509397
53509399
53509409
53509429
53509447
53509451
53509459
53509481
53509487
53509493
53509499
53509507
53509531
53509549
53509571
53509583
53509601
53509619
53509649
53509663
53509667
53509679
53509721
53509739
53509741
53509777
53509787
53509801
53509823
53509837
53509847
53509849
53509853
53509867
53509877
53509889
53509921
53509927
53509957
53509969
53510003
53510063
53510069
53510089
53510113
53510143
53510159
53510173
53510179
53510209
53510239
53510263
53510267
53510291
53510293
53510311
53510321
53510377
53510381
53510383
53510417
53510461
53510477
53510537
53510579
53510599
53510623
53510629
53510647
53510657
53510671
53510687
53510701
53510711
53510753
53510759
53510767
53510777
53510789
53510813
53510819
53510827
53510833
53510837
53510861
53510881
53510893
53510921
53510939
53510959
53510981
53510993
53511023
53511047
53511071
53511083
53511097
53511127
53511131
53511167
53511173
53511193
53511197
53511253
53511259
53511331
53511343
53511347
53511349
53511379
53511421
53511473
53511481
53511527
53511533
53511551
53511553
53511559
53511569
53511587
53511589
53511599
53511607
53511629
53511649
53511659
53511707
53511713
53511751
53511779
53511781
53511811
53511817
53511827
53511839
53511853
53511863
53511907
53511917
53511943
53511947
53511949
53511967
53511979
53512001
53512003
53512031
53512049
53512079
53512097
53512103
53512117
53512127
53512153
53512159
53512171
53512177
53512183
53512201
53512211
53512219
53512223
53512241
53512267
53512271
53512301
53512313
53512331
53512387
53512391
53512399
53512409
53512423
53512441
53512523
53512561
53512579
53512601
53512609
53512621
53512631
53512633
53512643
53512663
53512687
53512709
53512717
53512747
53512751
53512793
53512819
53512861
53512867
53512871
53512897
53512909
53512937
53512939
53512951
53512969
53512981
53512993
53512997
53513003
53513011
53513017
53513029
53513039
53513069
53513081
53513153
53513183
53513189
53513233
53513237
53513261
53513269
53513279
53513309
53513321
53513333
53513351
53513357
53513363
53513377
53513417
53513419
53513429
53513461
53513489
53513491
53513561
53513567
53513591
53513611
53513627
53513699
53513701
53513711
53513717
53513783
53513791
53513819
53513827
53513839
53513849
53513869
53513879
53513983
53513987
53513989
53514067
53514101
53514103
53514107
53514119
53514133
53514137
53514161
53514163
53514199
53514211
53514229
53514233
53514269
53514271
53514299
53514301
53514311
53514337
53514361
53514379
53514397
53514413
53514443
53514449
53514457
53514473
53514481
53514497
53514509
53514511
53514523
53514533
53514557
53514563
53514647
53514667
53514677
53514689
53514701
53514719
53514731
53514737
53514757
53514763
53514779
53514817
53514821
53514869
53514893
53514907
53514911
53514917
53514943
53514949
53514973
53515009
53515013
53515027
53515037
53515057
53515067
53515069
53515073
53515079
53515081
53515097
53515123
53515151
53515159
53515169
53515193
53515211
53515219
53515223
53515249
53515261
53515271
53515277
53515307
53515313
53515339
53515369
53515391
53515447
53515471
53515481
53515487
53515519
53515523
53515529
53515547
53515559
53515577
53515589
53515601
53515603
53515613
53515639
53515663
53515669
53515681
53515739
53515757
53515807
53515811
53515829
53515831
53515843
53515853
53515867
53515873
53515879
53515901
53515909
53515919
53515921
53515927
53515999
53516011
53516041
53516053
53516059
53516063
53516069
53516077
53516087
53516131
53516189
53516191
53516201
53516231
53516233
53516237
53516249
53516269
53516279
53516291
53516297
53516299
53516303
53516311
53516341
53516383
53516387
53516389
53516399
53516413
53516453
53516497
53516531
53516557
53516579
53516609
53516621
53516647
53516669
53516693
53516713
53516737
53516741
53516753
53516761
53516779
53516783
53516789
53516797
53516821
53516851
53516887
53516893
53516899
53516923
53516933
53516963
53516993
53516999
53517001
53517019
53517043
53517083
53517089
53517097
53517127
53517137
53517157
53517169
53517187
53517193
53517199
53517223
53517239
53517263
53517283
53517311
53517323
53517353
53517361
53517367
53517371
53517379
53517397
53517421
53517427
53517437
53517449
53517473
53517491
53517511
53517521
53517539
53517551
53517553
53517559
53517589
53517593
53517617
53517637
53517647
53517697
53517703
53517719
53517721
53517767
53517773
53517809
53517857
53517859
53517911
53517917
53517931
53517943
53517949
53517967
53517973
53517983
53518001
53518013
53518027
53518039
53518061
53518063
53518081
53518099
53518139
53518141
53518163
53518207
53518229
53518247
53518259
53518291
53518301
53518303
53518319
53518343
53518373
53518403
53518429
53518457
53518523
53518537
53518541
53518547
53518561
53518579
53518589
53518627
53518651
53518681
53518691
53518693
53518727
53518733
53518739
53518747
53518757
53518781
53518799
53518807
53518837
53518849
53518859
53518879
53518937
53518951
53518963
53518967
53518987
53519023
53519069
53519099
53519101
53519117
53519129
53519189
53519203
53519209
53519251
53519267
53519269
53519287
53519311
53519317
53519329
53519341
53519357
53519363
53519381
53519429
53519441
53519449
53519483
53519489
53519497
53519503
53519539
53519567
53519569
53519579
53519591
53519603
53519611
53519623
53519629
53519633
53519639
53519663
53519681
53519701
53519707
53519717
53519737
53519759
53519773
53519783
53519813
53519831
53519833
53519849
53519863
53519881
53519891
53519897
53519899
53519911
53519923
53519953
53519969
53519989
53520007
53520031
53520059
53520067
53520083
53520091
53520101
53520113
53520133
53520151
53520157
53520191
53520217
53520221
53520227
53520253
53520307
53520319
53520331
53520371
53520373
53520377
53520391
53520419
53520427
53520527
53520541
53520547
53520553
53520613
53520629
53520647
53520667
53520697
53520707
53520713
53520737
53520751
53520769
53520781
53520791
53520823
53520871
53520881
53520889
53520917
53520919
53520983
53520989
53520997
53521001
53521003
53521009
53521033
53521067
53521087
53521103
53521133
53521177
53521189
53521267
53521301
53521313
53521333
53521357
53521373
53521387
53521393
53521439
53521451
53521453
53521477
53521493
53521511
53521547
53521553
53521607
53521619
53521681
53521691
53521693
53521697
53521703
53521709
53521723
53521751
53521757
53521777
53521801
53521807
53521813
53521817
53521837
53521873
53521883
53521889
53521901
53521913
53521939
53521973
53521999
53522009
53522033
53522039
53522059
53522083
53522087
53522099
53522177
53522207
53522267
53522279
53522299
53522317
53522323
53522333
53522383
53522389
53522393
53522407
53522419
53522459
53522473
53522479
53522509
53522543
53522549
53522551
53522591
53522621
53522629
53522653
53522657
53522669
53522699
53522701
53522717
53522743
53522747
53522773
53522779
53522809
53522849
53522879
53522881
53522891
53522921
53522929
53522933
53522939
53522947
53522983
53523013
53523049
53523059
53523061
53523091
53523109
53523121
53523149
53523181
53523187
53523193
53523203
53523221
53523227
53523287
53523317
53523359
53523377
53523389
53523401
53523427
53523451
53523499
53523511
53523523
53523529
53523539
53523541
53523557
53523559
53523581
53523583
53523593
53523601
53523607
53523619
53523623
53523643
53523671
53523689
53523707
53523713
53523721
53523733
53523749
53523751
53523773
53523787
53523809
53523823
53523853
53523857
53523859
53523889
53523907
53523917
53523923
53523971
53523991
53523997
53524021
53524027
53524039
53524049
53524057
53524063
53524067
53524069
53524087
53524091
53524099
53524139
53524157
53524181
53524183
53524193
53524201
53524217
53524253
53524291
53524301
53524337
53524391
53524409
53524411
53524439
53524447
53524453
53524469
53524477
53524481
53524487
53524543
53524547
53524553
53524561
53524567
53524573
53524609
53524613
53524621
53524649
53524663
53524673
53524711
53524727
53524739
53524747
53524763
53524769
53524771
53524781
53524787
53524837
53524847
53524853
53524873
53524907
53524909
53524927
53524937
53524943
53524951
53525009
53525029
53525041
53525063
53525081
53525089
53525093
53525099
53525119
53525137
53525141
53525167
53525179
53525183
53525201
53525203
53525221
53525257
53525287
53525309
53525323
53525341
53525357
53525363
53525369
53525371
53525441
53525443
53525453
53525509
53525557
53525587
53525597
53525611
53525617
53525629
53525653
53525699
53525713
53525737
53525749
53525753
53525783
53525819
53525821
53525887
53525891
53525917
53525929
53525947
53525963
53525971
53525987
53526007
53526017
53526073
53526101
53526107
53526127
53526133
53526203
53526229
53526241
53526247
53526281
53526283
53526289
53526293
53526299
53526307
53526323
53526377
53526397
53526419
53526433
53526461
53526527
53526533
53526569
53526581
53526623
53526709
53526751
53526757
53526763
53526791
53526793
53526797
53526799
53526833
53526839
53526841
53526871
53526881
53526887
53526919
53526923
53526929
53526943
53526947
53526973
53526997
53527021
53527079
53527087
53527091
53527121
53527129
53527163
53527193
53527211
53527213
53527241
53527249
53527267
53527277
53527283
53527289
53527333
53527343
53527367
53527379
53527381
53527387
53527391
53527399
53527433
53527451
53527457
53527459
53527471
53527519
53527531
53527547
53527549
53527553
53527571
53527597
53527603
53527609
53527637
53527651
53527657
53527667
53527687
53527699
53527711
53527717
53527741
53527753
53527759
53527763
53527811
53527813
53527847
53527889
53527891
53527897
53527909
53527961
53527963
53527973
53527993
53528003
53528021
53528023
53528089
53528099
53528117
53528131
53528143
53528161
53528179
53528183
53528201
53528203
53528231
53528239
53528273
53528297
53528333
53528407
53528473
53528479
53528549
53528551
53528561
53528581
53528611
53528617
53528621
53528623
53528633
53528641
53528647
53528663
53528707
53528737
53528747
53528773
53528789
53528803
53528807
53528861
53528879
53528897
53528921
53528927
53528933
53528957
53528987
53529029
53529043
53529053
53529059
53529071
53529079
53529083
53529127
53529131
53529169
53529191
53529197
53529199
53529239
53529241
53529253
53529283
53529323
53529337
53529347
53529397
53529433
53529451
53529457
53529473
53529493
53529499
53529503
53529521
53529577
53529601
53529643
53529649
53529667
53529677
53529683
53529691
53529701
53529703
53529709
53529727
53529731
53529743
53529779
53529793
53529803
53529823
53529829
53529863
53529869
53529871
53529877
53529881
53529907
53529913
53529929
53529941
53529943
53529961
53529977
53529989
53530007
53530019
53530031
53530033
53530063
53530069
53530073
53530121
53530153
53530171
53530181
53530189
53530241
53530261
53530271
53530333
53530363
53530369
53530381
53530417
53530423
53530427
53530457
53530471
53530493
53530511
53530531
53530537
53530541
53530559
53530567
53530577
53530597
53530621
53530639
53530651
53530691
53530727
53530747
53530751
53530753
53530793
53530817
53530819
53530837
53530843
53530853
53530861
53530879
53530907
53530937
53530949
53530957
53531003
53531029
53531033
53531041
53531047
53531053
53531063
53531077
53531131
53531171
53531197
53531207
53531209
53531213
53531239
53531251
53531273
53531297
53531311
53531323
53531329
53531347
53531369
53531381
53531399
53531407
53531437
53531441
53531461
53531483
53531501
53531507
53531509
53531539
53531551
53531579
53531581
53531629
53531633
53531641
53531659
53531669
53531693
53531713
53531719
53531771
53531789
53531813
53531839
53531843
53531857
53531867
53531869
53531893
53531957
53531977
53531981
53532001
53532029
53532041
53532043
53532049
53532053
53532079
53532091
53532103
53532131
53532161
53532163
53532181
53532187
53532209
53532211
53532301
53532307
53532331
53532341
53532359
53532361
53532373
53532403
53532419
53532469
53532487
53532551
53532553
53532559
53532617
53532631
53532641
53532667
53532679
53532683
53532701
53532719
53532737
53532767
53532797
53532827
53532833
53532841
53532863
53532889
53532901
53532917
53532943
53532967
53532971
53532991
53533009
53533033
53533079
53533133
53533147
53533169
53533171
53533177
53533211
53533223
53533247
53533253
53533261
53533273
53533283
53533301
53533303
53533307
53533313
53533327
53533349
53533369
53533379
53533399
53533429
53533433
53533439
53533451
53533457
53533471
53533499
53533511
53533523
53533541
53533553
53533567
53533607
53533609
53533619
53533631
53533643
53533651
53533679
53533691
53533699
53533723
53533751
53533759
53533769
53533771
53533789
53533801
53533817
53533819
53533841
53533853
53533859
53533873
53533877
53533891
53533943
53533951
53533967
53533979
53534051
53534057
53534059
53534137
53534167
53534177
53534197
53534209
53534231
53534237
53534263
53534281
53534311
53534357
53534387
53534389
53534413
53534423
53534447
53534461
53534473
53534491
53534519
53534539
53534543
53534557
53534563
53534567
53534603
53534617
53534629
53534633
53534641
53534651
53534681
53534687
53534693
53534713
53534729
53534753
53534773
53534791
53534801
53534863
53534879
53534939
53534969
53534977
53534981
53534983
53535011
53535019
53535029
53535049
53535059
53535067
53535071
53535089
53535113
53535121
53535127
53535137
53535143
53535169
53535187
53535197
53535257
53535269
53535271
53535281
53535289
53535319
53535343
53535359
53535371
53535373
53535403
53535409
53535439
53535451
53535487
53535497
53535509
53535523
53535529
53535541
53535563
53535583
53535607
53535619
53535641
53535649
53535659
53535683
53535689
53535719
53535721
53535733
53535739
53535763
53535767
53535809
53535829
53535841
53535871
53535877
53535899
53535919
53535947
53535953
53535967
53535971
53535983
53535997
53536057
53536073
53536097
53536099
53536103
53536127
53536139
53536141
53536159
53536169
53536181
53536183
53536193
53536199
53536237
53536253
53536261
53536277
53536297
53536303
53536309
53536381
53536409
53536429
53536453
53536481
53536499
53536507
53536517
53536559
53536579
53536601
53536603
53536631
53536657
53536673
53536739
53536741
53536781
53536787
53536811
53536829
53536867
53536877
53536883
53536897
53536921
53536937
53536979
53536981
53536991
53537017
53537059
53537119
53537147
53537177
53537191
53537213
53537243
53537257
53537287
53537293
53537303
53537329
53537357
53537387
53537401
53537411
53537441
53537453
53537467
53537507
53537521
53537551
53537563
53537597
53537599
53537609
53537669
53537699
53537749
53537761
53537789
53537797
53537807
53537821
53537831
53537867
53537917
53537921
53537933
53537969
53537999
53538013
53538059
53538073
53538077
53538097
53538101
53538103
53538113
53538119
53538131
53538161
53538197
53538203
53538211
53538239
53538241
53538269
53538299
53538323
53538341
53538343
53538349
53538361
53538377
53538431
53538439
53538449
53538467
53538469
53538479
53538539
53538557
53538571
53538577
53538601
53538607
53538613
53538659
53538671
53538689
53538703
53538707
53538739
53538773
53538791
53538803
53538833
53538839
53538847
53538869
53538911
53538931
53538943
53538949
53538971
53538997
53539007
53539021
53539027
53539033
53539049
53539051
53539099
53539117
53539141
53539177
53539181
53539229
53539261
53539309
53539313
53539337
53539363
53539417
53539427
53539433
53539459
53539489
53539501
53539547
53539553
53539559
53539567
53539637
53539649
53539667
53539679
53539691
53539693
53539711
53539729
53539747
53539757
53539769
53539781
53539789
53539793
53539841
53539861
53539903
53539907
53539933
53539943
53539949
53539957
53539961
53539979
53539991
53540027
53540041
53540051
53540059
53540083
53540099
53540111
53540129
53540141
53540143
53540167
53540173
53540189
53540197
53540231
53540237
53540257
53540261
53540269
53540273
53540281
53540287
53540321
53540329
53540341
53540363
53540393
53540401
53540413
53540471
53540477
53540479
53540489
53540491
53540507
53540521
53540549
53540551
53540563
53540579
53540581
53540593
53540621
53540623
53540639
53540659
53540677
53540687
53540693
53540713
53540717
53540741
53540761
53540771
53540777
53540783
53540791
53540819
53540821
53540831
53540863
53540899
53540911
53540933
53540947
53540959
53540969
53541049
53541073
53541097
53541101
53541113
53541133
53541139
53541157
53541167
53541181
53541209
53541253
53541269
53541281
53541329
53541343
53541349
53541353
53541361
53541419
53541427
53541431
53541437
53541463
53541503
53541533
53541541
53541559
53541577
53541583
53541589
53541611
53541629
53541641
53541659
53541667
53541671
53541689
53541737
53541767
53541779
53541793
53541799
53541811
53541821
53541833
53541841
53541847
53541869
53541871
53541877
53541893
53541919
53541931
53541937
53541947
53541979
53542003
53542007
53542043
53542063
53542081
53542103
53542109
53542117
53542121
53542123
53542127
53542169
53542211
53542213
53542249
53542271
53542277
53542297
53542303
53542319
53542327
53542339
53542369
53542393
53542397
53542421
53542427
53542429
53542481
53542483
53542493
53542499
53542519
53542529
53542543
53542547
53542579
53542607
53542631
53542633
53542651
53542669
53542681
53542691
53542711
53542721
53542747
53542757
53542759
53542763
53542771
53542793
53542829
53542837
53542847
53542861
53542883
53542889
53542901
