51183619
51183647
51183653
51183673
51183679
51183683
51183709
51183721
51183757
51183761
51183817
51183823
51183833
51183841
51183911
51183919
51183931
51183943
51183959
51183983
51184009
51184013
51184037
51184103
51184121
51184123
51184129
51184139
51184151
51184153
51184183
51184201
51184207
51184219
51184241
51184247
51184249
51184253
51184279
51184321
51184339
51184381
51184409
51184411
51184417
51184439
51184459
51184481
51184487
51184493
51184517
51184541
51184543
51184559
51184589
51184619
51184631
51184633
51184649
51184667
51184699
51184709
51184711
51184723
51184733
51184747
51184781
51184799
51184829
51184849
51184853
51184877
51184883
51184897
51184907
51184979
51184997
51185003
51185027
51185033
51185047
51185053
51185077
51185081
51185089
51185111
51185117
51185137
51185153
51185159
51185177
51185231
51185257
51185263
51185279
51185287
51185293
51185311
51185339
51185341
51185359
51185369
51185383
51185399
51185429
51185441
51185479
51185501
51185503
51185513
51185531
51185567
51185569
51185573
51185593
51185597
51185599
51185653
51185663
51185707
51185711
51185737
51185767
51185801
51185807
51185809
51185819
51185831
51185843
51185873
51185881
51185933
51185951
51185977
51185987
51185989
51185993
51186011
51186043
51186049
51186071
51186103
51186173
51186193
51186197
51186199
51186203
51186227
51186241
51186251
51186253
51186263
51186277
51186299
51186341
51186367
51186379
51186389
51186397
51186403
51186413
51186427
51186451
51186467
51186511
51186521
51186539
51186559
51186563
51186599
51186601
51186607
51186613
51186617
51186623
51186631
51186637
51186683
51186691
51186697
51186719
51186731
51186739
51186743
51186749
51186761
51186763
51186787
51186823
51186841
51186851
51186857
51186907
51186913
51186929
51186959
51186973
51187009
51187027
51187033
51187039
51187057
51187061
51187063
51187069
51187091
51187099
51187111
51187127
51187139
51187151
51187177
51187211
51187219
51187247
51187261
51187271
51187303
51187307
51187309
51187313
51187319
51187327
51187363
51187369
51187399
51187421
51187439
51187441
51187457
51187469
51187483
51187529
51187553
51187571
51187573
51187597
51187637
51187649
51187651
51187657
51187679
51187681
51187699
51187711
51187739
51187769
51187781
51187823
51187847
51187861
51187937
51187951
51187963
51187993
51187999
51188021
51188023
51188063
51188077
51188101
51188107
51188117
51188143
51188149
51188167
51188183
51188197
51188233
51188243
51188251
51188281
51188321
51188327
51188329
51188351
51188369
51188383
51188419
51188461
51188477
51188483
51188491
51188497
51188519
51188537
51188539
51188551
51188561
51188591
51188597
51188609
51188611
51188633
51188651
51188653
51188671
51188681
51188701
51188707
51188713
51188729
51188789
51188867
51188881
51188897
51188909
51188923
51188933
51188953
51188993
51188999
51189011
51189013
51189037
51189041
51189067
51189107
51189109
51189137
51189161
51189179
51189199
51189209
51189217
51189239
51189253
51189269
51189301
51189319
51189331
51189349
51189371
51189373
51189377
51189409
51189419
51189433
51189449
51189473
51189491
51189493
51189497
51189511
51189529
51189557
51189563
51189569
51189581
51189599
51189617
51189623
51189631
51189647
51189653
51189659
51189683
51189707
51189739
51189751
51189767
51189799
51189821
51189851
51189869
51189871
51189911
51189917
51189949
51190063
51190093
51190109
51190121
51190127
51190141
51190177
51190189
51190201
51190231
51190267
51190283
51190309
51190327
51190357
51190367
51190369
51190409
51190411
51190429
51190439
51190441
51190453
51190459
51190501
51190507
51190547
51190549
51190577
51190603
51190609
51190679
51190729
51190817
51190861
51190871
51190879
51190903
51190967
51190981
51190987
51190991
51191039
51191053
51191069
51191141
51191167
51191183
51191197
51191207
51191221
51191243
51191249
51191279
51191281
51191299
51191303
51191317
51191363
51191381
51191389
51191419
51191429
51191443
51191449
51191473
51191477
51191479
51191489
51191501
51191519
51191521
51191531
51191549
51191563
51191593
51191603
51191611
51191659
51191671
51191711
51191717
51191747
51191759
51191773
51191783
51191797
51191807
51191809
51191839
51191843
51191849
51191851
51191867
51191939
51191941
51191963
51191971
51191983
51192007
51192019
51192101
51192109
51192131
51192139
51192143
51192157
51192173
51192179
51192209
51192233
51192241
51192283
51192293
51192307
51192343
51192371
51192397
51192433
51192437
51192451
51192469
51192499
51192509
51192523
51192527
51192529
51192539
51192577
51192587
51192611
51192619
51192629
51192643
51192649
51192677
51192679
51192697
51192761
51192767
51192769
51192787
51192803
51192829
51192851
51192853
51192877
51192881
51192893
51192907
51192913
51192923
51192931
51192937
51192971
51192991
51193003
51193039
51193073
51193081
51193117
51193123
51193139
51193141
51193151
51193169
51193189
51193211
51193217
51193243
51193249
51193279
51193291
51193327
51193339
51193357
51193393
51193397
51193403
51193411
51193433
51193489
51193517
51193531
51193559
51193577
51193591
51193603
51193609
51193631
51193643
51193663
51193673
51193711
51193717
51193757
51193777
51193811
51193843
51193853
51193913
51193937
51193939
51193949
51193969
51193973
51193979
51193991
51193993
51194041
51194047
51194057
51194071
51194093
51194111
51194119
51194137
51194141
51194149
51194161
51194167
51194203
51194219
51194239
51194261
51194263
51194267
51194279
51194287
51194321
51194371
51194387
51194393
51194411
51194413
51194419
51194431
51194443
51194453
51194459
51194489
51194503
51194509
51194543
51194557
51194567
51194579
51194581
51194597
51194603
51194617
51194641
51194653
51194659
51194707
51194723
51194729
51194743
51194749
51194783
51194789
51194807
51194809
51194821
51194833
51194839
51194861
51194867
51194879
51194887
51194893
51194903
51194909
51194917
51194933
51194959
51194963
51194971
51194977
51194999
51195037
51195049
51195061
51195071
51195103
51195107
51195127
51195149
51195163
51195181
51195187
51195233
51195247
51195257
51195259
51195293
51195301
51195323
51195341
51195343
51195349
51195359
51195379
51195427
51195451
51195497
51195503
51195523
51195553
51195577
51195581
51195589
51195629
51195637
51195649
51195689
51195691
51195707
51195731
51195743
51195761
51195773
51195799
51195829
51195847
51195863
51195869
51195889
51195919
51195983
51196009
51196069
51196073
51196081
51196087
51196099
51196111
51196121
51196139
51196147
51196153
51196169
51196177
51196217
51196237
51196259
51196291
51196337
51196351
51196363
51196373
51196381
51196403
51196417
51196427
51196441
51196487
51196499
51196501
51196511
51196517
51196529
51196543
51196559
51196573
51196589
51196637
51196669
51196699
51196729
51196757
51196801
51196813
51196853
51196879
51196883
51196909
51196921
51196927
51196931
51196933
51196939
51196949
51196967
51196991
51197021
51197033
51197063
51197071
51197087
51197119
51197123
51197137
51197141
51197143
51197171
51197173
51197207
51197221
51197231
51197243
51197261
51197281
51197299
51197329
51197347
51197351
51197369
51197371
51197407
51197411
51197423
51197437
51197449
51197459
51197501
51197507
51197513
51197519
51197527
51197537
51197539
51197569
51197593
51197611
51197621
51197639
51197683
51197687
51197717
51197737
51197743
51197749
51197777
51197779
51197819
51197827
51197831
51197843
51197869
51197879
51197903
51197911
51197921
51197929
51197933
51197959
51197981
51197987
51198001
51198031
51198073
51198089
51198097
51198131
51198151
51198157
51198163
51198197
51198209
51198221
51198239
51198247
51198289
51198307
51198317
51198319
51198377
51198397
51198401
51198403
51198419
51198421
51198431
51198439
51198451
51198457
51198479
51198487
51198503
51198523
51198533
51198541
51198547
51198551
51198569
51198613
51198619
51198647
51198661
51198671
51198677
51198733
51198757
51198773
51198817
51198821
51198857
51198859
51198877
51198893
51198899
51198913
51198991
51199033
51199063
51199067
51199103
51199147
51199163
51199171
51199193
51199237
51199249
51199273
51199303
51199327
51199349
51199363
51199367
51199373
51199397
51199409
51199417
51199429
51199451
51199469
51199483
51199487
51199493
51199501
51199513
51199531
51199543
51199553
51199559
51199567
51199571
51199573
51199579
51199583
51199609
51199613
51199637
51199639
51199667
51199691
51199697
51199711
51199717
51199739
51199781
51199793
51199861
51199891
51199921
51199943
51199957
51199969
51199987
51199991
51200027
51200053
51200069
51200089
51200099
51200101
51200111
51200129
51200147
51200153
51200183
51200203
51200207
51200239
51200263
51200273
51200287
51200291
51200299
51200309
51200329
51200333
51200351
51200353
51200381
51200389
51200393
51200417
51200441
51200473
51200477
51200509
51200519
51200557
51200581
51200587
51200593
51200603
51200621
51200647
51200657
51200671
51200707
51200717
51200741
51200749
51200761
51200803
51200827
51200837
51200861
51200879
51200911
51200969
51200971
51200977
51200987
51201047
51201061
51201079
51201107
51201113
51201131
51201133
51201149
51201187
51201217
51201221
51201223
51201247
51201259
51201277
51201281
51201287
51201301
51201313
51201341
51201361
51201373
51201379
51201383
51201389
51201407
51201419
51201431
51201499
51201503
51201539
51201541
51201571
51201583
51201589
51201613
51201643
51201649
51201727
51201757
51201779
51201797
51201803
51201809
51201833
51201851
51201859
51201877
51201889
51201919
51201923
51201947
51201959
51201973
51201991
51202007
51202013
51202027
51202031
51202037
51202057
51202087
51202091
51202097
51202159
51202171
51202183
51202189
51202199
51202231
51202247
51202259
51202303
51202309
51202331
51202343
51202357
51202387
51202471
51202477
51202493
51202519
51202537
51202559
51202579
51202583
51202597
51202609
51202621
51202631
51202649
51202651
51202687
51202703
51202751
51202757
51202813
51202819
51202831
51202843
51202847
51202849
51202867
51202873
51202883
51202897
51202901
51202913
51202919
51202927
51202937
51202939
51202961
51202993
51203017
51203023
51203039
51203059
51203063
51203071
51203111
51203123
51203147
51203171
51203177
51203189
51203197
51203203
51203249
51203261
51203287
51203311
51203323
51203363
51203387
51203389
51203393
51203407
51203419
51203429
51203431
51203483
51203489
51203491
51203501
51203527
51203533
51203561
51203573
51203591
51203627
51203683
51203707
51203717
51203753
51203759
51203783
51203797
51203833
51203837
51203857
51203861
51203863
51203897
51203899
51203921
51203939
51203941
51203947
51203953
51203959
51203969
51203981
51204001
51204007
51204011
51204061
51204067
51204073
51204079
51204089
51204133
51204143
51204149
51204151
51204173
51204191
51204199
51204211
51204229
51204247
51204269
51204301
51204311
51204319
51204347
51204353
51204359
51204383
51204407
51204421
51204427
51204497
51204511
51204533
51204541
51204583
51204589
51204619
51204631
51204649
51204721
51204763
51204767
51204793
51204809
51204823
51204841
51204851
51204863
51204869
51204871
51204911
51204947
51204953
51204961
51204971
51204977
51204991
51204997
51205001
51205027
51205031
51205069
51205073
51205093
51205117
51205127
51205163
51205177
51205183
51205201
51205223
51205229
51205249
51205267
51205279
51205289
51205321
51205379
51205417
51205423
51205463
51205471
51205477
51205481
51205493
51205501
51205519
51205541
51205543
51205549
51205577
51205591
51205601
51205603
51205633
51205639
51205663
51205699
51205709
51205747
51205783
51205789
51205823
51205829
51205841
51205871
51205877
51205879
51205919
51205939
51205949
51205963
51205997
51206047
51206081
51206087
51206101
51206117
51206131
51206153
51206173
51206179
51206189
51206201
51206219
51206231
51206333
51206341
51206357
51206377
51206413
51206429
51206447
51206471
51206503
51206509
51206521
51206531
51206543
51206563
51206569
51206587
51206599
51206609
51206611
51206621
51206629
51206707
51206711
51206777
51206791
51206797
51206803
51206807
51206819
51206893
51206921
51206971
51206989
51207029
51207041
51207053
51207059
51207061
51207119
51207151
51207157
51207161
51207187
51207197
51207199
51207203
51207217
51207227
51207251
51207283
51207313
51207353
51207389
51207391
51207421
51207427
51207433
51207467
51207479
51207509
51207511
51207517
51207521
51207547
51207551
51207601
51207613
51207617
51207619
51207623
51207643
51207659
51207661
51207671
51207697
51207701
51207733
51207743
51207749
51207773
51207781
51207787
51207799
51207817
51207847
51207857
51207887
51207931
51207971
51207991
51208009
51208043
51208049
51208061
51208067
51208081
51208099
51208117
51208121
51208133
51208147
51208151
51208153
51208207
51208231
51208237
51208247
51208273
51208277
51208343
51208351
51208357
51208393
51208397
51208429
51208433
51208447
51208457
51208459
51208483
51208501
51208517
51208523
51208529
51208543
51208561
51208583
51208589
51208627
51208639
51208643
51208673
51208699
51208721
51208727
51208733
51208747
51208753
51208757
51208763
51208783
51208789
51208793
51208831
51208841
51208853
51208889
51208967
51208987
51209003
51209029
51209069
51209089
51209101
51209107
51209111
51209233
51209299
51209311
51209329
51209359
51209371
51209377
51209383
51209387
51209393
51209401
51209467
51209537
51209539
51209549
51209623
51209629
51209633
51209659
51209671
51209677
51209747
51209759
51209783
51209791
51209801
51209803
51209833
51209839
51209843
51209863
51209867
51209869
51209897
51209941
51209987
51209993
51209999
51210013
51210037
51210113
51210151
51210169
51210179
51210197
51210209
51210217
51210227
51210251
51210281
51210287
51210319
51210323
51210343
51210359
51210391
51210403
51210413
51210431
51210437
51210457
51210469
51210473
51210487
51210493
51210499
51210503
51210541
51210557
51210559
51210587
51210611
51210619
51210623
51210629
51210631
51210637
51210641
51210703
51210739
51210743
51210779
51210787
51210799
51210821
51210823
51210827
51210883
51210889
51210899
51210911
51210937
51210961
51210983
51211001
51211007
51211019
51211031
51211049
51211063
51211067
51211079
51211081
51211109
51211117
51211159
51211169
51211183
51211189
51211211
51211217
51211231
51211241
51211253
51211267
51211273
51211319
51211331
51211333
51211339
51211373
51211379
51211387
51211421
51211439
51211451
51211481
51211507
51211541
51211543
51211553
51211571
51211577
51211603
51211609
51211613
51211627
51211679
51211681
51211691
51211697
51211723
51211729
51211733
51211739
51211751
51211759
51211789
51211793
51211813
51211817
51211843
51211873
51211889
51211891
51211931
51211981
51212009
51212027
51212039
51212047
51212069
51212071
51212081
51212101
51212131
51212137
51212159
51212167
51212171
51212179
51212197
51212207
51212219
51212221
51212261
51212263
51212299
51212309
51212311
51212327
51212333
51212351
51212377
51212383
51212389
51212401
51212407
51212459
51212471
51212479
51212503
51212507
51212509
51212519
51212533
51212537
51212549
51212561
51212573
51212587
51212599
51212627
51212633
51212659
51212663
51212677
51212717
51212779
51212783
51212803
51212827
51212839
51212897
51212933
51212947
51212969
51212971
51212981
51212989
51213011
51213031
51213047
51213049
51213067
51213073
51213091
51213119
51213137
51213139
51213179
51213191
51213199
51213233
51213257
51213277
51213289
51213319
51213329
51213347
51213353
51213361
51213413
51213419
51213427
51213443
51213451
51213497
51213509
51213523
51213583
51213601
51213641
51213653
51213667
51213689
51213737
51213761
51213781
51213787
51213793
51213821
51213823
51213857
51213859
51213881
51213907
51213919
51213937
51213959
51213991
51213997
51214001
51214003
51214021
51214027
51214049
51214061
51214069
51214091
51214109
51214127
51214129
51214181
51214211
51214213
51214223
51214231
51214259
51214279
51214283
51214309
51214313
51214321
51214337
51214409
51214447
51214451
51214459
51214463
51214469
51214477
51214487
51214507
51214529
51214561
51214567
51214577
51214601
51214607
51214613
51214663
51214679
51214687
51214711
51214717
51214741
51214753
51214769
51214811
51214817
51214853
51214871
51214873
51214879
51214903
51214921
51214939
51214963
51214981
51214987
51214991
51215029
51215039
51215041
51215053
51215081
51215083
51215113
51215117
51215137
51215149
51215161
51215167
51215183
51215201
51215209
51215231
51215243
51215249
51215287
51215291
51215309
51215347
51215357
51215369
51215377
51215419
51215429
51215447
51215453
51215467
51215473
51215501
51215551
51215561
51215573
51215581
51215587
51215609
51215651
51215663
51215677
51215693
51215699
51215729
51215737
51215753
51215767
51215771
51215777
51215789
51215803
51215809
51215839
51215869
51215893
51215911
51215933
51215977
51215981
51215987
51215993
51216023
51216031
51216037
51216043
51216049
51216091
51216119
51216127
51216163
51216167
51216173
51216197
51216203
51216227
51216283
51216287
51216293
51216301
51216313
51216317
51216353
51216367
51216401
51216409
51216437
51216439
51216463
51216479
51216481
51216493
51216509
51216521
51216551
51216577
51216587
51216589
51216611
51216617
51216629
51216643
51216689
51216691
51216713
51216751
51216757
51216833
51216857
51216889
51216899
51216901
51216931
51216943
51216953
51216959
51216973
51217009
51217013
51217031
51217037
51217051
51217087
51217093
51217109
51217151
51217183
51217189
51217193
51217211
51217259
51217267
51217289
51217333
51217339
51217349
51217351
51217417
51217427
51217433
51217459
51217477
51217489
51217499
51217501
51217513
51217519
51217531
51217541
51217553
51217571
51217609
51217627
51217633
51217637
51217667
51217669
51217679
51217693
51217709
51217721
51217739
51217763
51217781
51217811
51217813
51217847
51217867
51217871
51217891
51217927
51217951
51217961
51217963
51217967
51217993
51218021
51218029
51218081
51218099
51218177
51218179
51218183
51218191
51218201
51218213
51218239
51218257
51218261
51218269
51218273
51218287
51218291
51218311
51218339
51218341
51218347
51218359
51218423
51218441
51218443
51218473
51218491
51218507
51218537
51218543
51218551
51218561
51218593
51218597
51218659
51218663
51218743
51218779
51218801
51218803
51218821
51218831
51218873
51218897
51218911
51218929
51218933
51218941
51218969
51218971
51218983
51219013
51219029
51219031
51219053
51219059
51219061
51219071
51219083
51219101
51219107
51219109
51219121
51219131
51219163
51219167
51219169
51219263
51219293
51219299
51219319
51219323
51219341
51219349
51219379
51219391
51219437
51219449
51219461
51219463
51219473
51219491
51219499
51219541
51219547
51219569
51219577
51219601
51219631
51219659
51219667
51219671
51219697
51219709
51219757
51219769
51219823
51219853
51219869
51219893
51219901
51219983
51220033
51220063
51220073
51220079
51220087
51220109
51220129
51220139
51220159
51220199
51220223
51220291
51220307
51220343
51220349
51220363
51220369
51220381
51220391
51220417
51220423
51220427
51220457
51220487
51220489
51220501
51220537
51220549
51220567
51220571
51220577
51220621
51220633
51220639
51220703
51220709
51220717
51220721
51220723
51220739
51220759
51220769
51220777
51220823
51220889
51220919
51220921
51220927
51220937
51220943
51220951
51220963
51220969
51220991
51220997
51220999
51221057
51221063
51221077
51221081
51221087
51221101
51221123
51221129
51221167
51221173
51221189
51221197
51221201
51221231
51221239
51221243
51221281
51221293
51221297
51221327
51221329
51221347
51221363
51221413
51221419
51221441
51221491
51221497
51221503
51221507
51221509
51221531
51221537
51221543
51221563
51221593
51221623
51221633
51221647
51221659
51221693
51221699
51221717
51221741
51221771
51221791
51221803
51221809
51221813
51221831
51221843
51221881
51221893
51221921
51221923
51221927
51221957
51221993
51222001
51222047
51222107
51222113
51222121
51222163
51222187
51222211
51222247
51222253
51222289
51222299
51222317
51222361
51222383
51222389
51222397
51222419
51222427
51222463
51222469
51222481
51222533
51222559
51222569
51222583
51222617
51222631
51222641
51222659
51222707
51222709
51222733
51222767
51222811
51222833
51222883
51222901
51222929
51222931
51222937
51222947
51222967
51222973
51222991
51223009
51223027
51223043
51223049
51223061
51223111
51223121
51223127
51223189
51223199
51223213
51223217
51223247
51223301
51223313
51223321
51223331
51223343
51223357
51223379
51223423
51223427
51223433
51223451
51223511
51223517
51223531
51223537
51223559
51223583
51223597
51223603
51223609
51223619
51223631
51223633
51223661
51223673
51223709
51223723
51223729
51223763
51223813
51223817
51223819
51223853
51223897
51223901
51223951
51223961
51223969
51223973
51224029
51224081
51224087
51224093
51224101
51224161
51224167
51224203
51224207
51224221
51224227
51224231
51224249
51224279
51224359
51224389
51224429
51224443
51224461
51224471
51224483
51224489
51224491
51224497
51224507
51224549
51224597
51224599
51224603
51224623
51224647
51224669
51224699
51224707
51224713
51224731
51224737
51224743
51224807
51224809
51224813
51224819
51224837
51224843
51224851
51224857
51224881
51224923
51224941
51224947
51224951
51224963
51225023
51225059
51225067
51225143
51225149
51225179
51225227
51225269
51225271
51225289
51225329
51225331
51225371
51225373
51225379
51225431
51225467
51225469
51225491
51225509
51225527
51225529
51225557
51225569
51225583
51225611
51225617
51225637
51225659
51225661
51225677
51225679
51225689
51225701
51225703
51225731
51225737
51225763
51225773
51225791
51225793
51225799
51225821
51225827
51225829
51225841
51225883
51225901
51225907
51225953
51225971
51226001
51226039
51226061
51226073
51226103
51226139
51226157
51226159
51226169
51226171
51226183
51226187
51226199
51226211
51226213
51226271
51226277
51226303
51226319
51226333
51226361
51226367
51226393
51226411
51226421
51226481
51226529
51226561
51226579
51226607
51226619
51226657
51226667
51226697
51226699
51226739
51226751
51226771
51226811
51226843
51226867
51226909
51226913
51226919
51226937
51226939
51227009
51227017
51227023
51227027
51227051
51227053
51227087
51227089
51227107
51227117
51227119
51227123
51227149
51227161
51227179
51227207
51227237
51227257
51227261
51227291
51227299
51227303
51227333
51227347
51227381
51227383
51227387
51227413
51227431
51227441
51227459
51227461
51227479
51227513
51227551
51227563
51227567
51227569
51227581
51227587
51227611
51227623
51227633
51227653
51227699
51227719
51227723
51227767
51227773
51227789
51227809
51227843
51227867
51227879
51227893
51227899
51227909
51227927
51227941
51227947
51227951
51227993
51228013
51228019
51228029
51228041
51228043
51228049
51228053
51228059
51228071
51228083
51228119
51228127
51228143
51228173
51228209
51228217
51228251
51228257
51228269
51228271
51228299
51228323
51228341
51228391
51228409
51228431
51228433
51228439
51228469
51228481
51228491
51228493
51228511
51228517
51228533
51228563
51228607
51228623
51228643
51228649
51228673
51228689
51228691
51228719
51228743
51228763
51228767
51228773
51228787
51228799
51228809
51228817
51228823
51228839
51228841
51228847
51228857
51228869
51228887
51228911
51228923
51228929
51228977
51229021
51229033
51229037
51229063
51229067
51229069
51229093
51229099
51229103
51229117
51229141
51229147
51229153
51229181
51229183
51229193
51229207
51229229
51229247
51229249
51229261
51229273
51229291
51229307
51229319
51229327
51229331
51229333
51229337
51229357
51229363
51229393
51229417
51229427
51229439
51229463
51229471
51229481
51229499
51229501
51229511
51229513
51229531
51229543
51229559
51229583
51229597
51229601
51229603
51229613
51229637
51229657
51229663
51229669
51229679
51229693
51229699
51229723
51229753
51229769
51229771
51229799
51229807
51229811
51229817
51229847
51229861
51229883
51229903
51229907
51229933
51229939
51229961
51229967
51229987
51230021
51230029
51230063
51230083
51230117
51230119
51230147
51230161
51230183
51230219
51230261
51230273
51230287
51230303
51230323
51230351
51230353
51230357
51230359
51230369
51230393
51230419
51230429
51230437
51230461
51230477
51230483
51230497
51230519
51230539
51230549
51230551
51230561
51230579
51230581
51230609
51230651
51230677
51230747
51230761
51230797
51230801
51230869
51230887
51230891
51230899
51230909
51230917
51230929
51230951
51230983
51230989
51231007
51231073
51231083
51231101
51231107
51231109
51231113
51231119
51231121
51231133
51231137
51231161
51231203
51231209
51231211
51231223
51231227
51231233
51231241
51231247
51231259
51231283
51231289
51231329
51231331
51231377
51231409
51231449
51231461
51231463
51231491
51231547
51231553
51231559
51231571
51231577
51231589
51231613
51231629
51231637
51231671
51231703
51231721
51231731
51231743
51231757
51231767
51231779
51231781
51231793
51231799
51231821
51231839
51231841
51231889
51231899
51231937
51231941
51231959
51231979
51231991
51232003
51232039
51232061
51232073
51232091
51232133
51232141
51232147
51232157
51232163
51232171
51232177
51232187
51232193
51232213
51232217
51232219
51232261
51232267
51232297
51232301
51232319
51232361
51232399
51232409
51232439
51232459
51232463
51232471
51232483
51232537
51232541
51232549
51232561
51232579
51232613
51232631
51232633
51232667
51232673
51232681
51232691
51232697
51232703
51232729
51232733
51232751
51232771
51232789
51232807
51232817
51232837
51232847
51232859
51232861
51232871
51232889
51232897
51232919
51232967
51232969
51232999
51233011
51233023
51233041
51233057
51233059
51233071
51233129
51233153
51233209
51233239
51233251
51233261
51233263
51233269
51233279
51233309
51233311
51233321
51233353
51233389
51233407
51233423
51233437
51233453
51233491
51233503
51233513
51233521
51233531
51233537
51233569
51233579
51233591
51233617
51233621
51233629
51233657
51233681
51233711
51233737
51233759
51233779
51233797
51233803
51233837
51233843
51233849
51233867
51233873
51233891
51233893
51233909
51233921
51233957
51233977
51233983
51233999
51234017
51234019
51234047
51234059
51234077
51234091
51234119
51234121
51234151
51234167
51234173
51234181
51234187
51234193
51234217
51234221
51234229
51234257
51234259
51234299
51234343
51234347
51234349
51234353
51234367
51234383
51234389
51234433
51234439
51234499
51234509
51234511
51234551
51234553
51234577
51234587
51234611
51234613
51234637
51234641
51234643
51234671
51234679
51234713
51234761
51234769
51234791
51234797
51234803
51234829
51234839
51234853
51234863
51234877
51234881
51234893
51234929
51234979
51235003
51235027
51235031
51235043
51235057
51235061
51235081
51235097
51235111
51235133
51235183
51235193
51235201
51235207
51235241
51235271
51235291
51235309
51235313
51235333
51235337
51235339
51235361
51235409
51235411
51235427
51235439
51235441
51235463
51235469
51235477
51235487
51235493
51235511
51235519
51235543
51235549
51235553
51235567
51235601
51235607
51235619
51235621
51235631
51235649
51235699
51235727
51235729
51235733
51235741
51235763
51235783
51235831
51235843
51235883
51235897
51235931
51235949
51235979
51235997
51236021
51236041
51236047
51236057
51236077
51236099
51236117
51236137
51236153
51236191
51236209
51236221
51236233
51236239
51236267
51236281
51236287
51236299
51236309
51236329
51236333
51236363
51236371
51236389
51236411
51236443
51236473
51236489
51236491
51236501
51236513
51236519
51236543
51236557
51236567
51236579
51236587
51236599
51236609
51236641
51236671
51236683
51236687
51236701
51236747
51236771
51236777
51236789
51236807
51236833
51236869
51236953
51236981
51237001
51237019
51237073
51237083
51237101
51237163
51237233
51237239
51237253
51237289
51237293
51237317
51237343
51237349
51237359
51237367
51237409
51237419
51237427
51237443
51237463
51237479
51237481
51237493
51237517
51237539
51237581
51237587
51237601
51237611
51237619
51237671
51237689
51237691
51237707
51237709
51237713
51237731
51237749
51237799
51237827
51237829
51237853
51237877
51237883
51237917
51237941
51237959
51237973
51238001
51238013
51238027
51238039
51238091
51238093
51238111
51238139
51238163
51238171
51238199
51238207
51238211
51238217
51238223
51238237
51238247
51238249
51238259
51238261
51238283
51238301
51238309
51238339
51238349
51238351
51238361
51238379
51238399
51238409
51238417
51238463
51238471
51238489
51238501
51238511
51238513
51238519
51238529
51238541
51238543
51238547
51238559
51238589
51238591
51238619
51238631
51238633
51238657
51238661
51238669
51238703
51238711
51238717
51238723
51238729
51238739
51238751
51238771
51238777
51238819
51238879
51238897
51238903
51238909
51238921
51238927
51238931
51238937
51238949
51238973
51239021
51239051
51239077
51239087
51239119
51239129
51239141
51239189
51239203
51239231
51239267
51239269
51239281
51239291
51239323
51239327
51239341
51239387
51239399
51239401
51239407
51239417
51239443
51239453
51239459
51239467
51239473
51239477
51239519
51239527
51239533
51239537
51239543
51239557
51239567
51239569
51239579
51239593
51239609
51239647
51239651
51239677
51239693
51239743
51239753
51239767
51239779
51239803
51239809
51239813
51239821
51239843
51239849
51239861
51239863
51239911
51239957
51239971
51239977
51239983
51240001
51240019
51240073
51240097
51240103
51240121
51240221
51240253
51240307
51240313
51240323
51240349
51240373
51240383
51240407
51240433
51240437
51240439
51240451
51240467
51240493
51240547
51240569
51240571
51240583
51240589
51240643
51240647
51240677
51240689
51240713
51240727
51240731
51240751
51240769
51240779
51240809
51240859
51240869
51240881
51240911
51240953
51240961
51240977
51240979
51241007
51241013
51241019
51241027
51241031
51241049
51241051
51241061
51241121
51241133
51241199
51241207
51241219
51241237
51241241
51241243
51241259
51241261
51241277
51241279
51241291
51241297
51241303
51241331
51241343
51241387
51241409
51241427
51241433
51241457
51241459
51241469
51241507
51241517
51241523
51241529
51241549
51241571
51241577
51241583
51241601
51241607
51241657
51241669
51241679
51241709
51241711
51241717
51241721
51241741
51241763
51241777
51241783
51241787
51241807
51241819
51241843
51241847
51241871
51241873
51241877
51241889
51241919
51241921
51241951
51241969
51241987
51241991
51242027
51242033
51242083
51242089
51242117
51242123
51242141
51242167
51242189
51242201
51242227
51242231
51242237
51242273
51242281
51242293
51242311
51242339
51242371
51242419
51242431
51242479
51242483
51242491
51242533
51242561
51242567
51242591
51242593
51242629
51242651
51242663
51242671
51242683
51242687
51242701
51242717
51242731
51242747
51242761
51242801
51242803
51242813
51242819
51242833
51242843
51242881
51242897
51242899
51242921
51242927
51242957
51242963
51242987
51243001
51243013
51243041
51243053
51243079
51243131
51243161
51243167
51243169
51243191
51243193
51243197
51243223
51243239
51243277
51243289
51243331
51243337
51243347
51243373
51243383
51243391
51243419
51243433
51243473
51243497
51243499
51243503
51243523
51243529
51243541
51243629
51243641
51243679
51243707
51243719
51243733
51243749
51243757
51243761
51243767
51243769
51243791
51243799
51243823
51243827
51243833
51243847
51243877
51243887
51243889
51243911
51243937
51243949
51243953
51243979
51243989
51244013
51244021
51244043
51244051
51244091
51244097
51244099
51244111
51244129
51244139
51244183
51244199
51244217
51244243
51244289
51244313
51244327
51244337
51244339
51244343
51244351
51244379
51244399
51244447
51244493
51244507
51244517
51244549
51244561
51244591
51244597
51244603
51244619
51244639
51244679
51244703
51244757
51244801
51244811
51244813
51244841
51244859
51244861
51244867
51244873
51244877
51244903
51244927
51244931
51244939
51244951
51245027
51245053
51245083
51245093
51245107
51245141
51245149
51245209
51245213
51245237
51245273
51245309
51245317
51245339
51245371
51245377
51245393
51245401
51245423
51245431
51245437
51245443
51245461
51245471
51245473
51245479
51245501
51245507
51245521
51245533
51245539
51245561
51245563
51245569
51245591
51245609
51245627
51245653
51245657
51245659
51245707
51245713
51245737
51245749
51245773
51245791
51245801
51245819
51245827
51245861
51245879
51245881
51245891
51245893
51245911
51245921
51245959
51245963
51245969
51245977
51246011
51246031
51246037
51246049
51246053
51246061
51246077
51246119
51246127
51246157
51246179
51246191
51246199
51246227
51246271
51246301
51246319
51246329
51246337
51246341
51246343
51246359
51246373
51246421
51246463
51246469
51246479
51246487
51246493
51246521
51246539
51246541
51246557
51246563
51246577
51246617
51246641
51246647
51246661
51246673
51246697
51246703
51246733
51246817
51246821
51246827
51246847
51246851
51246859
51246863
51246883
51246941
51246947
51246953
51246977
51246997
51247003
51247051
51247057
51247087
51247103
51247111
51247117
51247121
51247127
51247139
51247169
51247211
51247213
51247219
51247267
51247277
51247279
51247297
51247327
51247337
51247349
51247373
51247393
51247411
51247439
51247451
51247477
51247487
51247517
51247561
51247597
51247601
51247633
51247643
51247667
51247687
51247699
51247709
51247711
51247717
51247733
51247759
51247789
51247793
51247829
51247837
51247919
51247939
51247943
51247961
51247969
51247981
51247993
51248003
51248009
51248033
51248039
51248051
51248089
51248129
51248137
51248147
51248161
51248179
51248213
51248231
51248243
51248257
51248261
51248269
51248273
51248279
51248291
51248311
51248317
51248321
51248369
51248381
51248383
51248497
51248503
51248507
51248513
51248537
51248543
51248569
51248573
51248609
51248633
51248657
51248677
51248707
51248731
51248741
51248749
51248767
51248831
51248849
51248851
51248861
51248881
51248957
51248971
51248987
51249017
51249019
51249031
51249043
51249053
51249071
51249103
51249113
51249131
