52690987
52690991
52691003
52691053
52691059
52691113
52691117
52691141
52691203
52691207
52691209
52691257
52691263
52691269
52691281
52691311
52691323
52691333
52691377
52691399
52691447
52691461
52691477
52691479
52691491
52691531
52691533
52691539
52691557
52691567
52691591
52691609
52691623
52691627
52691659
52691669
52691701
52691711
52691713
52691719
52691741
52691759
52691761
52691767
52691773
52691783
52691791
52691809
52691831
52691833
52691851
52691887
52691893
52691941
52691953
52691987
52692023
52692037
52692047
52692097
52692109
52692113
52692119
52692121
52692127
52692137
52692139
52692161
52692169
52692193
52692209
52692223
52692247
52692253
52692271
52692293
52692331
52692347
52692371
52692389
52692433
52692439
52692457
52692463
52692511
52692533
52692583
52692589
52692599
52692617
52692659
52692709
52692713
52692727
52692733
52692737
52692743
52692751
52692769
52692779
52692821
52692853
52692869
52692881
52692907
52692919
52692923
52692929
52692949
52692953
52692961
52692989
52693027
52693033
52693037
52693051
52693097
52693127
52693139
52693153
52693169
52693181
52693187
52693231
52693243
52693247
52693279
52693349
52693357
52693373
52693411
52693451
52693453
52693457
52693519
52693559
52693577
52693579
52693633
52693639
52693643
52693673
52693679
52693681
52693703
52693717
52693723
52693741
52693747
52693793
52693799
52693801
52693811
52693853
52693889
52693919
52693937
52693939
52693967
52693981
52693997
52694039
52694041
52694063
52694071
52694077
52694099
52694107
52694113
52694119
52694123
52694129
52694149
52694153
52694167
52694171
52694177
52694249
52694251
52694263
52694269
52694281
52694287
52694309
52694321
52694371
52694387
52694399
52694413
52694419
52694431
52694437
52694519
52694527
52694531
52694533
52694563
52694569
52694591
52694617
52694627
52694639
52694647
52694669
52694671
52694683
52694693
52694701
52694723
52694743
52694749
52694753
52694777
52694797
52694813
52694821
52694857
52694867
52694921
52694953
52694981
52695011
52695017
52695029
52695043
52695061
52695077
52695101
52695103
52695119
52695157
52695163
52695169
52695179
52695187
52695193
52695229
52695239
52695241
52695259
52695271
52695283
52695301
52695311
52695329
52695343
52695367
52695451
52695457
52695463
52695479
52695497
52695509
52695551
52695557
52695571
52695583
52695589
52695611
52695623
52695641
52695647
52695653
52695661
52695677
52695739
52695749
52695751
52695761
52695803
52695809
52695823
52695847
52695857
52695889
52695893
52695899
52695901
52695913
52695917
52695931
52695959
52695961
52695991
52695997
52696019
52696031
52696037
52696067
52696087
52696093
52696097
52696117
52696153
52696157
52696169
52696181
52696207
52696247
52696279
52696297
52696309
52696313
52696331
52696361
52696387
52696403
52696409
52696417
52696421
52696459
52696477
52696489
52696507
52696513
52696517
52696529
52696561
52696571
52696577
52696591
52696597
52696661
52696669
52696691
52696711
52696717
52696723
52696727
52696739
52696771
52696789
52696817
52696829
52696837
52696859
52696867
52696877
52696879
52696901
52696921
52696951
52696961
52696997
52697023
52697069
52697081
52697087
52697101
52697111
52697131
52697137
52697143
52697149
52697153
52697159
52697173
52697189
52697201
52697219
52697221
52697237
52697243
52697257
52697261
52697269
52697291
52697413
52697419
52697429
52697453
52697479
52697497
52697543
52697563
52697591
52697599
52697609
52697627
52697633
52697639
52697651
52697653
52697693
52697707
52697759
52697767
52697789
52697791
52697803
52697809
52697831
52697837
52697863
52697891
52697917
52697921
52697927
52697929
52697933
52697941
52697947
52697971
52697989
52698013
52698029
52698067
52698073
52698089
52698103
52698127
52698157
52698193
52698209
52698211
52698227
52698241
52698281
52698319
52698361
52698367
52698379
52698383
52698391
52698409
52698433
52698473
52698479
52698491
52698509
52698511
52698517
52698553
52698577
52698593
52698601
52698641
52698643
52698661
52698671
52698683
52698697
52698707
52698719
52698733
52698739
52698787
52698803
52698883
52698889
52698949
52698953
52698967
52698979
52698991
52699007
52699043
52699067
52699093
52699109
52699117
52699121
52699139
52699183
52699189
52699219
52699223
52699243
52699247
52699259
52699271
52699277
52699289
52699291
52699301
52699307
52699321
52699333
52699373
52699397
52699469
52699511
52699513
52699519
52699523
52699561
52699573
52699589
52699631
52699657
52699681
52699687
52699727
52699733
52699741
52699753
52699769
52699781
52699789
52699799
52699817
52699819
52699841
52699879
52699903
52699909
52699919
52699943
52699979
52699981
52699987
52699991
52700027
52700041
52700077
52700111
52700143
52700159
52700161
52700183
52700191
52700209
52700213
52700227
52700231
52700239
52700251
52700267
52700287
52700303
52700309
52700311
52700317
52700353
52700363
52700377
52700381
52700399
52700407
52700411
52700419
52700437
52700441
52700443
52700449
52700491
52700551
52700579
52700581
52700587
52700653
52700657
52700693
52700717
52700719
52700723
52700759
52700761
52700807
52700831
52700861
52700873
52700881
52700897
52700903
52700909
52700939
52700941
52700951
52701007
52701013
52701029
52701043
52701049
52701067
52701161
52701179
52701199
52701203
52701217
52701221
52701223
52701247
52701251
52701263
52701287
52701301
52701403
52701409
52701413
52701419
52701437
52701469
52701491
52701503
52701521
52701527
52701529
52701541
52701553
52701563
52701569
52701599
52701601
52701619
52701629
52701631
52701647
52701707
52701709
52701713
52701721
52701739
52701757
52701773
52701793
52701797
52701799
52701821
52701823
52701833
52701863
52701871
52701889
52701919
52701923
52701937
52701941
52701959
52701977
52701997
52702007
52702009
52702021
52702051
52702061
52702073
52702081
52702123
52702127
52702157
52702189
52702213
52702253
52702357
52702373
52702421
52702457
52702459
52702469
52702471
52702537
52702543
52702549
52702553
52702571
52702577
52702579
52702609
52702613
52702619
52702633
52702681
52702687
52702691
52702757
52702781
52702787
52702801
52702847
52702877
52702891
52702921
52702931
52702973
52702981
52702987
52703039
52703047
52703083
52703117
52703137
52703141
52703159
52703177
52703201
52703221
52703227
52703249
52703291
52703293
52703297
52703311
52703323
52703333
52703347
52703377
52703389
52703393
52703407
52703437
52703447
52703459
52703467
52703477
52703479
52703501
52703533
52703593
52703617
52703633
52703641
52703647
52703653
52703669
52703683
52703687
52703711
52703743
52703803
52703843
52703867
52703869
52703887
52703899
52703909
52703941
52703951
52703953
52703969
52703977
52703993
52704011
52704013
52704019
52704023
52704073
52704089
52704133
52704151
52704163
52704167
52704181
52704187
52704191
52704193
52704203
52704209
52704221
52704259
52704263
52704269
52704299
52704319
52704329
52704331
52704341
52704359
52704361
52704373
52704383
52704413
52704451
52704473
52704479
52704481
52704493
52704511
52704521
52704563
52704593
52704599
52704637
52704647
52704667
52704677
52704733
52704739
52704767
52704787
52704797
52704823
52704851
52704871
52704887
52704923
52704941
52704961
52704973
52704979
52705021
52705027
52705043
52705073
52705109
52705111
52705123
52705129
52705139
52705157
52705181
52705201
52705207
52705271
52705277
52705291
52705307
52705309
52705327
52705357
52705399
52705417
52705421
52705447
52705469
52705507
52705519
52705529
52705579
52705607
52705613
52705619
52705633
52705651
52705657
52705687
52705693
52705699
52705721
52705727
52705771
52705801
52705813
52705841
52705879
52705883
52705907
52705909
52705937
52705973
52705979
52705987
52706011
52706029
52706047
52706051
52706053
52706083
52706113
52706119
52706131
52706141
52706201
52706207
52706243
52706249
52706263
52706281
52706309
52706321
52706333
52706359
52706387
52706419
52706447
52706453
52706473
52706483
52706527
52706557
52706567
52706569
52706573
52706581
52706587
52706597
52706617
52706653
52706663
52706711
52706713
52706723
52706747
52706761
52706791
52706827
52706831
52706837
52706861
52706873
52706879
52706897
52706917
52706939
52706947
52706971
52706999
52707013
52707029
52707043
52707047
52707073
52707077
52707079
52707103
52707107
52707139
52707169
52707199
52707211
52707217
52707227
52707247
52707251
52707253
52707287
52707289
52707307
52707323
52707331
52707367
52707373
52707397
52707437
52707449
52707461
52707481
52707503
52707527
52707541
52707553
52707563
52707581
52707601
52707623
52707643
52707649
52707659
52707671
52707689
52707749
52707757
52707779
52707797
52707799
52707817
52707857
52707859
52707899
52707913
52707923
52707929
52707947
52707953
52707979
52707983
52708027
52708043
52708049
52708069
52708099
52708127
52708133
52708141
52708189
52708193
52708217
52708219
52708241
52708267
52708273
52708289
52708319
52708321
52708349
52708351
52708361
52708379
52708393
52708427
52708441
52708471
52708501
52708529
52708531
52708543
52708549
52708589
52708613
52708651
52708703
52708723
52708727
52708741
52708751
52708753
52708763
52708781
52708787
52708813
52708837
52708849
52708853
52708861
52708883
52708913
52708961
52708973
52708991
52709011
52709017
52709023
52709071
52709113
52709119
52709141
52709161
52709177
52709203
52709219
52709227
52709257
52709273
52709303
52709317
52709339
52709359
52709381
52709383
52709389
52709407
52709411
52709417
52709441
52709519
52709521
52709533
52709539
52709543
52709557
52709561
52709603
52709611
52709633
52709659
52709663
52709687
52709729
52709737
52709747
52709801
52709803
52709831
52709837
52709851
52709861
52709863
52709879
52709927
52709939
52709957
52709963
52709999
52710001
52710011
52710029
52710041
52710061
52710067
52710083
52710101
52710103
52710107
52710109
52710157
52710191
52710193
52710209
52710211
52710221
52710241
52710253
52710257
52710263
52710289
52710337
52710347
52710349
52710367
52710391
52710397
52710401
52710403
52710409
52710419
52710433
52710439
52710467
52710473
52710491
52710521
52710551
52710577
52710583
52710589
52710629
52710631
52710683
52710701
52710703
52710737
52710739
52710743
52710751
52710767
52710773
52710781
52710787
52710793
52710811
52710821
52710857
52710859
52710901
52710907
52710913
52710919
52710937
52710947
52710949
52711003
52711007
52711063
52711081
52711123
52711157
52711159
52711213
52711261
52711277
52711291
52711327
52711333
52711343
52711361
52711369
52711411
52711459
52711481
52711489
52711493
52711537
52711559
52711613
52711619
52711639
52711657
52711661
52711663
52711669
52711697
52711727
52711753
52711759
52711777
52711783
52711787
52711793
52711801
52711807
52711817
52711819
52711829
52711831
52711859
52711861
52711877
52711927
52711931
52711933
52711943
52711949
52711961
52711963
52711973
52711993
52711999
52712003
52712029
52712041
52712057
52712069
52712083
52712117
52712141
52712201
52712237
52712249
52712267
52712273
52712293
52712299
52712321
52712339
52712377
52712411
52712417
52712437
52712447
52712477
52712489
52712501
52712503
52712507
52712519
52712533
52712537
52712551
52712557
52712591
52712603
52712609
52712623
52712629
52712683
52712689
52712713
52712717
52712731
52712771
52712791
52712813
52712819
52712833
52712837
52712851
52712867
52712879
52712909
52712929
52712953
52712977
52712983
52712993
52712999
52713029
52713041
52713053
52713077
52713103
52713119
52713131
52713139
52713149
52713151
52713161
52713181
52713191
52713223
52713247
52713293
52713301
52713307
52713317
52713319
52713347
52713359
52713407
52713431
52713433
52713449
52713487
52713499
52713541
52713553
52713569
52713587
52713593
52713611
52713629
52713637
52713653
52713673
52713679
52713691
52713697
52713757
52713761
52713767
52713827
52713833
52713841
52713883
52713887
52713893
52713929
52713977
52713979
52714009
52714027
52714031
52714033
52714063
52714073
52714099
52714111
52714121
52714133
52714147
52714157
52714177
52714201
52714237
52714261
52714273
52714279
52714289
52714313
52714339
52714349
52714351
52714357
52714391
52714393
52714411
52714423
52714427
52714451
52714523
52714537
52714559
52714573
52714577
52714579
52714583
52714591
52714609
52714631
52714633
52714661
52714691
52714699
52714709
52714741
52714799
52714801
52714813
52714817
52714819
52714847
52714853
52714891
52714897
52714933
52714939
52714951
52714957
52714993
52714999
52715009
52715017
52715021
52715027
52715029
52715077
52715081
52715083
52715093
52715099
52715111
52715137
52715141
52715167
52715171
52715183
52715189
52715197
52715203
52715207
52715237
52715239
52715263
52715279
52715303
52715309
52715339
52715363
52715371
52715389
52715401
52715413
52715423
52715431
52715477
52715527
52715539
52715543
52715567
52715573
52715659
52715669
52715687
52715693
52715711
52715723
52715731
52715749
52715777
52715813
52715833
52715843
52715849
52715879
52715917
52715933
52715941
52715947
52715953
52715981
52715987
52716007
52716019
52716043
52716067
52716071
52716077
52716091
52716107
52716109
52716137
52716179
52716197
52716211
52716263
52716271
52716329
52716341
52716347
52716359
52716373
52716401
52716407
52716413
52716449
52716467
52716479
52716491
52716497
52716539
52716551
52716553
52716571
52716589
52716607
52716613
52716619
52716623
52716661
52716683
52716689
52716691
52716707
52716743
52716757
52716761
52716787
52716791
52716803
52716827
52716841
52716863
52716883
52716893
52716899
52716901
52716907
52716919
52716929
52716931
52716959
52716967
52716973
52716991
52716997
52717009
52717013
52717043
52717061
52717069
52717073
52717121
52717129
52717163
52717177
52717213
52717241
52717261
52717277
52717309
52717333
52717361
52717363
52717393
52717421
52717451
52717471
52717487
52717499
52717501
52717507
52717519
52717529
52717531
52717547
52717549
52717559
52717579
52717589
52717601
52717619
52717649
52717667
52717673
52717681
52717703
52717747
52717783
52717787
52717789
52717793
52717801
52717807
52717823
52717829
52717831
52717891
52717897
52717919
52717927
52717967
52717979
52717981
52717999
52718009
52718021
52718033
52718111
52718131
52718147
52718167
52718189
52718203
52718209
52718221
52718233
52718243
52718257
52718269
52718279
52718291
52718299
52718311
52718339
52718353
52718357
52718371
52718399
52718401
52718417
52718429
52718441
52718459
52718467
52718531
52718539
52718563
52718573
52718587
52718591
52718621
52718639
52718651
52718671
52718689
52718719
52718753
52718767
52718779
52718789
52718797
52718807
52718837
52718867
52718891
52718899
52718909
52718929
52718951
52718957
52718959
52718993
52719001
52719089
52719137
52719143
52719179
52719203
52719217
52719229
52719257
52719263
52719343
52719347
52719349
52719353
52719371
52719389
52719409
52719439
52719451
52719461
52719463
52719517
52719523
52719539
52719551
52719581
52719587
52719607
52719613
52719619
52719631
52719637
52719643
52719659
52719671
52719673
52719679
52719697
52719721
52719739
52719743
52719757
52719803
52719833
52719869
52719881
52719911
52719923
52719937
52719959
52719967
52719991
52720007
52720013
52720027
52720039
52720049
52720061
52720067
52720121
52720123
52720133
52720141
52720147
52720159
52720169
52720201
52720207
52720237
52720253
52720267
52720277
52720303
52720309
52720313
52720361
52720379
52720387
52720399
52720403
52720441
52720471
52720487
52720501
52720513
52720517
52720529
52720541
52720543
52720561
52720589
52720601
52720627
52720631
52720639
52720667
52720697
52720741
52720747
52720777
52720813
52720823
52720831
52720867
52720873
52720901
52720907
52720909
52720931
52720937
52720949
52720973
52721003
52721017
52721033
52721047
52721069
52721077
52721107
52721113
52721287
52721303
52721309
52721323
52721341
52721363
52721381
52721387
52721423
52721441
52721443
52721479
52721489
52721491
52721521
52721567
52721587
52721593
52721597
52721621
52721651
52721671
52721693
52721701
52721719
52721737
52721759
52721771
52721791
52721821
52721839
52721843
52721857
52721863
52721881
52721939
52721951
52721953
52721969
52721989
52722001
52722037
52722079
52722091
52722097
52722167
52722193
52722259
52722281
52722317
52722323
52722349
52722353
52722379
52722403
52722407
52722409
52722419
52722421
52722427
52722451
52722479
52722487
52722517
52722529
52722533
52722547
52722557
52722563
52722581
52722611
52722619
52722623
52722629
52722643
52722671
52722689
52722697
52722731
52722751
52722809
52722811
52722827
52722881
52722883
52722889
52722893
52722953
52722997
52723019
52723087
52723091
52723129
52723133
52723141
52723147
52723163
52723169
52723207
52723211
52723213
52723241
52723243
52723327
52723351
52723387
52723441
52723453
52723457
52723471
52723481
52723487
52723507
52723523
52723549
52723553
52723577
52723589
52723597
52723603
52723607
52723609
52723687
52723691
52723709
52723721
52723729
52723763
52723771
52723787
52723813
52723837
52723859
52723861
52723871
52723877
52723907
52723969
52723973
52724003
52724017
52724099
52724101
52724137
52724159
52724171
52724179
52724197
52724201
52724207
52724209
52724219
52724227
52724249
52724251
52724261
52724267
52724279
52724299
52724317
52724333
52724341
52724381
52724383
52724393
52724423
52724437
52724443
52724461
52724473
52724491
52724513
52724527
52724543
52724591
52724597
52724603
52724621
52724653
52724657
52724663
52724689
52724713
52724719
52724747
52724759
52724827
52724857
52724869
52724879
52724887
52724897
52724899
52724911
52724933
52724941
52724951
52724953
52725059
52725061
52725083
52725107
52725137
52725149
52725157
52725191
52725241
52725251
52725271
52725287
52725293
52725307
52725317
52725377
52725403
52725443
52725473
52725479
52725487
52725503
52725529
52725539
52725553
52725559
52725571
52725577
52725581
52725599
52725601
52725613
52725623
52725649
52725677
52725679
52725707
52725709
52725719
52725749
52725767
52725769
52725791
52725793
52725809
52725839
52725847
52725859
52725889
52725901
52725917
52725919
52725923
52725961
52725989
52725991
52726001
52726019
52726033
52726049
52726067
52726081
52726103
52726111
52726169
52726171
52726187
52726199
52726217
52726237
52726241
52726291
52726301
52726307
52726313
52726351
52726363
52726391
52726403
52726423
52726439
52726477
52726529
52726543
52726547
52726549
52726561
52726601
52726607
52726637
52726693
52726757
52726759
52726769
52726771
52726783
52726799
52726811
52726819
52726831
52726847
52726867
52726909
52726913
52726937
52726963
52726967
52727011
52727027
52727069
52727093
52727099
52727111
52727123
52727131
52727153
52727167
52727173
52727177
52727203
52727219
52727221
52727263
52727273
52727281
52727317
52727329
52727341
52727347
52727359
52727377
52727429
52727443
52727449
52727461
52727471
52727491
52727501
52727513
52727537
52727579
52727581
52727611
52727629
52727639
52727669
52727677
52727699
52727723
52727737
52727743
52727747
52727767
52727789
52727803
52727813
52727837
52727867
52727879
52727881
52727903
52727911
52727921
52727953
52727957
52728001
52728007
52728017
52728047
52728073
52728083
52728089
52728103
52728131
52728187
52728223
52728227
52728233
52728239
52728251
52728257
52728289
52728307
52728311
52728329
52728331
52728341
52728371
52728383
52728391
52728451
52728457
52728463
52728469
52728479
52728491
52728493
52728499
52728527
52728541
52728547
52728563
52728593
52728619
52728623
52728653
52728691
52728701
52728727
52728733
52728763
52728769
52728773
52728779
52728791
52728803
52728817
52728833
52728839
52728881
52728887
52728901
52728913
52728937
52728983
52728997
52729013
52729021
52729063
52729091
52729093
52729129
52729147
52729169
52729177
52729219
52729231
52729241
52729247
52729249
52729273
52729289
52729307
52729343
52729349
52729361
52729381
52729423
52729429
52729447
52729471
52729487
52729517
52729553
52729571
52729583
52729601
52729609
52729613
52729619
52729637
52729643
52729661
52729669
52729673
52729679
52729687
52729697
52729711
52729751
52729763
52729771
52729819
52729837
52729841
52729843
52729861
52729909
52729913
52729927
52729939
52729951
52729969
52729987
52730009
52730021
52730023
52730089
52730113
52730123
52730131
52730147
52730159
52730173
52730179
52730201
52730213
52730221
52730233
52730239
52730269
52730281
52730303
52730401
52730437
52730441
52730449
52730477
52730479
52730519
52730521
52730533
52730537
52730539
52730543
52730593
52730611
52730621
52730677
52730693
52730737
52730749
52730761
52730773
52730801
52730807
52730863
52730869
52730891
52730897
52730921
52730933
52730939
52730959
52730963
52730971
52731001
52731013
52731017
52731047
52731053
52731067
52731079
52731083
52731097
52731103
52731113
52731149
52731167
52731169
52731181
52731197
52731199
52731209
52731223
52731233
52731247
52731269
52731271
52731277
52731281
52731293
52731307
52731317
52731377
52731391
52731397
52731409
52731421
52731439
52731461
52731463
52731577
52731647
52731667
52731683
52731691
52731719
52731727
52731733
52731737
52731751
52731799
52731817
52731827
52731829
52731869
52731923
52731929
52731937
52731949
52731953
52732003
52732019
52732021
52732037
52732081
52732093
52732103
52732117
52732133
52732139
52732151
52732153
52732157
52732159
52732171
52732193
52732217
52732219
52732223
52732247
52732313
52732321
52732331
52732357
52732373
52732387
52732423
52732447
52732483
52732513
52732529
52732531
52732541
52732567
52732571
52732573
52732591
52732613
52732651
52732661
52732679
52732709
52732717
52732723
52732727
52732747
52732769
52732777
52732837
52732903
52732913
52732931
52732943
52732949
52732973
52732987
52733017
52733027
52733041
52733063
52733071
52733111
52733117
52733141
52733143
52733159
52733171
52733183
52733207
52733231
52733237
52733279
52733297
52733309
52733311
52733347
52733353
52733363
52733383
52733393
52733419
52733431
52733453
52733459
52733467
52733491
52733501
52733509
52733533
52733537
52733539
52733557
52733581
52733587
52733591
52733599
52733627
52733647
52733663
52733699
52733701
52733719
52733731
52733743
52733767
52733777
52733783
52733789
52733819
52733833
52733851
52733893
52733897
52733899
52733929
52733939
52733957
52733999
52734041
52734053
52734061
52734089
52734103
52734109
52734113
52734137
52734167
52734197
52734203
52734217
52734247
52734257
52734281
52734343
52734389
52734401
52734419
52734421
52734431
52734457
52734463
52734497
52734511
52734529
52734533
52734559
52734593
52734599
52734659
52734679
52734691
52734707
52734713
52734719
52734757
52734763
52734767
52734769
52734821
52734853
52734859
52734863
52734889
52734907
52734911
52734917
52734931
52734943
52734959
52734973
52734991
52735009
52735031
52735043
52735087
52735091
52735103
52735121
52735141
52735147
52735183
52735211
52735217
52735219
52735223
52735283
52735301
52735303
52735313
52735357
52735373
52735381
52735387
52735447
52735451
52735483
52735511
52735517
52735519
52735523
52735541
52735559
52735561
52735603
52735609
52735637
52735643
52735651
52735679
52735703
52735721
52735741
52735783
52735789
52735801
52735831
52735843
52735871
52735877
52735883
52735909
52735919
52735937
52735957
52735967
52735973
52735999
52736009
52736071
52736093
52736111
52736179
52736197
52736207
52736231
52736237
52736249
52736251
52736273
52736279
52736287
52736311
52736339
52736347
52736351
52736353
52736399
52736417
52736423
52736449
52736473
52736483
52736503
52736561
52736569
52736591
52736617
52736633
52736653
52736659
52736711
52736731
52736753
52736759
52736779
52736807
52736809
52736833
52736843
52736881
52736903
52736939
52736969
52737011
52737031
52737037
52737053
52737073
52737079
52737101
52737127
52737163
52737211
52737233
52737253
52737259
52737263
52737277
52737301
52737313
52737323
52737329
52737353
52737371
52737401
52737409
52737437
52737449
52737497
52737499
52737511
52737527
52737539
52737557
52737571
52737589
52737599
52737613
52737637
52737647
52737649
52737653
52737661
52737677
52737679
52737697
52737701
52737721
52737743
52737761
52737779
52737869
52737871
52737887
52737889
52737907
52737941
52737943
52737953
52737959
52737989
52738001
52738009
52738043
52738051
52738073
52738079
52738093
52738121
52738123
52738139
52738157
52738159
52738171
52738187
52738201
52738207
52738219
52738237
52738289
52738297
52738321
52738381
52738391
52738393
52738417
52738421
52738429
52738459
52738489
52738529
52738549
52738571
52738589
52738603
52738613
52738627
52738633
52738639
52738649
52738667
52738681
52738687
52738711
52738723
52738739
52738759
52738771
52738787
52738799
52738837
52738853
52738901
52738919
52738921
52738937
52738943
52738993
52738999
52739033
52739053
52739059
52739077
52739087
52739107
52739129
52739131
52739147
52739149
52739173
52739177
52739189
52739201
52739209
52739233
52739249
52739261
52739263
52739341
52739347
52739359
52739363
52739381
52739431
52739447
52739501
52739509
52739521
52739527
52739537
52739539
52739549
52739567
52739623
52739633
52739651
52739663
52739669
52739677
52739693
52739737
52739747
52739749
52739767
52739779
52739803
52739821
52739849
52739857
52739861
52739873
52739879
52739909
52739927
52739941
52739957
52739963
52739987
52739993
52740013
52740043
52740049
52740071
52740073
52740089
52740101
52740131
52740139
52740167
52740197
52740203
52740209
52740217
52740221
52740229
52740283
52740287
52740319
52740329
52740349
52740361
52740461
52740463
52740497
52740521
52740551
52740553
52740557
52740559
52740563
52740581
52740617
52740619
52740629
52740673
52740683
52740689
52740691
52740697
52740733
52740757
52740767
52740781
52740797
52740803
52740823
52740869
52740893
52740907
52740911
52740923
52740929
52740931
52740949
52740971
52740997
52741019
52741033
52741043
52741069
52741079
52741099
52741109
52741121
52741141
52741151
52741153
52741189
52741217
52741237
52741267
52741279
52741289
52741313
52741319
52741331
52741387
52741399
52741471
52741483
52741501
52741537
52741541
52741543
52741547
52741561
52741583
52741589
52741597
52741609
52741649
52741657
52741673
52741681
52741699
52741709
52741723
52741727
52741729
52741751
52741789
52741817
52741831
52741859
52741873
52741883
52741919
52741933
52741963
52741987
52741999
52742009
52742017
52742033
52742089
52742093
52742147
52742149
52742153
52742159
52742161
52742189
52742203
52742231
52742237
52742269
52742321
52742323
52742341
52742357
52742407
52742419
52742471
52742479
52742509
52742527
52742531
52742581
52742597
52742617
52742621
52742623
52742629
52742633
52742659
52742681
52742693
52742707
52742713
52742717
52742731
52742741
52742743
52742747
52742771
52742773
52742783
52742819
52742821
52742839
52742843
52742861
52742903
52742927
52742929
52742947
52742953
52742969
52742971
52742999
52743001
52743017
52743023
52743043
52743049
52743073
52743113
52743143
52743149
52743151
52743161
52743191
52743217
52743281
52743283
52743289
52743329
52743331
52743349
52743359
52743409
52743437
52743451
52743461
52743473
52743479
52743491
52743517
52743553
52743569
52743583
52743599
52743629
52743631
52743641
52743661
52743697
52743701
52743709
52743727
52743731
52743739
52743751
52743763
52743781
52743787
52743793
52743799
52743811
52743827
52743863
52743869
52743883
52743893
52743913
52743919
52743937
52743949
52743959
52744007
52744031
52744049
52744061
52744073
52744099
52744103
52744177
52744249
52744253
52744261
52744297
52744331
52744333
52744339
52744379
52744397
52744403
52744411
52744427
52744441
52744453
52744463
52744469
52744493
52744507
52744511
52744529
52744541
52744553
52744561
52744579
52744603
52744613
52744619
52744631
52744633
52744673
52744697
52744709
52744711
52744717
52744723
52744729
52744739
52744781
52744787
52744793
52744837
52744843
52744849
52744877
52744891
52744921
52744963
52744973
52745107
52745111
52745117
52745131
52745179
52745191
52745207
52745213
52745221
52745243
52745267
52745293
52745309
52745321
52745323
52745359
52745369
52745383
52745389
52745431
52745437
52745443
52745449
52745453
52745467
52745471
52745503
52745507
52745531
52745551
52745573
52745591
52745597
52745599
52745603
52745621
52745633
52745669
52745681
52745699
52745711
52745717
52745723
52745741
52745743
52745773
52745783
52745813
52745837
52745839
52745899
52745929
52745963
52746007
52746047
52746091
52746101
52746137
52746163
52746181
52746193
52746203
52746227
52746241
52746247
52746259
52746271
52746277
52746301
52746329
52746373
52746391
52746409
52746431
52746433
52746481
52746493
52746503
52746511
52746569
52746587
52746601
52746619
52746647
52746667
52746677
52746697
52746703
52746709
52746721
52746763
52746803
52746809
52746817
52746821
52746833
52746851
52746857
52746871
52746899
52746901
52746943
52746973
52746977
52746979
52746989
52747063
52747067
52747069
52747129
52747153
52747199
52747217
52747223
52747231
52747271
52747307
52747319
52747327
52747333
52747393
52747417
52747427
52747463
52747501
52747507
52747517
52747529
52747547
52747573
52747601
52747619
52747621
52747649
52747661
52747663
52747687
52747697
52747703
52747741
52747759
52747769
52747789
52747801
52747813
52747823
52747831
52747837
52747841
52747861
52747867
52747883
52747907
52747931
52747949
52747973
52747999
52748023
52748027
52748029
52748107
52748141
52748149
52748153
52748167
52748191
52748207
52748233
52748239
52748249
52748281
52748291
52748299
52748359
52748383
52748387
52748411
52748417
52748447
52748471
52748489
52748519
52748551
52748557
52748567
52748581
52748629
52748681
52748719
52748723
52748737
52748749
52748771
52748779
52748783
52748803
52748809
52748819
52748863
52748869
52748873
52748893
52748903
52748929
52748963
52748989
52749019
52749029
52749031
52749041
52749049
52749061
52749071
52749091
52749119
52749131
52749157
52749163
52749209
52749211
52749217
52749241
52749253
52749269
52749271
52749293
52749313
52749341
52749343
52749353
52749397
52749401
52749413
52749443
52749461
52749497
52749509
52749517
52749539
52749547
52749553
52749559
52749563
52749583
52749607
52749611
52749617
52749629
52749701
52749713
52749721
52749733
52749743
52749761
52749769
52749773
52749799
52749803
52749841
52749847
52749857
52749877
52749881
52749883
52749889
52749911
52749913
52749919
52749937
52749967
52749973
52749989
52750001
52750007
52750039
52750051
52750073
52750079
52750081
52750091
52750129
52750141
52750147
52750151
52750153
52750171
52750183
52750241
52750253
52750259
52750261
52750279
52750297
52750301
52750319
52750349
52750367
52750387
52750409
52750417
52750429
52750469
52750471
52750483
52750513
52750519
52750531
52750553
52750589
52750597
52750613
52750627
52750667
52750703
52750717
52750727
52750757
52750781
52750801
52750807
52750811
52750861
52750883
52750927
52750939
52750961
52750993
52751003
52751009
52751021
52751033
52751047
52751081
52751089
52751099
52751113
52751117
52751129
52751131
52751137
52751143
52751147
52751173
52751191
52751207
52751227
52751263
52751267
52751273
52751291
52751317
52751327
52751329
52751341
52751359
52751389
52751393
52751399
52751401
52751431
52751441
52751449
52751453
52751471
52751507
52751521
52751533
52751537
52751549
52751591
52751597
52751599
52751617
52751623
52751639
52751683
52751687
52751693
52751701
52751737
52751747
52751761
52751807
52751821
52751869
52751887
52751891
52751893
52751911
52751939
52751977
52751983
52751989
52752019
52752031
52752059
52752097
52752103
52752107
52752137
52752143
52752149
52752181
52752191
52752197
52752223
52752233
52752239
52752253
52752263
52752289
52752299
52752389
52752433
52752439
52752449
52752467
52752473
52752499
52752523
52752533
52752541
52752571
52752587
52752613
52752629
52752641
52752643
52752671
52752677
52752697
52752709
52752727
52752737
52752781
52752829
52752841
52752851
52752859
52752877
52752893
52752901
52752923
52752971
52752991
52753027
52753031
52753039
52753049
52753061
52753067
52753081
52753087
52753093
52753153
52753163
52753189
52753199
52753241
52753243
52753273
52753319
52753343
52753361
52753373
52753381
52753403
52753427
52753439
52753447
52753469
52753487
52753489
52753529
52753541
52753553
52753573
52753607
52753637
52753691
52753699
52753759
52753777
52753801
52753807
52753817
52753829
52753843
52753849
52753853
52753879
52753891
52753913
52753931
52753933
52753951
52753957
52753963
52753993
52754011
52754029
52754059
52754087
52754099
52754113
52754123
52754153
52754171
52754173
52754183
52754197
52754209
52754243
52754291
52754297
52754311
52754329
52754333
52754347
52754353
52754363
52754371
52754407
52754419
52754459
52754477
52754497
52754521
52754543
52754549
52754599
52754609
52754627
52754629
52754641
52754687
52754707
52754729
52754771
52754797
52754833
52754869
52754881
52754899
52754951
52754953
52754957
52754969
52755011
52755037
52755041
52755083
52755119
52755127
52755163
52755167
52755223
52755247
52755251
52755253
52755257
52755277
52755317
52755319
52755337
52755341
52755359
52755361
52755383
52755389
52755427
52755449
52755503
52755517
52755523
52755557
52755587
52755613
52755631
52755671
52755679
52755691
52755701
52755719
52755737
52755749
52755757
52755763
52755803
52755809
52755839
52755847
52755851
52755869
52755917
52755929
52755943
52755953
52755977
52755991
52756003
52756007
52756013
52756021
52756031
52756051
52756057
52756061
52756073
52756157
52756159
52756169
52756183
52756201
52756213
52756237
52756247
52756259
52756261
52756267
52756271
52756283
52756289
52756303
52756309
52756349
52756351
52756367
52756373
52756387
52756397
52756439
52756453
