51380233
51380249
51380269
51380279
51380347
51380359
51380369
51380429
51380449
51380467
51380471
51380513
51380543
51380557
51380587
51380603
51380627
51380633
51380639
51380677
51380701
51380717
51380737
51380789
51380809
51380839
51380843
51380867
51380881
51380897
51380911
51380929
51380939
51380941
51380963
51380969
51380993
51381019
51381041
51381053
51381059
51381091
51381097
51381133
51381137
51381151
51381179
51381217
51381227
51381247
51381251
51381257
51381289
51381299
51381313
51381347
51381367
51381371
51381373
51381397
51381437
51381469
51381479
51381503
51381509
51381553
51381557
51381587
51381613
51381623
51381637
51381647
51381661
51381683
51381691
51381709
51381739
51381749
51381797
51381809
51381817
51381829
51381887
51381901
51381907
51381917
51381929
51381949
51381961
51381983
51382013
51382021
51382031
51382039
51382043
51382049
51382057
51382081
51382127
51382141
51382147
51382151
51382169
51382181
51382187
51382189
51382193
51382217
51382237
51382259
51382277
51382301
51382319
51382321
51382349
51382361
51382369
51382379
51382417
51382433
51382447
51382481
51382511
51382543
51382547
51382559
51382579
51382589
51382607
51382613
51382633
51382651
51382657
51382663
51382673
51382699
51382753
51382757
51382763
51382787
51382813
51382829
51382843
51382853
51382861
51382873
51382907
51382909
51382949
51382951
51382967
51382997
51383009
51383029
51383053
51383069
51383071
51383093
51383147
51383153
51383161
51383177
51383179
51383183
51383191
51383207
51383221
51383243
51383251
51383263
51383279
51383287
51383329
51383347
51383351
51383359
51383377
51383383
51383419
51383441
51383477
51383483
51383489
51383509
51383531
51383551
51383569
51383593
51383597
51383599
51383611
51383617
51383669
51383671
51383681
51383711
51383747
51383779
51383791
51383797
51383821
51383873
51383879
51383881
51383887
51383903
51383921
51383929
51383933
51383939
51383951
51383953
51383963
51383971
51383987
51383993
51384007
51384023
51384031
51384041
51384077
51384119
51384121
51384131
51384133
51384161
51384167
51384169
51384173
51384199
51384209
51384211
51384233
51384241
51384247
51384253
51384257
51384293
51384299
51384337
51384343
51384367
51384409
51384413
51384427
51384449
51384451
51384479
51384499
51384517
51384533
51384559
51384563
51384589
51384611
51384637
51384647
51384661
51384679
51384689
51384703
51384709
51384713
51384733
51384757
51384769
51384787
51384791
51384799
51384857
51384859
51384869
51384917
51384923
51384937
51384941
51384947
51384961
51384973
51384989
51385021
51385027
51385031
51385039
51385049
51385057
51385079
51385091
51385097
51385099
51385127
51385157
51385171
51385189
51385207
51385219
51385231
51385247
51385319
51385331
51385333
51385337
51385379
51385417
51385457
51385483
51385487
51385493
51385501
51385511
51385513
51385517
51385531
51385547
51385553
51385561
51385571
51385601
51385603
51385613
51385639
51385661
51385681
51385687
51385699
51385721
51385739
51385757
51385759
51385783
51385793
51385799
51385801
51385819
51385837
51385853
51385877
51385891
51385897
51385907
51385921
51385927
51385949
51385963
51385969
51385981
51385987
51386011
51386021
51386029
51386033
51386039
51386059
51386063
51386107
51386129
51386131
51386147
51386171
51386177
51386201
51386221
51386249
51386273
51386281
51386299
51386311
51386327
51386341
51386353
51386389
51386459
51386471
51386473
51386479
51386497
51386501
51386513
51386527
51386537
51386539
51386549
51386551
51386609
51386611
51386617
51386639
51386663
51386689
51386693
51386701
51386707
51386717
51386723
51386737
51386759
51386813
51386861
51386873
51386911
51386917
51386939
51386941
51386953
51386957
51386987
51386999
51387013
51387019
51387023
51387029
51387041
51387059
51387097
51387103
51387131
51387137
51387139
51387143
51387163
51387179
51387233
51387241
51387247
51387251
51387257
51387293
51387317
51387341
51387353
51387373
51387383
51387397
51387509
51387517
51387521
51387527
51387563
51387587
51387613
51387631
51387653
51387659
51387671
51387701
51387703
51387731
51387751
51387769
51387811
51387851
51387859
51387871
51387887
51387893
51387937
51387949
51387953
51387961
51388019
51388021
51388031
51388037
51388063
51388069
51388091
51388121
51388147
51388151
51388171
51388193
51388223
51388241
51388243
51388247
51388273
51388283
51388303
51388307
51388327
51388349
51388357
51388361
51388387
51388409
51388427
51388453
51388459
51388481
51388507
51388529
51388543
51388591
51388613
51388627
51388639
51388663
51388709
51388721
51388751
51388781
51388817
51388879
51388889
51388891
51388903
51388921
51388927
51388937
51388963
51388973
51388993
51389003
51389021
51389027
51389033
51389047
51389071
51389089
51389099
51389101
51389137
51389159
51389183
51389197
51389207
51389209
51389213
51389231
51389251
51389293
51389297
51389309
51389311
51389323
51389347
51389369
51389399
51389431
51389483
51389497
51389539
51389549
51389557
51389573
51389593
51389621
51389627
51389669
51389677
51389719
51389731
51389743
51389749
51389761
51389771
51389777
51389783
51389803
51389809
51389831
51389837
51389839
51389867
51389869
51389879
51389881
51389953
51389983
51390023
51390047
51390049
51390061
51390071
51390083
51390091
51390109
51390137
51390161
51390173
51390181
51390187
51390191
51390221
51390263
51390271
51390277
51390293
51390301
51390331
51390347
51390359
51390377
51390379
51390397
51390403
51390413
51390419
51390431
51390433
51390569
51390583
51390587
51390617
51390629
51390631
51390659
51390673
51390701
51390707
51390727
51390733
51390737
51390739
51390749
51390751
51390791
51390793
51390811
51390827
51390851
51390883
51390959
51391013
51391037
51391057
51391061
51391073
51391099
51391111
51391117
51391133
51391139
51391199
51391201
51391229
51391231
51391243
51391271
51391309
51391313
51391331
51391337
51391349
51391367
51391381
51391387
51391421
51391427
51391469
51391477
51391481
51391507
51391513
51391517
51391531
51391547
51391597
51391601
51391619
51391621
51391651
51391661
51391687
51391699
51391709
51391757
51391771
51391787
51391811
51391841
51391843
51391877
51391883
51391889
51391897
51391919
51391933
51391937
51392027
51392039
51392059
51392063
51392069
51392101
51392113
51392129
51392161
51392167
51392171
51392177
51392183
51392191
51392213
51392221
51392227
51392239
51392251
51392279
51392293
51392303
51392323
51392339
51392381
51392387
51392447
51392449
51392459
51392461
51392477
51392489
51392503
51392507
51392531
51392533
51392543
51392629
51392659
51392681
51392689
51392707
51392723
51392729
51392753
51392767
51392773
51392791
51392801
51392807
51392839
51392857
51392863
51392893
51392923
51392977
51392993
51393007
51393011
51393031
51393047
51393053
51393073
51393103
51393107
51393113
51393161
51393169
51393179
51393187
51393197
51393239
51393263
51393281
51393311
51393323
51393337
51393359
51393361
51393373
51393379
51393389
51393409
51393427
51393437
51393439
51393449
51393451
51393469
51393473
51393493
51393497
51393581
51393583
51393593
51393599
51393637
51393647
51393653
51393677
51393697
51393709
51393731
51393739
51393743
51393751
51393761
51393767
51393773
51393791
51393809
51393821
51393857
51393883
51393899
51393911
51393913
51393929
51393959
51393977
51394027
51394037
51394067
51394093
51394097
51394127
51394151
51394157
51394193
51394199
51394201
51394243
51394261
51394267
51394283
51394289
51394307
51394309
51394327
51394363
51394379
51394403
51394423
51394433
51394439
51394463
51394493
51394501
51394523
51394529
51394537
51394543
51394579
51394613
51394633
51394643
51394649
51394657
51394661
51394663
51394669
51394697
51394703
51394711
51394727
51394729
51394801
51394817
51394823
51394877
51394883
51394891
51394901
51394909
51394921
51394939
51394969
51394979
51395009
51395021
51395023
51395027
51395039
51395051
51395081
51395089
51395129
51395173
51395207
51395243
51395251
51395291
51395293
51395327
51395341
51395371
51395381
51395401
51395447
51395473
51395497
51395521
51395537
51395543
51395563
51395579
51395599
51395609
51395629
51395651
51395653
51395681
51395689
51395699
51395711
51395749
51395783
51395803
51395807
51395821
51395831
51395833
51395857
51395873
51395881
51395891
51395933
51395951
51395983
51395989
51396041
51396067
51396077
51396089
51396097
51396127
51396133
51396179
51396199
51396203
51396211
51396227
51396229
51396263
51396269
51396299
51396313
51396353
51396377
51396391
51396413
51396461
51396473
51396503
51396523
51396529
51396551
51396563
51396607
51396617
51396629
51396637
51396641
51396647
51396649
51396673
51396703
51396707
51396713
51396721
51396727
51396731
51396733
51396757
51396769
51396809
51396823
51396827
51396859
51396869
51396871
51396883
51396887
51396893
51396901
51396907
51396923
51396929
51396931
51396937
51396949
51396979
51397013
51397051
51397061
51397081
51397117
51397127
51397139
51397141
51397207
51397211
51397217
51397219
51397253
51397267
51397277
51397289
51397363
51397391
51397393
51397399
51397453
51397459
51397469
51397471
51397481
51397517
51397519
51397547
51397573
51397583
51397601
51397607
51397609
51397631
51397639
51397669
51397693
51397727
51397739
51397763
51397769
51397811
51397813
51397867
51397873
51397877
51397883
51397897
51397901
51397903
51397933
51397949
51397961
51397963
51397967
51398003
51398033
51398041
51398047
51398071
51398117
51398129
51398141
51398147
51398159
51398167
51398203
51398209
51398219
51398227
51398233
51398251
51398267
51398299
51398309
51398329
51398357
51398359
51398383
51398387
51398419
51398423
51398441
51398453
51398471
51398489
51398507
51398509
51398519
51398521
51398549
51398561
51398573
51398579
51398603
51398609
51398687
51398689
51398719
51398723
51398729
51398731
51398741
51398749
51398761
51398771
51398779
51398797
51398801
51398807
51398833
51398839
51398863
51398869
51398881
51398909
51398917
51398947
51398969
51398999
51399011
51399017
51399037
51399053
51399071
51399077
51399079
51399083
51399091
51399097
51399137
51399157
51399169
51399259
51399263
51399301
51399307
51399317
51399377
51399409
51399419
51399431
51399433
51399463
51399473
51399497
51399499
51399521
51399539
51399563
51399599
51399613
51399631
51399661
51399703
51399709
51399763
51399791
51399793
51399827
51399839
51399841
51399851
51399863
51399889
51399893
51399899
51399923
51399941
51399979
51400001
51400039
51400043
51400049
51400051
51400079
51400091
51400121
51400123
51400127
51400133
51400169
51400177
51400229
51400241
51400253
51400273
51400303
51400309
51400343
51400357
51400361
51400411
51400421
51400439
51400451
51400463
51400471
51400501
51400507
51400577
51400579
51400621
51400627
51400631
51400637
51400651
51400667
51400691
51400709
51400747
51400753
51400799
51400813
51400861
51400873
51400879
51400889
51400897
51400901
51400907
51400931
51400933
51400957
51400967
51400991
51401027
51401059
51401083
51401087
51401093
51401123
51401171
51401179
51401191
51401197
51401201
51401219
51401237
51401243
51401267
51401269
51401279
51401299
51401303
51401323
51401333
51401359
51401377
51401381
51401393
51401401
51401411
51401419
51401423
51401443
51401447
51401459
51401477
51401507
51401513
51401521
51401533
51401611
51401629
51401633
51401639
51401671
51401677
51401687
51401699
51401737
51401743
51401747
51401771
51401773
51401807
51401839
51401873
51401881
51401923
51401927
51401929
51401939
51401947
51401953
51401963
51401971
51401993
51402017
51402019
51402037
51402041
51402187
51402193
51402251
51402283
51402289
51402311
51402317
51402319
51402331
51402347
51402359
51402389
51402409
51402437
51402469
51402473
51402503
51402521
51402551
51402553
51402563
51402607
51402641
51402667
51402671
51402691
51402707
51402719
51402721
51402727
51402737
51402763
51402779
51402787
51402797
51402803
51402821
51402823
51402833
51402853
51402863
51402881
51402973
51402977
51403021
51403039
51403073
51403097
51403111
51403117
51403127
51403129
51403141
51403147
51403181
51403207
51403273
51403277
51403309
51403327
51403333
51403343
51403351
51403369
51403411
51403433
51403439
51403441
51403453
51403511
51403519
51403537
51403543
51403553
51403559
51403567
51403591
51403657
51403661
51403669
51403687
51403739
51403741
51403777
51403783
51403823
51403829
51403831
51403871
51403897
51403909
51403931
51403943
51403951
51403973
51403981
51403991
51404053
51404069
51404081
51404099
51404159
51404167
51404179
51404183
51404189
51404219
51404237
51404251
51404267
51404279
51404299
51404321
51404351
51404371
51404401
51404407
51404429
51404459
51404467
51404489
51404503
51404527
51404533
51404537
51404539
51404567
51404569
51404579
51404593
51404597
51404621
51404623
51404677
51404681
51404687
51404707
51404713
51404723
51404741
51404767
51404807
51404809
51404819
51404827
51404867
51404893
51404917
51404953
51404959
51404987
51404999
51405007
51405017
51405049
51405073
51405077
51405121
51405131
51405187
51405217
51405227
51405239
51405259
51405269
51405271
51405337
51405353
51405373
51405401
51405407
51405413
51405463
51405479
51405499
51405503
51405509
51405517
51405521
51405527
51405539
51405577
51405587
51405589
51405619
51405623
51405647
51405701
51405709
51405721
51405749
51405751
51405779
51405787
51405791
51405857
51405863
51405881
51405883
51405899
51405929
51405947
51405973
51405997
51406007
51406013
51406021
51406037
51406111
51406151
51406177
51406189
51406207
51406211
51406213
51406279
51406301
51406307
51406309
51406319
51406337
51406349
51406363
51406367
51406379
51406393
51406409
51406417
51406429
51406501
51406519
51406547
51406567
51406583
51406601
51406637
51406651
51406669
51406681
51406697
51406699
51406703
51406709
51406717
51406721
51406741
51406781
51406783
51406811
51406813
51406841
51406853
51406867
51406871
51406891
51406903
51406919
51406931
51406961
51407003
51407011
51407017
51407033
51407039
51407063
51407087
51407089
51407107
51407131
51407137
51407149
51407183
51407243
51407249
51407263
51407267
51407273
51407281
51407309
51407311
51407327
51407329
51407333
51407341
51407359
51407383
51407417
51407431
51407449
51407501
51407513
51407527
51407537
51407539
51407581
51407611
51407617
51407623
51407639
51407647
51407659
51407663
51407669
51407753
51407761
51407767
51407773
51407789
51407803
51407819
51407843
51407857
51407861
51407879
51407903
51407929
51407947
51407957
51407969
51407971
51407999
51408001
51408011
51408023
51408037
51408041
51408061
51408067
51408079
51408103
51408113
51408121
51408127
51408139
51408143
51408169
51408179
51408193
51408209
51408211
51408233
51408241
51408277
51408337
51408341
51408359
51408377
51408389
51408431
51408499
51408517
51408523
51408541
51408563
51408583
51408587
51408589
51408649
51408653
51408659
51408667
51408671
51408689
51408713
51408719
51408751
51408767
51408817
51408823
51408827
51408829
51408871
51408893
51408919
51408937
51408953
51408961
51408977
51408983
51408989
51408991
51408997
51409019
51409069
51409081
51409093
51409097
51409103
51409133
51409177
51409213
51409223
51409271
51409273
51409291
51409313
51409333
51409339
51409361
51409363
51409409
51409433
51409441
51409451
51409469
51409481
51409483
51409499
51409507
51409511
51409543
51409549
51409571
51409583
51409597
51409601
51409621
51409627
51409643
51409691
51409697
51409723
51409733
51409759
51409769
51409783
51409829
51409843
51409847
51409849
51409867
51409889
51409907
51409933
51409993
51409999
51410003
51410017
51410077
51410087
51410113
51410137
51410147
51410167
51410171
51410173
51410189
51410263
51410273
51410297
51410311
51410321
51410347
51410357
51410383
51410407
51410453
51410459
51410503
51410509
51410521
51410531
51410539
51410549
51410581
51410587
51410609
51410627
51410633
51410647
51410651
51410677
51410683
51410693
51410731
51410747
51410791
51410833
51410837
51410867
51410869
51410899
51410921
51410959
51410969
51410993
51410999
51411023
51411037
51411047
51411071
51411083
51411097
51411119
51411209
51411211
51411223
51411263
51411289
51411293
51411301
51411307
51411337
51411379
51411391
51411401
51411413
51411419
51411427
51411439
51411443
51411449
51411517
51411527
51411551
51411557
51411559
51411583
51411589
51411599
51411623
51411653
51411673
51411677
51411707
51411743
51411769
51411781
51411793
51411797
51411799
51411817
51411821
51411823
51411863
51411869
51411889
51411901
51411917
51411931
51411973
51411989
51412019
51412021
51412033
51412051
51412091
51412111
51412117
51412147
51412171
51412177
51412183
51412189
51412217
51412241
51412259
51412261
51412297
51412373
51412381
51412393
51412397
51412411
51412421
51412433
51412451
51412457
51412481
51412519
51412523
51412547
51412577
51412579
51412583
51412589
51412637
51412639
51412643
51412657
51412661
51412693
51412717
51412723
51412763
51412799
51412819
51412847
51412861
51412871
51412883
51412891
51412901
51412927
51412931
51412961
51412997
51413009
51413023
51413039
51413041
51413051
51413071
51413093
51413111
51413113
51413123
51413129
51413137
51413149
51413161
51413191
51413207
51413227
51413269
51413273
51413281
51413309
51413311
51413333
51413363
51413381
51413419
51413429
51413473
51413489
51413503
51413519
51413539
51413543
51413561
51413567
51413573
51413611
51413617
51413641
51413653
51413689
51413699
51413707
51413711
51413743
51413749
51413759
51413801
51413807
51413833
51413837
51413851
51413861
51413863
51413881
51413891
51413893
51413927
51413951
51414007
51414017
51414023
51414029
51414059
51414067
51414073
51414109
51414113
51414161
51414169
51414199
51414229
51414241
51414281
51414301
51414313
51414347
51414359
51414367
51414371
51414373
51414379
51414383
51414401
51414403
51414427
51414431
51414449
51414469
51414481
51414491
51414509
51414577
51414619
51414631
51414653
51414667
51414673
51414691
51414733
51414751
51414763
51414773
51414787
51414809
51414841
51414871
51414877
51414889
51414899
51414911
51414977
51414991
51414997
51415027
51415043
51415087
51415093
51415129
51415139
51415153
51415183
51415187
51415193
51415201
51415207
51415213
51415219
51415249
51415291
51415307
51415369
51415379
51415447
51415451
51415457
51415477
51415489
51415493
51415513
51415523
51415543
51415547
51415561
51415583
51415589
51415591
51415597
51415601
51415631
51415657
51415669
51415673
51415703
51415709
51415739
51415751
51415757
51415759
51415801
51415841
51415873
51415891
51415901
51415907
51415913
51415921
51415937
51415951
51415967
51415981
51415993
51416023
51416069
51416083
51416129
51416137
51416161
51416179
51416203
51416219
51416249
51416257
51416263
51416291
51416297
51416303
51416327
51416329
51416341
51416353
51416423
51416429
51416447
51416459
51416471
51416503
51416513
51416531
51416549
51416581
51416587
51416593
51416611
51416633
51416639
51416647
51416663
51416669
51416689
51416699
51416711
51416723
51416741
51416801
51416819
51416843
51416867
51416881
51416899
51416903
51416927
51416933
51416947
51417043
51417053
51417077
51417103
51417133
51417137
51417187
51417193
51417217
51417221
51417241
51417253
51417257
51417263
51417271
51417307
51417337
51417349
51417361
51417409
51417413
51417433
51417461
51417481
51417491
51417511
51417517
51417521
51417529
51417547
51417557
51417559
51417593
51417617
51417659
51417689
51417697
51417701
51417713
51417727
51417749
51417757
51417763
51417799
51417823
51417833
51417853
51417889
51417913
51417923
51417931
51417943
51417967
51417983
51418007
51418021
51418027
51418033
51418043
51418063
51418069
51418079
51418091
51418093
51418097
51418099
51418111
51418117
51418121
51418127
51418139
51418151
51418163
51418193
51418219
51418229
51418231
51418267
51418273
51418331
51418337
51418349
51418397
51418399
51418453
51418511
51418531
51418561
51418573
51418597
51418607
51418613
51418643
51418663
51418667
51418691
51418709
51418723
51418747
51418751
51418793
51418817
51418831
51418837
51418849
51418877
51418889
51418891
51418903
51418933
51418951
51418963
51418979
51419029
51419041
51419113
51419131
51419141
51419153
51419189
51419209
51419257
51419281
51419287
51419293
51419299
51419311
51419323
51419341
51419399
51419419
51419437
51419461
51419471
51419477
51419497
51419507
51419531
51419539
51419569
51419587
51419591
51419597
51419629
51419647
51419657
51419659
51419663
51419671
51419717
51419729
51419761
51419773
51419777
51419783
51419803
51419821
51419827
51419831
51419861
51419869
51419891
51419897
51419903
51419933
51419971
51419981
51419993
51419999
51420007
51420013
51420029
51420037
51420079
51420097
51420107
51420119
51420139
51420151
51420167
51420179
51420199
51420233
51420247
51420287
51420293
51420301
51420307
51420319
51420331
51420337
51420361
51420367
51420371
51420407
51420419
51420443
51420449
51420463
51420493
51420503
51420511
51420527
51420533
51420539
51420541
51420553
51420559
51420581
51420619
51420637
51420659
51420667
51420671
51420673
51420701
51420703
51420727
51420751
51420769
51420779
51420823
51420851
51420871
51420877
51420881
51420899
51420913
51420923
51420979
51420983
51420997
51421001
51421043
51421057
51421061
51421063
51421081
51421091
51421103
51421133
51421159
51421171
51421177
51421189
51421193
51421213
51421217
51421229
51421259
51421283
51421303
51421313
51421319
51421351
51421367
51421369
51421417
51421427
51421439
51421457
51421459
51421463
51421483
51421493
51421499
51421511
51421519
51421523
51421547
51421577
51421589
51421603
51421609
51421613
51421631
51421633
51421637
51421639
51421649
51421687
51421703
51421723
51421729
51421751
51421757
51421789
51421817
51421861
51421871
51421873
51421891
51421907
51421927
51421933
51421943
51421967
51421973
51422011
51422047
51422117
51422131
51422141
51422143
51422171
51422201
51422209
51422233
51422251
51422257
51422311
51422321
51422333
51422351
51422363
51422369
51422377
51422407
51422419
51422431
51422447
51422471
51422477
51422479
51422491
51422533
51422543
51422551
51422611
51422617
51422629
51422659
51422677
51422699
51422717
51422737
51422741
51422753
51422783
51422803
51422843
51422851
51422857
51422863
51422869
51422881
51422947
51422981
51422989
51422999
51423049
51423067
51423109
51423157
51423179
51423209
51423247
51423259
51423263
51423277
51423301
51423319
51423341
51423343
51423347
51423349
51423373
51423413
51423431
51423433
51423439
51423457
51423461
51423473
51423517
51423523
51423527
51423569
51423587
51423611
51423629
51423643
51423649
51423661
51423703
51423719
51423721
51423733
51423763
51423769
51423787
51423803
51423811
51423851
51423859
51423893
51423913
51423941
51423943
51423949
51423959
51423961
51423973
51424007
51424019
51424027
51424033
51424039
51424123
51424141
51424171
51424189
51424199
51424211
51424229
51424249
51424277
51424313
51424327
51424333
51424349
51424357
51424361
51424369
51424397
51424411
51424421
51424427
51424523
51424531
51424543
51424553
51424591
51424613
51424651
51424669
51424673
51424693
51424727
51424733
51424739
51424741
51424771
51424781
51424819
51424829
51424837
51424843
51424871
51424873
51424889
51424897
51424903
51424907
51424937
51424943
51424957
51424969
51424973
51424981
51424991
51424993
51425009
51425041
51425071
51425083
51425093
51425107
51425147
51425159
51425161
51425203
51425237
51425239
51425243
51425273
51425293
51425299
51425321
51425333
51425347
51425351
51425383
51425417
51425431
51425441
51425453
51425477
51425489
51425551
51425557
51425579
51425581
51425611
51425641
51425657
51425659
51425669
51425681
51425687
51425701
51425707
51425719
51425743
51425749
51425771
51425791
51425809
51425831
51425851
51425909
51425923
51425929
51425987
51426017
51426031
51426043
51426047
51426073
51426079
51426083
51426113
51426121
51426127
51426143
51426157
51426161
51426181
51426191
51426203
51426209
51426211
51426239
51426269
51426281
51426289
51426311
51426317
51426359
51426379
51426421
51426437
51426443
51426457
51426469
51426503
51426511
51426533
51426553
51426563
51426569
51426577
51426611
51426631
51426659
51426671
51426679
51426691
51426719
51426731
51426761
51426779
51426797
51426811
51426829
51426841
51426847
51426871
51426899
51426911
51426913
51426931
51426943
51426953
51426979
51427001
51427007
51427009
51427021
51427037
51427093
51427099
51427133
51427147
51427153
51427163
51427177
51427199
51427213
51427247
51427249
51427267
51427273
51427289
51427301
51427307
51427339
51427367
51427393
51427417
51427421
51427451
51427459
51427477
51427513
51427529
51427549
51427553
51427559
51427573
51427583
51427589
51427603
51427627
51427633
51427639
51427679
51427681
51427693
51427709
51427723
51427741
51427757
51427799
51427811
51427837
51427867
51427877
51427897
51427903
51427919
51427921
51427939
51427949
51427951
51427979
51427997
51428017
51428029
51428051
51428057
51428059
51428081
51428093
51428099
51428123
51428141
51428147
51428149
51428173
51428189
51428197
51428233
51428249
51428297
51428317
51428327
51428341
51428347
51428359
51428369
51428371
51428381
51428389
51428401
51428407
51428423
51428441
51428449
51428477
51428491
51428501
51428539
51428581
51428593
51428609
51428627
51428633
51428681
51428693
51428743
51428753
51428771
51428789
51428807
51428809
51428833
51428837
51428843
51428863
51428879
51428911
51428959
51428981
51428983
51429043
51429089
51429101
51429107
51429113
51429121
51429167
51429187
51429193
51429197
51429221
51429251
51429253
51429269
51429277
51429281
51429299
51429331
51429349
51429359
51429379
51429397
51429407
51429431
51429439
51429491
51429509
51429517
51429529
51429551
51429559
51429563
51429569
51429571
51429601
51429611
51429617
51429619
51429643
51429647
51429661
51429671
51429727
51429737
51429761
51429767
51429779
51429799
51429809
51429839
51429877
51429901
51429919
51429943
51429953
51429967
51429977
51429991
51430003
51430007
51430013
51430019
51430039
51430081
51430091
51430097
51430121
51430129
51430189
51430201
51430213
51430237
51430261
51430289
51430307
51430319
51430349
51430363
51430367
51430373
51430387
51430391
51430399
51430403
51430409
51430411
51430453
51430487
51430499
51430517
51430529
51430567
51430579
51430591
51430597
51430633
51430637
51430657
51430667
51430693
51430781
51430787
51430801
51430807
51430811
51430837
51430843
51430849
51430859
51430861
51430871
51430877
51430879
51430889
51430903
51430913
51430919
51430943
51430961
51430963
51431011
51431021
51431027
51431047
51431089
51431099
51431131
51431153
51431161
51431167
51431183
51431189
51431213
51431249
51431257
51431279
51431293
51431327
51431329
51431363
51431377
51431383
51431389
51431399
51431407
51431441
51431453
51431459
51431467
51431503
51431509
51431521
51431563
51431629
51431663
51431687
51431701
51431707
51431713
51431719
51431789
51431791
51431833
51431839
51431843
51431869
51431873
51431881
51431911
51431983
51432001
51432013
51432023
51432047
51432061
51432067
51432103
51432113
51432133
51432181
51432203
51432217
51432229
51432233
51432263
51432281
51432319
51432323
51432371
51432383
51432391
51432431
51432443
51432461
51432467
51432499
51432509
51432547
51432551
51432559
51432569
51432581
51432629
51432637
51432643
51432659
51432673
51432683
51432691
51432697
51432707
51432739
51432757
51432847
51432877
51432883
51432907
51432911
51432917
51432961
51432971
51433001
51433003
51433009
51433033
51433051
51433079
51433091
51433093
51433127
51433157
51433169
51433231
51433237
51433303
51433307
51433321
51433331
51433337
51433339
51433363
51433379
51433423
51433429
51433439
51433457
51433471
51433477
51433489
51433541
51433549
51433601
51433609
51433621
51433631
51433643
51433693
51433699
51433709
51433747
51433751
51433769
51433777
51433787
51433799
51433801
51433813
51433831
51433841
51433847
51433861
51433873
51433883
51433909
51433913
51433981
51433999
51434057
51434059
51434069
51434077
51434093
51434171
51434179
51434189
51434203
51434209
51434237
51434261
51434263
51434287
51434303
51434423
51434437
51434441
51434443
51434479
51434491
51434597
51434599
51434629
51434633
51434641
51434659
51434671
51434687
51434689
51434723
51434753
51434783
51434807
51434819
51434821
51434827
51434849
51434861
51434897
51434899
51434909
51434941
51434989
51435011
51435023
51435053
51435073
51435077
51435089
51435091
51435101
51435119
51435121
51435151
51435161
51435179
51435191
51435193
51435203
51435211
51435233
51435253
51435257
51435269
51435283
51435287
51435301
51435367
51435379
51435389
51435403
51435427
51435457
51435467
51435491
51435497
51435509
51435569
51435577
51435667
51435677
51435721
51435733
51435743
51435757
51435779
51435781
51435799
51435817
51435827
51435877
51435887
51435911
51435941
51435949
51435953
51435991
51435997
51436003
51436009
51436043
51436057
51436069
51436079
51436081
51436123
51436153
51436201
51436241
51436261
51436289
51436309
51436321
51436331
51436387
51436403
51436417
51436433
51436493
51436507
51436519
51436523
51436537
51436559
51436597
51436607
51436621
51436631
51436661
51436681
51436687
51436709
51436727
51436739
51436789
51436793
51436799
51436813
51436823
51436829
51436831
51436841
51436867
51436907
51436909
51436937
51436939
51436943
51436999
51437003
51437011
51437017
51437021
51437027
51437051
51437059
51437077
51437107
51437117
51437119
51437149
51437167
51437171
51437207
51437219
51437251
51437263
51437297
51437303
51437311
51437383
51437459
51437497
51437509
51437521
51437537
51437539
51437549
51437569
51437623
51437627
51437663
51437671
51437689
51437707
51437741
51437831
51437857
51437861
51437873
51437887
51437899
51437957
51437963
51437989
51437993
51438001
51438007
51438011
51438031
51438041
51438043
51438047
51438053
51438061
51438077
51438109
51438119
51438131
51438133
51438137
51438139
51438161
51438181
51438197
51438203
51438229
51438271
51438287
51438319
51438347
51438349
51438367
51438389
51438397
51438403
51438407
51438451
51438469
51438487
51438493
51438521
51438533
51438551
51438587
51438589
51438601
51438613
51438661
51438671
51438689
51438697
51438701
51438713
51438743
51438749
51438763
51438767
51438773
51438791
51438811
51438817
51438847
51438857
51438883
51438899
51438911
51438931
51438941
51438943
51438949
51438983
51439007
51439019
51439021
51439027
51439039
51439067
51439079
51439081
51439111
51439147
51439189
51439217
51439249
51439259
51439277
51439279
51439303
51439337
51439351
51439363
51439393
51439411
51439439
51439469
51439471
51439489
51439511
51439529
51439537
51439541
51439561
51439589
51439601
51439613
51439651
51439673
51439693
51439721
51439723
51439769
51439771
51439781
51439793
51439849
51439867
51439877
51439889
51439919
51439931
51439979
51439991
51440003
51440009
51440021
51440023
51440047
51440071
51440099
51440111
51440149
51440159
51440161
51440173
51440189
51440197
51440203
51440237
51440251
51440273
51440293
51440299
51440303
51440327
51440359
51440371
51440383
51440387
51440393
51440437
51440447
51440449
51440531
51440537
51440539
51440551
51440561
51440567
51440591
51440617
51440647
51440659
51440663
51440671
51440677
51440699
51440713
51440729
51440731
51440737
51440777
51440783
51440801
51440911
51440927
51440933
51440941
51440947
51440953
51441001
51441023
51441073
51441079
51441083
51441109
51441119
51441127
51441163
51441191
51441197
51441233
51441241
51441253
51441263
51441283
51441293
51441311
51441319
51441343
51441353
51441413
51441419
51441463
51441487
51441497
51441503
51441527
51441529
51441539
51441571
51441587
51441601
51441613
51441619
51441661
51441671
51441673
51441707
51441739
51441743
51441751
51441763
51441769
51441773
51441791
51441799
51441811
51441833
51441851
51441857
51441899
51441917
51441919
51441967
51441979
51442009
51442043
51442057
51442073
51442081
51442087
51442091
51442109
51442129
51442133
51442163
51442169
51442207
51442219
51442243
51442271
51442327
51442333
51442343
51442381
51442387
51442427
51442429
51442451
51442453
51442499
51442507
51442511
51442579
51442583
51442597
51442613
51442619
51442621
51442627
51442639
51442661
51442669
51442681
51442717
51442739
51442759
51442763
51442771
51442813
51442829
51442843
51442871
51442907
51442931
51442943
51442991
51442997
51443009
51443011
51443023
51443033
51443057
51443059
51443083
51443101
51443123
51443143
51443153
51443213
51443243
51443251
51443257
51443311
51443323
51443369
51443417
51443423
51443429
51443473
51443489
51443503
51443533
51443551
51443597
51443599
51443603
51443627
51443629
51443633
51443669
51443671
51443681
51443701
51443713
51443723
51443747
51443753
51443759
51443779
51443783
51443789
51443879
51443891
51443927
51443969
51443983
51444037
51444067
51444073
51444103
51444109
51444119
51444137
51444143
51444157
51444199
51444223
51444269
51444377
51444389
51444413
51444427
51444443
51444509
51444527
51444559
51444587
51444599
51444607
51444611
51444619
51444671
51444697
51444749
51444751
51444773
51444781
51444787
51444797
51444817
51444829
51444847
51444857
51444863
51444871
51444881
51444889
51444893
51444923
51444929
51444949
51444961
51444973
51445019
51445039
51445049
51445063
51445067
51445091
51445117
51445129
51445153
51445193
51445223
51445231
51445297
51445301
51445321
51445327
51445343
51445357
51445421
51445423
51445439
51445477
51445487
51445517
51445531
51445561
51445567
51445573
51445579
51445591
51445601
51445633
51445637
51445643
51445661
51445703
51445717
51445727
51445729
51445747
