54263821
54263851
54263861
54263879
54263887
54263899
54263921
54263933
54263939
54263971
54263977
54264013
54264053
54264059
54264079
54264109
54264121
54264131
54264137
54264139
54264149
54264157
54264173
54264239
54264251
54264257
54264263
54264277
54264281
54264293
54264299
54264313
54264359
54264373
54264407
54264449
54264499
54264503
54264517
54264541
54264559
54264569
54264571
54264583
54264619
54264631
54264671
54264673
54264677
54264701
54264709
54264761
54264781
54264809
54264823
54264869
54264883
54264919
54264923
54264937
54264971
54264983
54264997
54265063
54265069
54265117
54265153
54265171
54265187
54265217
54265219
54265261
54265271
54265279
54265291
54265313
54265319
54265327
54265361
54265391
54265399
54265403
54265439
54265451
54265459
54265517
54265529
54265543
54265559
54265597
54265619
54265621
54265657
54265669
54265697
54265709
54265723
54265727
54265747
54265753
54265789
54265793
54265801
54265823
54265847
54265879
54265891
54265943
54265961
54265973
54265979
54265997
54265999
54266021
54266053
54266063
54266077
54266101
54266119
54266137
54266141
54266143
54266167
54266183
54266203
54266207
54266209
54266231
54266249
54266257
54266263
54266281
54266287
54266291
54266293
54266297
54266323
54266339
54266351
54266353
54266417
54266423
54266437
54266447
54266501
54266503
54266539
54266543
54266549
54266551
54266557
54266561
54266581
54266587
54266609
54266617
54266633
54266671
54266687
54266689
54266699
54266711
54266713
54266761
54266767
54266789
54266803
54266809
54266819
54266837
54266857
54266899
54266921
54266923
54266951
54266969
54266981
54267011
54267013
54267023
54267041
54267089
54267107
54267113
54267131
54267133
54267137
54267163
54267181
54267193
54267203
54267221
54267223
54267259
54267263
54267277
54267289
54267293
54267299
54267307
54267319
54267337
54267341
54267361
54267377
54267403
54267413
54267443
54267449
54267463
54267467
54267527
54267529
54267533
54267539
54267571
54267581
54267583
54267589
54267593
54267599
54267607
54267611
54267637
54267659
54267679
54267691
54267709
54267727
54267761
54267769
54267793
54267809
54267817
54267821
54267827
54267841
54267853
54267877
54267907
54267959
54268003
54268013
54268031
54268037
54268043
54268061
54268087
54268091
54268099
54268111
54268117
54268129
54268147
54268169
54268171
54268177
54268183
54268213
54268217
54268231
54268271
54268337
54268387
54268391
54268397
54268421
54268433
54268439
54268447
54268457
54268517
54268547
54268549
54268553
54268559
54268561
54268583
54268601
54268619
54268633
54268667
54268681
54268699
54268723
54268733
54268759
54268771
54268783
54268859
54268909
54268919
54268927
54268931
54268933
54268957
54268993
54268999
54269011
54269023
54269027
54269051
54269093
54269113
54269119
54269123
54269147
54269153
54269177
54269209
54269221
54269231
54269233
54269273
54269279
54269291
54269323
54269329
54269387
54269407
54269429
54269431
54269461
54269471
54269473
54269497
54269519
54269543
54269549
54269573
54269591
54269597
54269599
54269641
54269659
54269669
54269689
54269693
54269711
54269717
54269723
54269731
54269737
54269749
54269777
54269783
54269791
54269807
54269837
54269869
54269881
54269921
54269939
54269953
54269959
54269977
54269981
54269983
54269987
54269993
54270017
54270031
54270037
54270043
54270071
54270109
54270149
54270169
54270173
54270193
54270197
54270217
54270233
54270241
54270247
54270259
54270269
54270277
54270283
54270301
54270311
54270323
54270329
54270353
54270407
54270421
54270439
54270451
54270523
54270533
54270577
54270581
54270583
54270599
54270607
54270611
54270617
54270653
54270659
54270679
54270691
54270751
54270779
54270787
54270829
54270877
54270883
54270893
54270899
54270929
54270943
54270959
54270989
54271001
54271027
54271033
54271057
54271067
54271103
54271109
54271141
54271181
54271199
54271207
54271213
54271241
54271271
54271303
54271319
54271337
54271379
54271381
54271409
54271433
54271439
54271453
54271457
54271501
54271507
54271519
54271537
54271549
54271561
54271571
54271573
54271579
54271589
54271621
54271687
54271691
54271709
54271717
54271729
54271747
54271783
54271801
54271843
54271853
54271897
54271901
54271907
54271913
54272011
54272017
54272033
54272051
54272093
54272107
54272117
54272129
54272167
54272173
54272201
54272221
54272261
54272287
54272291
54272293
54272363
54272399
54272401
54272423
54272429
54272443
54272453
54272461
54272473
54272497
54272503
54272509
54272513
54272521
54272539
54272573
54272587
54272591
54272593
54272609
54272623
54272627
54272677
54272681
54272693
54272707
54272711
54272753
54272767
54272773
54272791
54272809
54272819
54272831
54272843
54272851
54272917
54272929
54272957
54272963
54272983
54273013
54273019
54273029
54273049
54273067
54273083
54273127
54273133
54273137
54273151
54273161
54273199
54273221
54273227
54273251
54273257
54273287
54273293
54273313
54273361
54273371
54273377
54273379
54273403
54273407
54273409
54273419
54273421
54273437
54273449
54273493
54273511
54273563
54273581
54273589
54273599
54273601
54273613
54273619
54273623
54273641
54273647
54273649
54273683
54273727
54273743
54273757
54273799
54273811
54273827
54273829
54273833
54273841
54273853
54273883
54273889
54273929
54273943
54273971
54274039
54274061
54274063
54274093
54274139
54274151
54274163
54274169
54274189
54274219
54274229
54274289
54274291
54274333
54274349
54274361
54274373
54274403
54274463
54274477
54274481
54274531
54274579
54274651
54274657
54274669
54274699
54274711
54274721
54274723
54274739
54274777
54274783
54274789
54274793
54274799
54274807
54274813
54274823
54274873
54274877
54274919
54274937
54274973
54274993
54275051
54275071
54275087
54275099
54275107
54275113
54275171
54275173
54275201
54275213
54275231
54275261
54275303
54275329
54275341
54275357
54275359
54275363
54275383
54275413
54275437
54275461
54275471
54275479
54275483
54275491
54275497
54275549
54275563
54275567
54275581
54275587
54275593
54275597
54275621
54275623
54275651
54275659
54275687
54275743
54275773
54275779
54275801
54275803
54275807
54275831
54275833
54275867
54275873
54275891
54275911
54275957
54275959
54275971
54275983
54276007
54276017
54276029
54276037
54276041
54276043
54276049
54276073
54276083
54276091
54276109
54276127
54276137
54276149
54276161
54276181
54276227
54276241
54276247
54276281
54276307
54276311
54276323
54276329
54276347
54276353
54276361
54276367
54276377
54276403
54276413
54276421
54276433
54276437
54276457
54276473
54276511
54276517
54276533
54276539
54276557
54276569
54276623
54276647
54276667
54276671
54276683
54276689
54276701
54276709
54276721
54276769
54276773
54276791
54276809
54276821
54276839
54276857
54276889
54276899
54276947
54276949
54276953
54276961
54276973
54276997
54277019
54277031
54277037
54277061
54277087
54277147
54277159
54277213
54277229
54277231
54277253
54277271
54277283
54277331
54277343
54277367
54277411
54277423
54277453
54277469
54277499
54277511
54277519
54277523
54277607
54277609
54277649
54277669
54277681
54277687
54277697
54277721
54277733
54277747
54277759
54277771
54277781
54277823
54277829
54277831
54277871
54277877
54277901
54277913
54277919
54277939
54277943
54277961
54277987
54278017
54278023
54278027
54278039
54278047
54278051
54278069
54278071
54278089
54278101
54278131
54278141
54278177
54278209
54278221
54278239
54278243
54278317
54278351
54278369
54278437
54278443
54278449
54278453
54278473
54278503
54278531
54278537
54278557
54278563
54278579
54278591
54278641
54278647
54278659
54278663
54278669
54278681
54278699
54278717
54278747
54278779
54278789
54278797
54278821
54278831
54278849
54278881
54278891
54278899
54278921
54278927
54278947
54278951
54278971
54278993
54278999
54279007
54279023
54279059
54279091
54279101
54279107
54279119
54279133
54279151
54279167
54279191
54279193
54279209
54279217
54279227
54279229
54279289
54279299
54279307
54279331
54279347
54279377
54279389
54279413
54279431
54279497
54279527
54279541
54279553
54279601
54279611
54279649
54279679
54279739
54279769
54279779
54279817
54279821
54279833
54279857
54279887
54279937
54279947
54279949
54279959
54279991
54280019
54280033
54280063
54280067
54280097
54280103
54280129
54280151
54280157
54280211
54280217
54280223
54280229
54280231
54280241
54280267
54280273
54280297
54280309
54280313
54280333
54280357
54280361
54280367
54280381
54280393
54280399
54280403
54280417
54280493
54280543
54280553
54280561
54280631
54280637
54280651
54280661
54280669
54280673
54280687
54280693
54280697
54280717
54280727
54280741
54280753
54280757
54280771
54280799
54280819
54280823
54280841
54280859
54280867
54280883
54280903
54280913
54280931
54280937
54280951
54280987
54281047
54281077
54281083
54281107
54281131
54281141
54281167
54281203
54281209
54281231
54281251
54281261
54281263
54281273
54281299
54281303
54281317
54281327
54281333
54281363
54281377
54281387
54281389
54281393
54281407
54281411
54281431
54281467
54281497
54281501
54281503
54281509
54281531
54281543
54281551
54281573
54281603
54281621
54281639
54281641
54281671
54281681
54281687
54281693
54281737
54281761
54281783
54281789
54281791
54281797
54281807
54281819
54281831
54281839
54281861
54281873
54281893
54281897
54281921
54281951
54281957
54281963
54281977
54281987
54281989
54281999
54282043
54282089
54282103
54282121
54282157
54282169
54282187
54282191
54282197
54282233
54282247
54282299
54282313
54282329
54282331
54282337
54282359
54282407
54282409
54282421
54282433
54282439
54282463
54282511
54282517
54282523
54282541
54282587
54282607
54282617
54282629
54282661
54282667
54282671
54282689
54282713
54282731
54282743
54282757
54282779
54282793
54282799
54282803
54282817
54282841
54282857
54282869
54282871
54282881
54282901
54282911
54282929
54282947
54282961
54283027
54283049
54283067
54283069
54283087
54283109
54283123
54283129
54283189
54283219
54283223
54283249
54283259
54283291
54283297
54283301
54283309
54283321
54283357
54283367
54283379
54283391
54283429
54283441
54283459
54283591
54283597
54283609
54283643
54283661
54283687
54283709
54283711
54283729
54283751
54283753
54283769
54283777
54283787
54283793
54283799
54283837
54283843
54283871
54283913
54283927
54283937
54283939
54283949
54283951
54283997
54284029
54284033
54284039
54284051
54284059
54284063
54284081
54284089
54284093
54284101
54284119
54284147
54284149
54284177
54284227
54284231
54284239
54284249
54284267
54284339
54284357
54284359
54284371
54284381
54284437
54284453
54284471
54284497
54284509
54284537
54284551
54284563
54284567
54284579
54284599
54284609
54284641
54284677
54284687
54284707
54284719
54284731
54284759
54284803
54284819
54284821
54284831
54284833
54284837
54284851
54284863
54284869
54284873
54284903
54284911
54284933
54284939
54284969
54284981
54285019
54285043
54285053
54285067
54285073
54285103
54285149
54285157
54285169
54285191
54285193
54285211
54285239
54285263
54285277
54285281
54285293
54285311
54285317
54285323
54285331
54285347
54285367
54285373
54285377
54285391
54285431
54285443
54285457
54285493
54285499
54285529
54285551
54285577
54285587
54285601
54285613
54285631
54285661
54285667
54285713
54285731
54285757
54285761
54285779
54285787
54285797
54285821
54285863
54285871
54285899
54285923
54285937
54285943
54285967
54285997
54286019
54286039
54286069
54286073
54286079
54286087
54286123
54286139
54286153
54286163
54286171
54286247
54286259
54286261
54286283
54286303
54286307
54286357
54286391
54286403
54286409
54286411
54286429
54286447
54286471
54286483
54286489
54286493
54286499
54286513
54286517
54286537
54286543
54286571
54286613
54286643
54286651
54286663
54286679
54286691
54286703
54286721
54286723
54286751
54286777
54286789
54286801
54286849
54286853
54286861
54286873
54286879
54286901
54286907
54286909
54286913
54286949
54286957
54286963
54286997
54287003
54287053
54287059
54287083
54287087
54287089
54287111
54287119
54287131
54287143
54287147
54287173
54287203
54287221
54287263
54287267
54287279
54287287
54287297
54287339
54287393
54287407
54287437
54287447
54287459
54287461
54287501
54287509
54287531
54287551
54287587
54287593
54287609
54287663
54287669
54287687
54287689
54287711
54287713
54287719
54287759
54287767
54287791
54287809
54287819
54287833
54287839
54287861
54287869
54287879
54287897
54287899
54287911
54287927
54287939
54287951
54287957
54287963
54287999
54288007
54288011
54288019
54288043
54288049
54288053
54288061
54288067
54288071
54288077
54288079
54288097
54288127
54288151
54288163
54288167
54288209
54288239
54288253
54288277
54288307
54288323
54288359
54288389
54288407
54288419
54288427
54288433
54288467
54288499
54288511
54288523
54288569
54288571
54288581
54288601
54288607
54288613
54288623
54288629
54288653
54288677
54288679
54288683
54288691
54288709
54288737
54288749
54288761
54288799
54288811
54288821
54288881
54288887
54288893
54288917
54288977
54288989
54289009
54289069
54289087
54289111
54289117
54289121
54289129
54289171
54289201
54289219
54289237
54289241
54289243
54289253
54289271
54289273
54289351
54289373
54289399
54289409
54289423
54289427
54289439
54289493
54289513
54289519
54289531
54289541
54289561
54289577
54289597
54289601
54289657
54289661
54289663
54289673
54289679
54289681
54289727
54289751
54289757
54289771
54289799
54289801
54289811
54289847
54289877
54289883
54289889
54289901
54289903
54289909
54289919
54289931
54289933
54289979
54289987
54289999
54290009
54290017
54290023
54290039
54290077
54290099
54290101
54290111
54290113
54290141
54290149
54290153
54290161
54290177
54290213
54290219
54290261
54290279
54290287
54290293
54290303
54290317
54290323
54290377
54290399
54290441
54290471
54290473
54290513
54290527
54290539
54290597
54290627
54290629
54290651
54290669
54290689
54290699
54290711
54290713
54290749
54290767
54290779
54290857
54290861
54290893
54290927
54290939
54290947
54291007
54291023
54291031
54291053
54291059
54291067
54291077
54291079
54291089
54291101
54291119
54291163
54291187
54291203
54291221
54291229
54291233
54291271
54291287
54291299
54291317
54291329
54291383
54291389
54291397
54291401
54291443
54291449
54291481
54291491
54291521
54291527
54291539
54291553
54291599
54291631
54291637
54291649
54291673
54291697
54291703
54291709
54291737
54291767
54291781
54291793
54291823
54291827
54291841
54291851
54291883
54291893
54291947
54291959
54292009
54292027
54292037
54292079
54292081
54292099
54292103
54292109
54292111
54292123
54292127
54292157
54292207
54292211
54292219
54292223
54292229
54292267
54292279
54292289
54292297
54292307
54292309
54292313
54292333
54292349
54292361
54292369
54292391
54292421
54292429
54292451
54292463
54292477
54292499
54292547
54292559
54292583
54292603
54292613
54292619
54292649
54292657
54292663
54292691
54292699
54292717
54292729
54292739
54292741
54292753
54292757
54292783
54292787
54292793
54292807
54292813
54292837
54292841
54292859
54292871
54292891
54292939
54292967
54292993
54292999
54293101
54293117
54293123
54293149
54293159
54293177
54293207
54293231
54293243
54293251
54293263
54293273
54293287
54293297
54293299
54293311
54293321
54293329
54293333
54293347
54293357
54293399
54293401
54293419
54293429
54293443
54293479
54293489
54293497
54293509
54293527
54293549
54293557
54293567
54293611
54293623
54293627
54293641
54293647
54293653
54293671
54293683
54293693
54293737
54293749
54293753
54293797
54293807
54293809
54293819
54293857
54293861
54293873
54293891
54293909
54293933
54293951
54293957
54294029
54294041
54294067
54294089
54294091
54294109
54294137
54294161
54294173
54294179
54294217
54294221
54294223
54294241
54294257
54294263
54294269
54294307
54294319
54294371
54294377
54294397
54294431
54294437
54294473
54294491
54294517
54294529
54294551
54294587
54294593
54294599
54294601
54294629
54294637
54294661
54294679
54294703
54294727
54294749
54294769
54294781
54294791
54294797
54294841
54294847
54294869
54294871
54294887
54294893
54294959
54294967
54294979
54295001
54295009
54295037
54295039
54295051
54295057
54295079
54295091
54295097
54295139
54295147
54295183
54295187
54295211
54295223
54295231
54295237
54295247
54295253
54295261
54295289
54295309
54295327
54295343
54295349
54295361
54295403
54295411
54295427
54295441
54295447
54295457
54295469
54295471
54295487
54295489
54295583
54295589
54295643
54295649
54295651
54295679
54295693
54295697
54295723
54295733
54295751
54295771
54295777
54295793
54295811
54295853
54295889
54295897
54295921
54295933
54295957
54295961
54295981
54295987
54295993
54295999
54296003
54296017
54296023
54296029
54296059
54296071
54296089
54296093
54296101
54296153
54296189
54296191
54296201
54296213
54296219
54296227
54296257
54296269
54296273
54296299
54296303
54296309
54296321
54296369
54296393
54296443
54296447
54296467
54296477
54296479
54296503
54296513
54296519
54296533
54296551
54296563
54296581
54296591
54296633
54296651
54296653
54296681
54296713
54296719
54296741
54296789
54296807
54296819
54296821
54296863
54296873
54296881
54296897
54296939
54296947
54296959
54296969
54296971
54296993
54296999
54297029
54297053
54297083
54297107
54297109
54297127
54297143
54297149
54297197
54297203
54297301
54297311
54297329
54297391
54297413
54297427
54297437
54297443
54297469
54297487
54297511
54297533
54297547
54297589
54297631
54297667
54297679
54297689
54297703
54297721
54297751
54297781
54297799
54297809
54297821
54297829
54297857
54297883
54297913
54297937
54297941
54297967
54297973
54298001
54298007
54298021
54298033
54298037
54298091
54298093
54298109
54298141
54298151
54298157
54298159
54298163
54298177
54298183
54298253
54298261
54298273
54298297
54298303
54298337
54298367
54298393
54298399
54298403
54298417
54298429
54298463
54298481
54298511
54298513
54298537
54298549
54298567
54298589
54298591
54298597
54298603
54298661
54298667
54298669
54298679
54298687
54298691
54298709
54298747
54298753
54298793
54298807
54298823
54298831
54298841
54298843
54298847
54298859
54298861
54298891
54298897
54298931
54298957
54298973
54298997
54299029
54299051
54299087
54299111
54299117
54299123
54299137
54299143
54299171
54299177
54299209
54299227
54299237
54299263
54299269
54299303
54299341
54299351
54299381
54299393
54299407
54299417
54299419
54299423
54299431
54299459
54299477
54299521
54299537
54299543
54299561
54299579
54299591
54299627
54299653
54299689
54299723
54299741
54299747
54299753
54299759
54299771
54299779
54299783
54299801
54299851
54299873
54299909
54299911
54299969
54299981
54300007
54300017
54300047
54300061
54300073
54300109
54300131
54300137
54300149
54300163
54300167
54300173
54300199
54300269
54300287
54300293
54300299
54300307
54300317
54300341
54300373
54300391
54300439
54300457
54300481
54300487
54300511
54300527
54300559
54300563
54300569
54300577
54300581
54300593
54300599
54300607
54300611
54300637
54300643
54300661
54300667
54300691
54300733
54300739
54300749
54300761
54300781
54300791
54300817
54300833
54300859
54300863
54300901
54300913
54300923
54300929
54300937
54300943
54300949
54300971
54300973
54301019
54301073
54301081
54301087
54301099
54301151
54301153
54301157
54301187
54301193
54301201
54301207
54301211
54301223
54301241
54301249
54301271
54301301
54301307
54301319
54301327
54301363
54301381
54301391
54301393
54301409
54301447
54301469
54301501
54301523
54301549
54301571
54301573
54301579
54301661
54301669
54301673
54301699
54301721
54301763
54301769
54301777
54301789
54301799
54301817
54301823
54301847
54301883
54301921
54301931
54301937
54301963
54301969
54301979
54302009
54302023
54302069
54302071
54302099
54302113
54302147
54302177
54302189
54302201
54302203
54302219
54302299
54302357
54302387
54302389
54302401
54302411
54302419
54302429
54302431
54302441
54302447
54302449
54302461
54302537
54302543
54302561
54302617
54302621
54302623
54302639
54302653
54302657
54302659
54302663
54302707
54302711
54302767
54302849
54302861
54302863
54302869
54302873
54302881
54302887
54302903
54302909
54302929
54302957
54302959
54302971
54303043
54303047
54303061
54303079
54303089
54303091
54303113
54303149
54303157
54303163
54303173
54303181
54303191
54303209
54303239
54303241
54303373
54303397
54303419
54303421
54303449
54303461
54303479
54303493
54303503
54303511
54303517
54303521
54303533
54303551
54303553
54303563
54303581
54303589
54303611
54303629
54303637
54303643
54303673
54303703
54303709
54303719
54303737
54303773
54303779
54303811
54303817
54303833
54303839
54303841
54303859
54303871
54303877
54303917
54303929
54303947
54303983
54304007
54304027
54304031
54304039
54304067
54304073
54304079
54304087
54304097
54304099
54304121
54304139
54304183
54304193
54304231
54304241
54304267
54304301
54304303
54304321
54304339
54304387
54304423
54304433
54304441
54304469
54304531
54304553
54304661
54304667
54304669
54304703
54304727
54304729
54304753
54304759
54304763
54304813
54304867
54304891
54304897
54304931
54304967
54304981
54304993
54304997
54305003
54305051
54305071
54305099
54305101
54305107
54305113
54305129
54305179
54305213
54305221
54305267
54305269
54305297
54305299
54305387
54305399
54305417
54305423
54305441
54305453
54305467
54305479
54305483
54305491
54305501
54305533
54305551
54305597
54305609
54305623
54305659
54305687
54305723
54305729
54305731
54305807
54305833
54305869
54305897
54305903
54305957
54305959
54305981
54306023
54306037
54306061
54306107
54306139
54306149
54306167
54306169
54306193
54306209
54306223
54306251
54306253
54306277
54306281
54306293
54306311
54306337
54306349
54306353
54306359
54306367
54306383
54306403
54306407
54306419
54306433
54306481
54306487
54306493
54306523
54306529
54306583
54306599
54306601
54306641
54306661
54306683
54306689
54306691
54306701
54306709
54306739
54306767
54306797
54306803
54306827
54306829
54306869
54306877
54306881
54306899
54306907
54306911
54306913
54306929
54306953
54306971
54306991
54307031
54307037
54307039
54307069
54307079
54307091
54307093
54307103
54307147
54307159
54307189
54307219
54307259
54307277
54307283
54307291
54307303
54307307
54307313
54307321
54307327
54307349
54307387
54307447
54307499
54307511
54307597
54307621
54307679
54307699
54307703
54307777
54307787
54307793
54307811
54307837
54307861
54307879
54307919
54307921
54307927
54307931
54307949
54307961
54307963
54307969
54307973
54307999
54308017
54308021
54308029
54308041
54308053
54308071
54308087
54308101
54308147
54308167
54308173
54308179
54308197
54308201
54308203
54308237
54308279
54308291
54308321
54308351
54308383
54308389
54308393
54308399
54308417
54308437
54308447
54308459
54308461
54308467
54308473
54308531
54308587
54308603
54308647
54308663
54308689
54308731
54308743
54308753
54308759
54308767
54308777
54308803
54308833
54308857
54308873
54308879
54308893
54308899
54308921
54308929
54308951
54308959
54308963
54308977
54308981
54308987
54309023
54309037
54309041
54309053
54309071
54309077
54309089
54309127
54309139
54309191
54309223
54309247
54309251
54309253
54309263
54309293
54309319
54309341
54309347
54309361
54309383
54309397
54309401
54309433
54309469
54309511
54309527
54309529
54309557
54309571
54309583
54309589
54309631
54309637
54309641
54309653
54309659
54309691
54309719
54309757
54309793
54309797
54309803
54309811
54309823
54309833
54309839
54309841
54309851
54309859
54309881
54309887
54309901
54309929
54309967
54309973
54309991
54310021
54310027
54310033
54310057
54310093
54310099
54310103
54310147
54310159
54310163
54310259
54310261
54310271
54310279
54310307
54310309
54310331
54310349
54310369
54310387
54310391
54310411
54310423
54310447
54310463
54310507
54310513
54310523
54310547
54310573
54310577
54310589
54310657
54310687
54310693
54310703
54310717
54310769
54310777
54310787
54310793
54310799
54310807
54310829
54310877
54310901
54310909
54310913
54310933
54310951
54310957
54311003
54311009
54311011
54311017
54311029
54311099
54311123
54311137
54311143
54311149
54311203
54311221
54311233
54311249
54311261
54311267
54311269
54311281
54311297
54311317
54311333
54311351
54311371
54311393
54311401
54311407
54311419
54311431
54311459
54311471
54311479
54311483
54311497
54311503
54311507
54311513
54311563
54311567
54311581
54311599
54311629
54311669
54311689
54311707
54311711
54311713
54311723
54311731
54311767
54311771
54311813
54311843
54311849
54311857
54311863
54311879
54311903
54311941
54311951
54311987
54312007
54312017
54312029
54312061
54312077
54312079
54312091
54312101
54312103
54312113
54312169
54312191
54312199
54312211
54312233
54312253
54312257
54312259
54312283
54312287
54312289
54312299
54312301
54312329
54312343
54312347
54312353
54312367
54312371
54312383
54312449
54312457
54312481
54312487
54312491
54312493
54312521
54312529
54312547
54312551
54312553
54312607
54312619
54312623
54312647
54312653
54312667
54312673
54312677
54312689
54312719
54312733
54312743
54312749
54312761
54312763
54312767
54312829
54312833
54312859
54312901
54313013
54313019
54313037
54313043
54313057
54313073
54313087
54313109
54313121
54313123
54313139
54313157
54313163
54313169
54313187
54313219
54313223
54313261
54313289
54313297
54313309
54313313
54313321
54313339
54313379
54313411
54313423
54313439
54313451
54313477
54313507
54313537
54313543
54313547
54313573
54313583
54313591
54313619
54313621
54313663
54313681
54313697
54313739
54313747
54313769
54313771
54313783
54313801
54313813
54313841
54313871
54313873
54313877
54313901
54313907
54313933
54313943
54313957
54313969
54313981
54314003
54314009
54314033
54314047
54314069
54314081
54314087
54314101
54314131
54314147
54314171
54314177
54314207
54314231
54314233
54314237
54314251
54314257
54314311
54314321
54314327
54314333
54314353
54314357
54314383
54314399
54314413
54314441
54314459
54314489
54314509
54314527
54314537
54314543
54314599
54314647
54314671
54314683
54314699
54314713
54314723
54314737
54314773
54314789
54314797
54314801
54314807
54314837
54314849
54314857
54314917
54314921
54314959
54314963
54314969
54314989
54315043
54315047
54315077
54315083
54315113
54315137
54315161
54315169
54315179
54315181
54315197
54315199
54315227
54315269
54315271
54315277
54315307
54315311
54315337
54315353
54315377
54315383
54315403
54315421
54315427
54315467
54315473
54315491
54315511
54315533
54315539
54315587
54315607
54315617
54315641
54315643
54315671
54315683
54315707
54315713
54315727
54315733
54315743
54315749
54315763
54315769
54315791
54315817
54315841
54315847
54315871
54315883
54315929
54315941
54315959
54315967
54315971
54315983
54315991
54315997
54316019
54316027
54316051
54316063
54316069
54316127
54316151
54316177
54316187
54316189
54316201
54316219
54316237
54316289
54316313
54316321
54316331
54316337
54316393
54316397
54316429
54316441
54316447
54316499
54316511
54316523
54316531
54316541
54316543
54316567
54316607
54316627
54316667
54316709
54316711
54316723
54316729
54316733
54316747
54316753
54316781
54316793
54316807
54316811
54316817
54316837
54316849
54316861
54316879
54316883
54316897
54316903
54316919
54316931
54316937
54316939
54316957
54316963
54316981
54316987
54317009
54317027
54317047
54317071
54317077
54317113
54317117
54317129
54317141
54317149
54317233
54317243
54317269
54317279
54317281
54317293
54317311
54317327
54317353
54317387
54317399
54317401
54317407
54317411
54317413
54317423
54317429
54317449
54317507
54317521
54317531
54317537
54317539
54317563
54317573
54317597
54317629
54317639
54317657
54317687
54317693
54317723
54317749
54317803
54317807
54317821
54317831
54317833
54317843
54317849
54317863
54317867
54317891
54317959
54317969
54317981
54317993
54318007
54318013
54318029
54318031
54318049
54318067
54318097
54318101
54318119
54318127
54318137
54318139
54318151
54318167
54318191
54318193
54318197
54318211
54318217
54318227
54318241
54318259
54318263
54318287
54318289
54318311
54318343
54318353
54318379
54318401
54318403
54318413
54318419
54318449
54318461
54318469
54318491
54318521
54318529
54318533
54318547
54318557
54318577
54318599
54318601
54318611
54318631
54318647
54318661
54318679
54318721
54318751
54318767
54318773
54318779
54318811
54318857
54318889
54318907
54318917
54318919
54318931
54318937
54318941
54318989
54318991
54319003
54319039
54319049
54319051
54319073
54319091
54319093
54319129
54319141
54319147
54319151
54319163
54319171
54319183
54319193
54319211
54319217
54319229
54319241
54319247
54319249
54319253
54319283
54319289
54319313
54319319
54319351
54319411
54319427
54319429
54319453
54319457
54319469
54319501
54319549
54319561
54319567
54319591
54319619
54319627
54319631
54319633
54319649
54319667
54319669
54319687
54319691
54319693
54319703
54319717
54319723
54319739
54319747
54319763
54319807
54319897
54319907
54319919
54319933
54319939
54319973
54320009
54320023
54320027
54320087
54320093
54320129
54320143
54320191
54320207
54320213
54320251
54320261
54320269
54320281
54320293
54320303
54320323
54320341
54320351
54320353
54320437
54320471
54320501
54320521
54320573
54320597
54320599
54320603
54320611
54320621
54320657
54320659
54320689
54320737
54320801
54320839
54320843
54320863
54320879
54320881
54320909
54320923
54320939
54320947
54320957
54320969
54320983
54320993
54321041
54321073
54321077
54321097
54321139
54321151
54321161
54321167
54321173
54321181
54321199
54321203
54321221
54321227
54321251
54321257
54321287
54321299
54321313
54321347
54321373
54321401
54321413
54321419
54321457
54321493
54321499
54321503
54321521
54321541
54321557
54321569
54321623
54321629
54321637
54321643
54321677
54321689
54321697
54321719
54321721
54321731
54321763
54321793
54321821
54321823
54321829
54321859
54321877
54321899
54321913
54321977
54321983
54321997
54322027
54322033
54322043
54322049
54322057
54322061
54322063
54322069
54322087
54322109
54322141
54322183
54322187
54322189
54322207
54322211
54322223
54322237
54322243
54322277
54322283
54322291
54322309
54322339
54322369
54322379
54322381
54322393
54322397
54322409
54322453
54322469
54322483
54322487
54322507
54322517
54322579
54322589
54322613
54322621
54322627
54322643
54322651
54322669
54322673
54322679
54322759
54322777
54322781
54322783
54322787
54322789
54322811
54322823
54322831
54322859
54322903
54322927
54322979
54323021
54323051
54323053
54323057
54323081
54323083
54323089
54323161
54323183
54323209
54323221
54323231
54323239
54323249
54323257
54323267
54323273
54323287
54323317
54323329
54323369
54323371
54323387
54323393
54323407
54323411
54323419
54323431
54323441
54323443
54323453
54323459
54323509
54323513
54323519
54323537
54323543
54323561
54323573
54323627
54323629
54323657
54323669
54323683
54323693
54323741
54323767
54323791
54323809
54323813
54323821
54323827
54323833
54323917
54323923
54323933
54323947
54323987
54324001
54324013
54324031
54324037
54324071
54324077
54324107
54324143
54324161
54324167
54324169
54324187
54324209
54324217
54324223
54324233
54324269
54324313
54324323
54324329
54324341
54324349
54324359
54324371
54324379
54324383
54324407
54324419
54324481
54324497
54324499
54324509
54324539
54324541
54324581
54324583
54324601
54324623
54324653
54324659
54324671
54324691
54324703
54324719
54324733
54324757
54324761
54324763
54324773
54324779
54324791
54324821
54324901
54324913
54324923
54324929
54324967
54324973
54325001
54325031
54325043
54325049
54325069
54325079
54325097
54325099
54325111
54325147
54325151
54325163
54325171
54325177
54325181
54325189
54325223
54325277
54325283
54325289
54325301
54325321
54325331
54325339
54325343
54325363
54325367
54325399
54325457
54325463
54325499
54325519
54325553
54325567
54325571
54325573
54325589
54325603
54325619
54325637
54325639
54325669
54325679
54325681
54325717
54325757
54325759
54325763
54325783
54325801
54325819
54325837
54325841
54325849
54325853
54325891
54325913
54325949
54325969
54325987
54325991
54326003
54326017
54326021
54326039
54326081
54326119
54326123
54326137
54326141
54326143
54326159
54326171
54326179
54326201
54326221
54326267
54326273
54326287
54326297
54326317
54326359
54326369
54326411
54326429
54326449
54326497
54326507
54326521
54326561
54326593
54326609
54326627
54326633
54326639
54326647
54326651
54326659
54326683
54326707
54326711
54326729
54326761
54326771
54326809
54326821
54326827
54326843
54326861
54326863
54326869
54326873
54326893
54326953
54326959
54326981
54327001
54327011
54327043
54327047
54327059
54327071
54327073
54327089
54327131
54327167
54327191
54327197
54327209
54327239
54327263
54327269
54327293
54327307
54327313
54327341
54327373
54327379
54327389
54327391
54327409
54327421
54327451
54327457
54327463
54327499
54327547
54327557
54327569
54327571
54327599
54327607
54327661
54327667
54327673
54327739
54327751
54327769
54327781
54327787
54327827
54327853
54327883
54327887
54327893
54327901
54327919
54327941
54327979
54327989
54327997
54328007
54328013
54328019
54328031
54328037
54328061
54328103
54328117
54328121
54328147
54328177
54328199
54328217
54328229
54328283
54328297
54328301
54328303
54328319
54328327
54328333
54328361
54328363
54328367
54328387
54328409
54328427
54328433
54328457
54328489
54328499
54328511
54328517
54328531
54328541
54328559
54328621
54328639
54328643
54328661
54328693
54328721
54328723
54328727
54328739
54328741
54328811
54328817
54328819
54328831
54328837
54328873
54328877
54328891
54328927
54328969
54328993
54329003
54329047
54329069
54329083
54329087
54329089
54329111
54329117
54329137
54329159
54329207
54329221
54329239
54329257
54329269
54329279
54329281
54329287
54329291
