50397203
50397211
50397251
50397257
50397287
50397317
50397337
50397341
50397371
50397377
50397379
50397409
50397421
50397449
50397461
50397463
50397491
50397493
50397527
50397533
50397539
50397547
50397553
50397559
50397587
50397619
50397637
50397643
50397653
50397689
50397701
50397703
50397719
50397727
50397751
50397757
50397769
50397803
50397817
50397829
50397839
50397857
50397863
50397871
50397881
50397883
50397913
50397929
50397943
50397947
50397961
50397989
50398009
50398069
50398079
50398087
50398093
50398109
50398111
50398121
50398151
50398171
50398199
50398277
50398291
50398301
50398303
50398333
50398351
50398357
50398363
50398367
50398379
50398409
50398423
50398441
50398457
50398463
50398487
50398499
50398519
50398531
50398547
50398571
50398573
50398631
50398633
50398639
50398651
50398661
50398757
50398769
50398787
50398801
50398861
50398867
50398877
50398889
50398913
50398927
50398961
50399047
50399051
50399057
50399059
50399081
50399113
50399147
50399161
50399183
50399189
50399207
50399213
50399231
50399257
50399263
50399281
50399299
50399309
50399329
50399333
50399341
50399383
50399411
50399413
50399429
50399443
50399501
50399507
50399527
50399539
50399549
50399581
50399617
50399627
50399633
50399639
50399641
50399659
50399681
50399683
50399719
50399729
50399737
50399749
50399759
50399807
50399819
50399851
50399887
50399897
50399903
50399929
50399953
50399959
50399963
50399981
50400001
50400037
50400067
50400071
50400073
50400083
50400127
50400139
50400167
50400169
50400187
50400197
50400241
50400299
50400307
50400353
50400367
50400391
50400397
50400419
50400421
50400431
50400437
50400473
50400491
50400517
50400533
50400551
50400569
50400577
50400593
50400607
50400617
50400641
50400643
50400689
50400719
50400731
50400737
50400769
50400799
50400821
50400829
50400853
50400871
50400881
50400893
50400907
50400913
50400923
50400941
50400943
50400949
50400953
50400991
50400997
50401033
50401049
50401063
50401123
50401147
50401157
50401193
50401223
50401229
50401231
50401279
50401283
50401291
50401313
50401331
50401367
50401369
50401427
50401453
50401469
50401499
50401513
50401523
50401529
50401541
50401543
50401573
50401577
50401607
50401613
50401619
50401627
50401639
50401649
50401721
50401759
50401777
50401801
50401829
50401831
50401843
50401849
50401853
50401873
50401933
50401943
50401951
50401961
50401969
50401979
50402021
50402083
50402111
50402137
50402147
50402159
50402171
50402173
50402197
50402201
50402207
50402227
50402239
50402257
50402273
50402293
50402299
50402309
50402347
50402413
50402419
50402423
50402447
50402483
50402491
50402503
50402507
50402509
50402533
50402537
50402549
50402563
50402587
50402593
50402701
50402713
50402719
50402749
50402761
50402789
50402819
50402851
50402857
50402861
50402881
50402903
50402983
50403007
50403013
50403037
50403049
50403061
50403083
50403091
50403107
50403121
50403163
50403187
50403191
50403209
50403239
50403253
50403289
50403293
50403299
50403319
50403323
50403341
50403403
50403407
50403433
50403443
50403449
50403461
50403467
50403481
50403503
50403541
50403553
50403559
50403601
50403643
50403667
50403673
50403677
50403679
50403721
50403739
50403757
50403779
50403781
50403797
50403803
50403809
50403839
50403851
50403893
50403907
50403931
50403973
50404019
50404043
50404049
50404061
50404087
50404153
50404177
50404199
50404217
50404241
50404259
50404261
50404267
50404273
50404279
50404297
50404307
50404309
50404331
50404363
50404369
50404373
50404381
50404399
50404411
50404421
50404423
50404433
50404447
50404463
50404469
50404493
50404499
50404531
50404547
50404561
50404567
50404573
50404577
50404583
50404591
50404631
50404687
50404721
50404723
50404733
50404741
50404747
50404759
50404771
50404787
50404793
50404807
50404819
50404829
50404843
50404897
50404919
50404931
50404943
50404957
50404969
50404997
50404999
50405021
50405041
50405053
50405059
50405071
50405077
50405087
50405099
50405129
50405149
50405191
50405227
50405237
50405249
50405273
50405297
50405317
50405387
50405401
50405437
50405447
50405471
50405477
50405483
50405497
50405513
50405519
50405533
50405539
50405543
50405557
50405587
50405591
50405603
50405609
50405639
50405671
50405711
50405737
50405779
50405813
50405821
50405827
50405837
50405891
50405897
50405911
50405923
50405939
50405941
50405981
50406007
50406011
50406017
50406047
50406073
50406077
50406079
50406091
50406121
50406151
50406157
50406199
50406203
50406269
50406299
50406319
50406331
50406337
50406353
50406371
50406383
50406401
50406407
50406431
50406443
50406457
50406467
50406493
50406497
50406511
50406529
50406533
50406571
50406599
50406641
50406659
50406667
50406673
50406689
50406703
50406721
50406749
50406761
50406781
50406787
50406803
50406817
50406833
50406857
50406877
50406883
50406893
50406907
50406911
50406919
50406931
50406973
50407003
50407031
50407033
50407037
50407039
50407073
50407087
50407129
50407169
50407211
50407219
50407229
50407243
50407277
50407321
50407337
50407339
50407351
50407367
50407381
50407387
50407391
50407403
50407429
50407433
50407439
50407459
50407463
50407471
50407501
50407507
50407531
50407537
50407543
50407583
50407607
50407613
50407619
50407633
50407639
50407661
50407667
50407681
50407751
50407757
50407811
50407837
50407843
50407849
50407853
50407867
50407921
50407937
50407939
50407961
50407963
50407967
50407991
50408027
50408051
50408089
50408117
50408129
50408153
50408161
50408173
50408231
50408233
50408257
50408261
50408269
50408291
50408297
50408317
50408327
50408357
50408359
50408377
50408381
50408401
50408419
50408431
50408437
50408441
50408483
50408497
50408503
50408537
50408543
50408549
50408563
50408591
50408593
50408609
50408627
50408629
50408647
50408707
50408711
50408741
50408747
50408773
50408789
50408819
50408849
50408861
50408867
50408899
50408933
50408959
50409001
50409011
50409017
50409041
50409061
50409103
50409157
50409179
50409181
50409253
50409257
50409263
50409269
50409313
50409319
50409349
50409371
50409383
50409389
50409397
50409409
50409419
50409421
50409431
50409439
50409449
50409467
50409487
50409509
50409547
50409551
50409553
50409563
50409581
50409617
50409643
50409673
50409691
50409701
50409713
50409727
50409763
50409769
50409773
50409797
50409817
50409823
50409883
50409899
50409901
50409911
50409923
50409949
50409977
50410001
50410007
50410039
50410067
50410069
50410081
50410099
50410103
50410141
50410177
50410189
50410193
50410231
50410259
50410303
50410333
50410343
50410351
50410387
50410417
50410427
50410447
50410469
50410471
50410483
50410487
50410501
50410511
50410531
50410537
50410541
50410561
50410573
50410601
50410621
50410637
50410669
50410673
50410691
50410699
50410709
50410727
50410739
50410747
50410777
50410783
50410793
50410799
50410813
50410823
50410849
50410873
50410883
50410937
50410939
50410951
50411033
50411041
50411059
50411063
50411087
50411107
50411111
50411117
50411143
50411167
50411201
50411209
50411227
50411267
50411299
50411303
50411357
50411359
50411371
50411381
50411399
50411441
50411453
50411489
50411497
50411513
50411527
50411531
50411539
50411563
50411567
50411587
50411597
50411663
50411689
50411719
50411729
50411821
50411839
50411849
50411861
50411887
50411923
50411941
50411951
50411969
50411971
50411989
50411993
50412023
50412041
50412053
50412077
50412091
50412097
50412119
50412143
50412199
50412203
50412209
50412227
50412239
50412277
50412281
50412287
50412311
50412317
50412347
50412367
50412371
50412379
50412403
50412409
50412419
50412421
50412431
50412451
50412503
50412521
50412533
50412539
50412547
50412553
50412581
50412587
50412613
50412647
50412653
50412671
50412673
50412679
50412683
50412689
50412697
50412707
50412737
50412749
50412751
50412773
50412787
50412793
50412797
50412799
50412839
50412847
50412853
50412881
50412883
50412889
50412949
50412953
50412959
50412961
50412977
50413001
50413003
50413009
50413043
50413063
50413091
50413133
50413151
50413159
50413163
50413189
50413261
50413273
50413291
50413301
50413303
50413343
50413357
50413369
50413373
50413417
50413421
50413439
50413457
50413529
50413537
50413543
50413567
50413579
50413589
50413591
50413603
50413609
50413651
50413667
50413697
50413709
50413711
50413717
50413729
50413747
50413777
50413787
50413807
50413819
50413927
50413963
50413981
50413991
50414003
50414053
50414059
50414069
50414081
50414141
50414149
50414173
50414179
50414191
50414213
50414249
50414263
50414269
50414291
50414293
50414303
50414323
50414341
50414347
50414359
50414363
50414369
50414389
50414393
50414411
50414431
50414437
50414471
50414477
50414509
50414513
50414519
50414531
50414569
50414591
50414593
50414599
50414629
50414647
50414659
50414677
50414701
50414717
50414737
50414743
50414761
50414801
50414803
50414807
50414867
50414893
50414921
50414929
50414933
50414939
50414971
50414981
50414983
50415017
50415019
50415061
50415073
50415077
50415089
50415119
50415133
50415139
50415163
50415179
50415181
50415191
50415203
50415247
50415263
50415271
50415293
50415329
50415367
50415371
50415373
50415383
50415401
50415403
50415457
50415461
50415499
50415503
50415539
50415551
50415553
50415577
50415581
50415587
50415593
50415613
50415619
50415623
50415637
50415643
50415697
50415713
50415733
50415749
50415767
50415769
50415779
50415803
50415811
50415817
50415821
50415853
50415857
50415877
50415929
50415961
50415971
50415979
50415991
50416001
50416021
50416049
50416057
50416103
50416117
50416127
50416133
50416159
50416213
50416229
50416241
50416243
50416259
50416277
50416279
50416309
50416313
50416321
50416357
50416363
50416381
50416397
50416403
50416417
50416423
50416427
50416433
50416463
50416469
50416489
50416507
50416517
50416523
50416537
50416547
50416579
50416591
50416609
50416627
50416637
50416643
50416661
50416669
50416687
50416693
50416699
50416721
50416741
50416771
50416783
50416859
50416879
50416907
50416909
50416913
50416963
50417039
50417057
50417069
50417071
50417077
50417083
50417099
50417119
50417137
50417141
50417149
50417153
50417177
50417179
50417183
50417201
50417207
50417243
50417251
50417261
50417303
50417309
50417321
50417351
50417407
50417429
50417443
50417491
50417503
50417509
50417519
50417527
50417533
50417557
50417579
50417599
50417639
50417641
50417671
50417711
50417713
50417729
50417743
50417789
50417819
50417827
50417831
50417867
50417951
50417953
50417959
50417989
50417993
50418007
50418031
50418041
50418061
50418083
50418091
50418127
50418133
50418143
50418149
50418157
50418163
50418257
50418283
50418287
50418301
50418331
50418341
50418349
50418359
50418367
50418373
50418421
50418427
50418499
50418527
50418541
50418551
50418569
50418581
50418593
50418611
50418629
50418649
50418703
50418707
50418727
50418853
50418857
50418859
50418869
50418871
50418881
50418899
50418911
50418937
50418943
50418959
50418961
50419003
50419007
50419021
50419043
50419063
50419069
50419073
50419079
50419111
50419121
50419133
50419163
50419169
50419183
50419189
50419199
50419231
50419249
50419253
50419261
50419267
50419273
50419277
50419321
50419333
50419337
50419351
50419373
50419379
50419417
50419441
50419469
50419511
50419517
50419543
50419591
50419601
50419613
50419643
50419669
50419717
50419723
50419751
50419757
50419763
50419769
50419793
50419799
50419813
50419823
50419829
50419843
50419847
50419849
50419867
50419877
50419883
50419891
50419913
50419931
50419949
50419969
50419987
50419997
50420003
50420023
50420057
50420087
50420101
50420107
50420131
50420171
50420173
50420189
50420203
50420213
50420267
50420269
50420287
50420303
50420323
50420327
50420329
50420387
50420389
50420401
50420411
50420417
50420429
50420441
50420449
50420479
50420483
50420551
50420563
50420593
50420597
50420599
50420641
50420653
50420683
50420687
50420701
50420717
50420719
50420731
50420743
50420789
50420791
50420803
50420809
50420833
50420873
50420921
50420933
50420947
50420957
50420959
50420971
50421017
50421043
50421061
50421067
50421071
50421127
50421149
50421157
50421181
50421187
50421199
50421209
50421211
50421229
50421263
50421299
50421323
50421331
50421367
50421377
50421379
50421403
50421409
50421419
50421463
50421493
50421509
50421521
50421533
50421557
50421599
50421641
50421653
50421659
50421661
50421673
50421689
50421719
50421731
50421733
50421737
50421743
50421751
50421821
50421869
50421871
50421887
50421893
50421901
50421937
50421941
50421947
50421967
50421979
50422013
50422079
50422091
50422093
50422103
50422121
50422139
50422147
50422171
50422189
50422199
50422217
50422241
50422243
50422247
50422291
50422297
50422313
50422321
50422343
50422349
50422369
50422381
50422397
50422423
50422433
50422481
50422483
50422507
50422511
50422529
50422549
50422553
50422571
50422577
50422607
50422609
50422621
50422649
50422657
50422699
50422711
50422717
50422721
50422727
50422733
50422759
50422807
50422847
50422849
50422859
50422871
50422919
50422949
50422997
50423011
50423029
50423069
50423123
50423137
50423147
50423159
50423189
50423201
50423209
50423213
50423227
50423273
50423287
50423323
50423327
50423353
50423407
50423423
50423441
50423447
50423449
50423491
50423497
50423507
50423531
50423551
50423623
50423627
50423629
50423669
50423671
50423677
50423687
50423693
50423713
50423729
50423741
50423743
50423767
50423771
50423773
50423783
50423833
50423839
50423861
50423897
50423899
50423917
50423927
50423939
50423951
50423957
50423963
50424001
50424019
50424029
50424037
50424053
50424067
50424109
50424131
50424139
50424151
50424169
50424181
50424221
50424223
50424263
50424281
50424287
50424293
50424313
50424323
50424331
50424379
50424403
50424427
50424457
50424469
50424497
50424503
50424541
50424551
50424557
50424559
50424587
50424589
50424593
50424617
50424637
50424643
50424659
50424667
50424683
50424691
50424701
50424709
50424719
50424721
50424733
50424757
50424769
50424799
50424811
50424827
50424833
50424851
50424859
50424863
50424877
50424887
50424911
50424919
50424943
50424953
50424961
50424967
50424977
50425013
50425019
50425021
50425049
50425051
50425079
50425087
50425093
50425097
50425129
50425139
50425187
50425211
50425231
50425267
50425279
50425289
50425301
50425307
50425343
50425381
50425387
50425391
50425399
50425409
50425421
50425423
50425439
50425469
50425489
50425493
50425511
50425523
50425537
50425579
50425619
50425633
50425643
50425651
50425663
50425667
50425717
50425759
50425763
50425769
50425807
50425819
50425831
50425841
50425847
50425849
50425861
50425873
50425883
50425889
50425891
50425919
50425939
50425951
50425957
50425979
50425987
50426011
50426017
50426039
50426059
50426081
50426107
50426111
50426113
50426183
50426197
50426203
50426237
50426249
50426263
50426303
50426309
50426317
50426333
50426339
50426353
50426377
50426381
50426407
50426413
50426423
50426489
50426521
50426527
50426581
50426587
50426591
50426609
50426611
50426633
50426647
50426657
50426683
50426693
50426699
50426707
50426729
50426731
50426759
50426771
50426791
50426807
50426839
50426861
50426869
50426891
50426897
50426923
50426939
50426951
50426963
50426983
50427011
50427023
50427031
50427037
50427059
50427071
50427077
50427119
50427131
50427161
50427163
50427191
50427227
50427239
50427257
50427277
50427283
50427313
50427319
50427329
50427331
50427341
50427367
50427401
50427413
50427427
50427439
50427449
50427479
50427511
50427527
50427647
50427673
50427677
50427721
50427733
50427749
50427761
50427779
50427787
50427791
50427803
50427841
50427847
50427877
50427911
50427913
50427931
50427953
50427973
50427977
50427989
50428051
50428097
50428099
50428117
50428123
50428163
50428177
50428199
50428219
50428241
50428249
50428253
50428267
50428291
50428309
50428333
50428349
50428429
50428439
50428453
50428459
50428463
50428471
50428487
50428513
50428519
50428529
50428549
50428601
50428649
50428687
50428699
50428711
50428727
50428733
50428739
50428747
50428751
50428757
50428759
50428769
50428787
50428801
50428813
50428837
50428867
50428877
50428897
50428927
50428933
50428943
50428951
50428967
50428969
50428991
50429003
50429047
50429051
50429077
50429081
50429083
50429101
50429107
50429111
50429117
50429143
50429147
50429149
50429189
50429201
50429209
50429213
50429237
50429263
50429273
50429279
50429297
50429299
50429333
50429381
50429387
50429399
50429417
50429419
50429437
50429441
50429459
50429471
50429473
50429479
50429503
50429507
50429513
50429551
50429569
50429573
50429581
50429597
50429611
50429647
50429651
50429663
50429681
50429683
50429689
50429711
50429741
50429759
50429767
50429843
50429851
50429861
50429867
50429893
50429903
50429917
50429947
50429957
50429999
50430011
50430031
50430071
50430089
50430091
50430097
50430113
50430137
50430169
50430181
50430197
50430221
50430229
50430239
50430257
50430307
50430319
50430353
50430379
50430383
50430403
50430433
50430439
50430473
50430509
50430539
50430553
50430563
50430581
50430599
50430607
50430631
50430643
50430647
50430683
50430691
50430727
50430749
50430767
50430773
50430791
50430817
50430841
50430851
50430901
50430907
50430911
50430929
50430949
50430983
50431009
50431033
50431081
50431091
50431097
50431153
50431159
50431181
50431267
50431279
50431289
50431331
50431343
50431361
50431363
50431373
50431391
50431397
50431411
50431427
50431439
50431441
50431471
50431477
50431483
50431501
50431519
50431523
50431543
50431559
50431597
50431603
50431613
50431621
50431627
50431649
50431651
50431657
50431679
50431687
50431721
50431723
50431727
50431739
50431753
50431781
50431837
50431859
50431861
50431867
50431883
50431897
50431907
50431937
50431967
50431981
50432087
50432089
50432111
50432141
50432167
50432171
50432191
50432201
50432209
50432219
50432227
50432233
50432237
50432267
50432273
50432281
50432293
50432297
50432311
50432321
50432323
50432329
50432341
50432357
50432359
50432401
50432413
50432423
50432429
50432453
50432467
50432483
50432509
50432519
50432527
50432533
50432539
50432549
50432579
50432597
50432609
50432621
50432663
50432699
50432719
50432741
50432743
50432801
50432803
50432819
50432849
50432861
50432867
50432869
50432873
50432891
50432903
50432923
50432929
50432969
50432971
50432983
50433013
50433017
50433029
50433077
50433079
50433091
50433107
50433121
50433127
50433137
50433139
50433161
50433191
50433197
50433199
50433221
50433241
50433269
50433283
50433287
50433289
50433293
50433301
50433323
50433329
50433337
50433343
50433389
50433401
50433419
50433421
50433433
50433443
50433451
50433473
50433511
50433517
50433529
50433533
50433557
50433563
50433569
50433571
50433589
50433601
50433623
50433629
50433631
50433661
50433707
50433709
50433737
50433739
50433743
50433767
50433769
50433791
50433811
50433827
50433857
50433863
50433893
50433907
50433941
50433953
50433959
50433979
50433983
50433989
50433991
50434001
50434031
50434039
50434051
50434061
50434067
50434073
50434079
50434081
50434091
50434093
50434133
50434157
50434187
50434201
50434213
50434229
50434247
50434261
50434283
50434309
50434357
50434381
50434421
50434457
50434487
50434511
50434513
50434519
50434543
50434547
50434591
50434639
50434651
50434661
50434669
50434673
50434687
50434691
50434693
50434753
50434757
50434789
50434817
50434819
50434831
50434841
50434843
50434849
50434889
50434919
50434927
50434931
50434933
50434939
50434981
50435003
50435009
50435027
50435051
50435059
50435069
50435081
50435093
50435111
50435123
50435149
50435153
50435167
50435179
50435213
50435249
50435257
50435261
50435267
50435299
50435303
50435369
50435377
50435381
50435387
50435401
50435423
50435467
50435491
50435507
50435509
50435513
50435569
50435587
50435599
50435641
50435659
50435681
50435683
50435731
50435741
50435767
50435771
50435797
50435809
50435813
50435851
50435873
50435887
50435897
50435911
50435929
50435933
50435951
50435969
50435971
50435981
50435989
50435999
50436007
50436031
50436037
50436047
50436073
50436083
50436107
50436151
50436167
50436173
50436223
50436227
50436233
50436251
50436259
50436329
50436343
50436359
50436367
50436383
50436391
50436427
50436457
50436479
50436487
50436509
50436511
50436517
50436553
50436557
50436599
50436611
50436613
50436629
50436641
50436643
50436647
50436667
50436679
50436709
50436719
50436751
50436779
50436791
50436803
50436821
50436823
50436857
50436877
50436899
50436949
50436959
50436983
50437007
50437019
50437033
50437043
50437073
50437081
50437097
50437103
50437111
50437117
50437159
50437169
50437199
50437213
50437223
50437259
50437273
50437333
50437369
50437391
50437393
50437411
50437417
50437427
50437447
50437469
50437483
50437493
50437511
50437529
50437531
50437537
50437559
50437567
50437577
50437591
50437603
50437613
50437633
50437649
50437661
50437703
50437711
50437727
50437729
50437733
50437741
50437747
50437819
50437823
50437853
50437879
50437901
50437921
50437949
50437969
50437999
50438009
50438029
50438053
50438071
50438081
50438093
50438119
50438137
50438207
50438237
50438239
50438257
50438273
50438299
50438309
50438317
50438357
50438359
50438387
50438413
50438449
50438459
50438461
50438467
50438477
50438489
50438497
50438503
50438539
50438543
50438561
50438573
50438587
50438593
50438603
50438611
50438617
50438621
50438629
50438737
50438741
50438761
50438783
50438789
50438797
50438803
50438819
50438827
50438833
50438903
50438951
50438959
50438981
50438989
50439031
50439047
50439073
50439079
50439083
50439101
50439113
50439163
50439197
50439211
50439217
50439223
50439229
50439239
50439241
50439271
50439293
50439341
50439353
50439359
50439371
50439407
50439421
50439443
50439457
50439461
50439463
50439469
50439491
50439503
50439523
50439539
50439541
50439551
50439563
50439577
50439659
50439673
50439691
50439751
50439757
50439773
50439803
50439827
50439877
50439899
50439911
50439913
50439937
50439947
50439953
50439959
50439979
50440001
50440009
50440031
50440043
50440057
50440063
50440067
50440111
50440129
50440133
50440141
50440171
50440177
50440199
50440217
50440253
50440261
50440277
50440279
50440283
50440297
50440301
50440303
50440321
50440349
50440363
50440391
50440393
50440409
50440451
50440469
50440487
50440499
50440501
50440517
50440529
50440543
50440553
50440561
50440567
50440571
50440613
50440639
50440651
50440667
50440669
50440673
50440697
50440699
50440721
50440757
50440777
50440781
50440787
50440807
50440861
50440867
50440903
50440913
50440939
50440967
50440969
50440979
50440981
50440987
50440993
50441003
50441077
50441089
50441099
50441141
50441147
50441161
50441177
50441197
50441201
50441203
50441243
50441269
50441291
50441297
50441299
50441351
50441429
50441473
50441477
50441513
50441543
50441563
50441591
50441593
50441597
50441609
50441617
50441639
50441641
50441659
50441683
50441689
50441711
50441717
50441747
50441761
50441773
50441777
50441779
50441813
50441819
50441851
50441861
50441863
50441869
50441891
50441899
50441927
50441947
50441953
50441969
50441971
50441981
50441983
50442011
50442031
50442079
50442097
50442101
50442121
50442149
50442173
50442193
50442199
50442209
50442221
50442229
50442251
50442253
50442277
50442319
50442331
50442361
50442367
50442391
50442401
50442407
50442443
50442449
50442521
50442523
50442529
50442541
50442551
50442559
50442563
50442577
50442599
50442631
50442643
50442649
50442653
50442677
50442713
50442727
50442761
50442773
50442779
50442787
50442793
50442829
50442839
50442871
50442923
50442941
50442943
50442971
50443009
50443021
50443031
50443037
50443067
50443069
50443091
50443103
50443109
50443139
50443147
50443177
50443181
50443187
50443193
50443207
50443241
50443249
50443273
50443303
50443307
50443319
50443357
50443373
50443391
50443397
50443409
50443451
50443457
50443483
50443493
50443507
50443553
50443567
50443621
50443637
50443693
50443717
50443739
50443751
50443769
50443819
50443837
50443843
50443871
50443903
50443907
50443909
50443931
50443937
50443957
50443961
50443979
50443999
50444027
50444041
50444059
50444087
50444131
50444143
50444153
50444159
50444197
50444201
50444213
50444239
50444269
50444281
50444291
50444323
50444333
50444371
50444413
50444441
50444447
50444453
50444477
50444479
50444483
50444503
50444507
50444531
50444539
50444549
50444557
50444561
50444573
50444591
50444599
50444617
50444623
50444663
50444683
50444687
50444699
50444707
50444741
50444749
50444761
50444767
50444789
50444813
50444851
50444857
50444869
50444917
50444951
50444963
50444983
50445061
50445067
50445071
50445079
50445089
50445113
50445119
50445127
50445139
50445151
50445163
50445167
50445169
50445173
50445191
50445203
50445221
50445253
50445259
50445281
50445389
50445391
50445419
50445427
50445433
50445449
50445469
50445487
50445497
50445503
50445557
50445569
50445581
50445623
50445641
50445643
50445653
50445667
50445671
50445677
50445679
50445683
50445691
50445709
50445721
50445757
50445781
50445809
50445821
50445853
50445859
50445869
50445883
50445907
50445937
50445961
50445971
50445973
50445977
50445991
50446013
50446027
50446043
50446057
50446073
50446093
50446117
50446129
50446163
50446169
50446177
50446183
50446189
50446211
50446219
50446223
50446237
50446241
50446261
50446271
50446289
50446303
50446307
50446309
50446339
50446411
50446453
50446471
50446507
50446601
50446603
50446609
50446621
50446637
50446657
50446661
50446663
50446679
50446709
50446757
50446771
50446777
50446789
50446801
50446811
50446841
50446861
50446883
50446897
50446901
50446927
50446931
50446961
50446987
50446993
50446997
50447017
50447029
50447057
50447077
50447093
50447101
50447113
50447123
50447171
50447191
50447219
50447227
50447233
50447239
50447249
50447251
50447263
50447281
50447291
50447333
50447351
50447363
50447387
50447393
50447399
50447401
50447437
50447461
50447473
50447491
50447503
50447513
50447519
50447521
50447543
50447561
50447567
50447569
50447587
50447609
50447623
50447627
50447629
50447651
50447659
50447689
50447693
50447713
50447743
50447759
50447797
50447821
50447867
50447897
50447923
50447927
50447933
50447939
50447941
50447953
50447963
50447977
50448007
50448029
50448049
50448053
50448089
50448113
50448121
50448133
50448157
50448161
50448179
50448193
50448217
50448221
50448227
50448241
50448259
50448263
50448283
50448323
50448347
50448443
50448451
50448457
50448509
50448533
50448539
50448557
50448577
50448581
50448583
50448611
50448617
50448641
50448659
50448677
50448701
50448709
50448721
50448733
50448779
50448787
50448803
50448829
50448833
50448859
50448869
50448887
50448889
50448899
50448919
50448941
50449031
50449037
50449039
50449043
50449073
50449079
50449117
50449129
50449141
50449151
50449153
50449159
50449171
50449177
50449187
50449211
50449261
50449337
50449411
50449417
50449423
50449429
50449433
50449439
50449447
50449453
50449499
50449507
50449517
50449549
50449573
50449657
50449673
50449681
50449687
50449691
50449697
50449723
50449747
50449757
50449771
50449783
50449823
50449837
50449853
50449939
50449943
50449951
50449969
50449979
50450009
50450021
50450039
50450047
50450077
50450083
50450107
50450119
50450123
50450161
50450209
50450219
50450243
50450249
50450261
50450291
50450297
50450341
50450347
50450353
50450381
50450417
50450419
50450429
50450437
50450447
50450461
50450473
50450479
50450483
50450489
50450497
50450503
50450539
50450557
50450563
50450579
50450581
50450591
50450593
50450597
50450627
50450641
50450651
50450657
50450663
50450669
50450737
50450773
50450783
50450797
50450801
50450809
50450831
50450837
50450839
50450863
50450879
50450893
50450921
50450927
50450929
50450941
50450963
50450999
50451007
50451031
50451041
50451047
50451073
50451101
50451133
50451143
50451173
50451199
50451211
50451241
50451253
50451263
50451277
50451281
50451287
50451293
50451299
50451307
50451319
50451337
50451367
50451383
50451407
50451421
50451437
50451481
50451491
50451493
50451497
50451509
50451521
50451559
50451617
50451641
50451659
50451701
50451703
50451749
50451761
50451773
50451781
50451809
50451827
50451839
50451881
50451889
50451913
50451959
50451977
50452027
50452057
50452069
50452093
50452109
50452123
50452151
50452153
50452169
50452229
50452247
50452253
50452261
50452267
50452327
50452331
50452333
50452351
50452361
50452411
50452453
50452471
50452477
50452499
50452511
50452517
50452553
50452559
50452561
50452601
50452603
50452613
50452621
50452643
50452679
50452681
50452693
50452697
50452711
50452723
50452751
50452763
50452781
50452807
50452811
50452817
50452819
50452849
50452861
50452877
50452891
50452921
50452951
50452967
50452981
50453003
50453009
50453017
50453041
50453063
50453071
50453087
50453101
50453107
50453111
50453129
50453141
50453153
50453159
50453167
50453197
50453203
50453251
50453261
50453267
50453309
50453317
50453353
50453357
50453383
50453387
50453423
50453441
50453443
50453449
50453489
50453497
50453503
50453521
50453537
50453561
50453563
50453581
50453609
50453621
50453629
50453633
50453653
50453659
50453693
50453717
50453719
50453723
50453729
50453839
50453849
50453857
50453861
50453869
50453891
50453899
50453929
50453947
50453969
50453971
50453981
50454017
50454043
50454049
50454119
50454133
50454163
50454167
50454197
50454211
50454269
50454277
50454301
50454311
50454319
50454323
50454331
50454337
50454343
50454353
50454373
50454407
50454409
50454427
50454431
50454451
50454473
50454493
50454511
50454533
50454539
50454563
50454583
50454587
50454601
50454631
50454667
50454697
50454707
50454713
50454727
50454737
50454739
50454749
50454769
50454821
50454863
50454871
50454889
50454913
50454917
50454947
50454961
50454967
50454973
50454977
50455003
50455007
50455019
50455081
50455091
50455103
50455109
50455117
50455121
50455129
50455151
50455187
50455189
50455199
50455219
50455231
50455253
50455289
50455333
50455343
50455373
50455381
50455409
50455429
50455441
50455453
50455463
50455499
50455501
50455553
50455571
50455579
50455589
50455591
50455607
50455619
50455627
50455633
50455649
50455667
50455681
50455729
50455739
50455747
50455763
50455777
50455781
50455819
50455831
50455843
50455883
50455903
50455907
50455919
50455927
50455931
50455973
50455987
50456009
50456011
50456047
50456057
50456059
50456093
50456137
50456149
50456167
50456177
50456233
50456249
50456291
50456297
50456303
50456311
50456339
50456347
50456369
50456389
50456401
50456443
50456453
50456467
50456473
50456519
50456531
50456537
50456543
50456557
50456563
50456603
50456617
50456639
50456669
50456711
50456729
50456737
50456743
50456753
50456767
50456807
50456843
50456851
50456869
50456891
50456899
50456929
50456941
50456953
50456971
50456993
50456999
50457031
50457041
50457053
50457061
50457109
50457133
50457149
50457151
50457157
50457163
50457223
50457229
50457247
50457259
50457289
50457301
50457359
50457371
50457389
50457391
50457397
50457409
50457427
50457457
50457493
50457497
50457503
50457523
50457577
50457587
50457611
50457623
50457629
50457647
50457689
50457691
50457703
50457713
50457721
50457731
50457763
50457769
50457793
50457811
50457817
50457857
50457859
50457871
50457889
50457893
50457917
50457937
50457943
50457947
50457959
50457997
50458013
50458019
50458027
50458033
50458061
50458063
50458087
50458099
50458103
50458123
50458127
50458141
50458147
50458207
50458217
50458223
50458253
50458259
50458267
50458271
50458277
50458301
50458313
50458349
50458367
50458379
50458427
50458451
50458453
50458459
50458469
50458477
50458501
50458537
50458559
50458561
50458591
50458621
50458627
50458631
50458649
50458657
50458663
50458679
50458687
50458729
50458763
50458783
50458799
50458819
50458829
50458831
50458843
50458853
50458897
50458901
50458931
50458943
50458957
50458981
50459011
50459039
50459047
50459051
50459063
50459089
50459093
50459113
50459137
50459141
50459147
50459191
50459207
50459209
50459221
50459237
50459249
50459251
50459257
50459267
50459287
50459291
50459293
50459317
50459327
50459377
50459393
50459399
50459477
50459483
50459491
50459501
50459503
50459567
50459569
50459593
50459663
50459693
50459711
50459719
50459729
50459741
50459779
50459789
50459837
50459873
50459879
50459881
50459887
50459917
50459923
50459939
50459947
50459951
50459989
50460019
50460031
50460041
50460077
50460089
50460101
50460107
50460127
50460169
50460173
50460209
50460211
50460227
50460247
50460253
50460269
50460317
50460323
50460329
50460331
50460337
50460349
50460373
50460383
50460391
50460427
50460479
50460491
50460497
50460503
50460583
50460601
50460617
50460647
50460649
50460659
50460671
50460679
50460703
50460719
50460731
50460737
50460769
50460779
50460793
50460853
50460869
50460877
50460889
50460911
50460923
50460931
50460937
50460967
50461001
50461009
50461063
50461067
50461079
50461097
50461121
50461133
50461157
50461163
50461181
50461199
50461217
50461249
50461259
50461267
50461277
50461357
50461361
50461373
50461381
50461391
50461417
50461429
50461493
50461507
50461553
50461571
50461589
50461591
50461601
50461603
50461613
50461637
50461639
50461651
50461669
50461679
50461709
50461727
50461771
50461783
50461811
50461837
50461847
50461849
50461861
50461867
50461871
50461909
50461913
50461937
50461951
50461987
50461991
50462003
50462033
50462039
50462047
50462063
50462077
50462099
50462107
50462123
50462129
50462131
50462147
50462149
50462183
50462227
50462231
50462281
50462329
50462333
50462371
50462381
50462393
50462411
50462429
50462449
50462459
50462471
50462473
50462479
50462501
50462507
50462509
50462527
50462551
50462569
50462603
50462609
50462617
50462623
50462663
50462683
