51576869
51576871
51576883
51576911
51576953
51576961
51576979
51576989
51577007
51577061
51577091
51577111
51577129
51577157
51577159
51577181
51577187
51577199
51577213
51577241
51577249
51577259
51577261
51577271
51577277
51577291
51577301
51577307
51577319
51577327
51577333
51577411
51577423
51577429
51577433
51577469
51577481
51577489
51577499
51577517
51577529
51577543
51577553
51577567
51577627
51577633
51577637
51577651
51577657
51577679
51577681
51577697
51577699
51577703
51577727
51577751
51577781
51577787
51577789
51577793
51577807
51577811
51577829
51577853
51577871
51577901
51577919
51577961
51577987
51577991
51577993
51577997
51578011
51578039
51578053
51578057
51578069
51578071
51578089
51578159
51578183
51578209
51578243
51578249
51578251
51578273
51578279
51578291
51578299
51578321
51578341
51578347
51578353
51578363
51578413
51578419
51578431
51578467
51578477
51578503
51578507
51578531
51578537
51578539
51578551
51578557
51578563
51578603
51578609
51578621
51578623
51578633
51578641
51578687
51578689
51578701
51578707
51578717
51578729
51578741
51578767
51578797
51578809
51578819
51578827
51578837
51578843
51578893
51578897
51578899
51578927
51578929
51578959
51578981
51578987
51579007
51579013
51579043
51579049
51579083
51579097
51579113
51579169
51579191
51579211
51579217
51579223
51579233
51579239
51579251
51579259
51579277
51579287
51579289
51579293
51579331
51579373
51579379
51579397
51579401
51579419
51579439
51579461
51579467
51579469
51579503
51579523
51579529
51579533
51579553
51579601
51579607
51579611
51579617
51579667
51579673
51579707
51579743
51579767
51579793
51579799
51579839
51579841
51579859
51579911
51579917
51579929
51579947
51579959
51579967
51579973
51579977
51580033
51580037
51580049
51580073
51580129
51580141
51580147
51580153
51580171
51580181
51580201
51580247
51580271
51580273
51580279
51580301
51580303
51580327
51580339
51580343
51580351
51580367
51580369
51580381
51580387
51580409
51580423
51580439
51580453
51580457
51580483
51580493
51580511
51580517
51580519
51580523
51580591
51580603
51580609
51580619
51580657
51580663
51580673
51580679
51580721
51580729
51580757
51580777
51580783
51580799
51580811
51580813
51580831
51580847
51580853
51580889
51580897
51580901
51580943
51580957
51580981
51581017
51581021
51581027
51581081
51581083
51581129
51581149
51581171
51581191
51581261
51581273
51581279
51581297
51581317
51581323
51581339
51581347
51581351
51581353
51581359
51581363
51581393
51581423
51581443
51581477
51581501
51581533
51581573
51581603
51581611
51581623
51581627
51581653
51581659
51581671
51581729
51581767
51581809
51581821
51581857
51581899
51581909
51581947
51581951
51581963
51581969
51581987
51581993
51582001
51582043
51582049
51582067
51582071
51582079
51582101
51582119
51582121
51582137
51582173
51582187
51582191
51582203
51582221
51582227
51582229
51582247
51582263
51582277
51582287
51582299
51582313
51582337
51582347
51582379
51582383
51582407
51582431
51582439
51582463
51582527
51582533
51582571
51582577
51582581
51582589
51582611
51582617
51582659
51582679
51582689
51582719
51582731
51582733
51582763
51582779
51582781
51582809
51582827
51582841
51582871
51582893
51582899
51582907
51582911
51582919
51582941
51583001
51583013
51583019
51583027
51583033
51583057
51583073
51583079
51583097
51583109
51583123
51583139
51583159
51583177
51583183
51583201
51583297
51583307
51583313
51583331
51583351
51583361
51583379
51583391
51583397
51583403
51583429
51583447
51583471
51583481
51583517
51583573
51583577
51583591
51583601
51583607
51583621
51583639
51583643
51583657
51583667
51583673
51583711
51583747
51583757
51583793
51583801
51583891
51583897
51583913
51583927
51583981
51583991
51583997
51584003
51584053
51584059
51584081
51584111
51584119
51584149
51584173
51584207
51584227
51584233
51584257
51584287
51584303
51584329
51584339
51584369
51584371
51584441
51584453
51584497
51584509
51584513
51584531
51584537
51584539
51584567
51584587
51584627
51584629
51584641
51584657
51584671
51584693
51584717
51584719
51584723
51584737
51584761
51584779
51584809
51584831
51584849
51584857
51584861
51584873
51584887
51584909
51584933
51584959
51584969
51584977
51585031
51585047
51585091
51585103
51585119
51585143
51585151
51585167
51585169
51585187
51585197
51585203
51585239
51585283
51585299
51585301
51585307
51585319
51585349
51585371
51585383
51585397
51585419
51585427
51585451
51585467
51585487
51585539
51585559
51585563
51585571
51585587
51585607
51585613
51585637
51585641
51585661
51585671
51585673
51585691
51585707
51585719
51585761
51585763
51585791
51585823
51585827
51585839
51585841
51585857
51585869
51585899
51585917
51585923
51585949
51585991
51585997
51586009
51586027
51586037
51586049
51586057
51586081
51586127
51586141
51586151
51586153
51586163
51586169
51586187
51586219
51586229
51586231
51586247
51586259
51586319
51586343
51586363
51586397
51586427
51586429
51586439
51586453
51586471
51586481
51586489
51586523
51586529
51586531
51586537
51586559
51586597
51586603
51586607
51586609
51586643
51586657
51586699
51586727
51586739
51586751
51586771
51586783
51586793
51586807
51586811
51586817
51586819
51586859
51586867
51586877
51586889
51586901
51586933
51586943
51586961
51586963
51587017
51587021
51587047
51587083
51587087
51587089
51587093
51587101
51587111
51587117
51587141
51587189
51587203
51587257
51587269
51587281
51587293
51587297
51587303
51587309
51587323
51587351
51587357
51587369
51587377
51587399
51587443
51587453
51587461
51587479
51587507
51587513
51587519
51587533
51587561
51587563
51587581
51587609
51587611
51587617
51587633
51587663
51587671
51587681
51587687
51587719
51587743
51587749
51587759
51587797
51587849
51587909
51587951
51587957
51587959
51588001
51588029
51588041
51588083
51588091
51588107
51588113
51588139
51588161
51588169
51588179
51588181
51588221
51588223
51588233
51588269
51588301
51588307
51588367
51588377
51588391
51588403
51588431
51588457
51588461
51588463
51588499
51588503
51588539
51588541
51588547
51588569
51588571
51588601
51588611
51588613
51588623
51588631
51588643
51588653
51588673
51588689
51588721
51588731
51588821
51588827
51588847
51588893
51588917
51588923
51588983
51588997
51589001
51589007
51589049
51589061
51589073
51589079
51589081
51589099
51589141
51589147
51589151
51589157
51589217
51589249
51589259
51589283
51589297
51589303
51589309
51589331
51589361
51589387
51589399
51589403
51589451
51589453
51589459
51589477
51589481
51589493
51589501
51589561
51589619
51589631
51589639
51589649
51589697
51589721
51589739
51589751
51589763
51589771
51589789
51589831
51589843
51589871
51589873
51589907
51589913
51589939
51589961
51589969
51590009
51590023
51590029
51590039
51590057
51590059
51590083
51590137
51590167
51590171
51590179
51590183
51590197
51590221
51590243
51590261
51590303
51590309
51590317
51590327
51590353
51590387
51590401
51590431
51590447
51590467
51590471
51590477
51590521
51590531
51590533
51590569
51590573
51590593
51590599
51590621
51590639
51590647
51590683
51590717
51590731
51590761
51590837
51590867
51590887
51590893
51590911
51590953
51590963
51590989
51591017
51591019
51591031
51591091
51591121
51591149
51591151
51591173
51591229
51591247
51591259
51591263
51591269
51591307
51591317
51591343
51591349
51591359
51591367
51591391
51591437
51591439
51591451
51591469
51591473
51591499
51591521
51591539
51591557
51591569
51591577
51591581
51591587
51591607
51591611
51591637
51591647
51591649
51591679
51591713
51591751
51591767
51591791
51591823
51591833
51591851
51591857
51591877
51591907
51591929
51591941
51591961
51591971
51591997
51592001
51592003
51592007
51592027
51592039
51592043
51592061
51592111
51592141
51592159
51592169
51592193
51592199
51592231
51592237
51592253
51592273
51592283
51592291
51592301
51592327
51592337
51592349
51592367
51592369
51592379
51592403
51592423
51592459
51592483
51592547
51592549
51592559
51592571
51592601
51592621
51592631
51592661
51592679
51592687
51592721
51592741
51592753
51592777
51592811
51592829
51592831
51592859
51592867
51592873
51592901
51592907
51592913
51592927
51592951
51592993
51592997
51593023
51593027
51593029
51593051
51593063
51593093
51593131
51593141
51593159
51593161
51593167
51593173
51593219
51593237
51593257
51593273
51593287
51593309
51593323
51593371
51593383
51593401
51593411
51593413
51593431
51593441
51593461
51593467
51593473
51593501
51593513
51593519
51593537
51593561
51593573
51593599
51593611
51593629
51593681
51593701
51593719
51593741
51593747
51593749
51593771
51593777
51593779
51593791
51593809
51593837
51593849
51593887
51593897
51593917
51593933
51593959
51593977
51593999
51594001
51594017
51594019
51594041
51594043
51594061
51594073
51594091
51594097
51594107
51594119
51594121
51594163
51594173
51594181
51594187
51594217
51594251
51594259
51594271
51594287
51594289
51594293
51594307
51594311
51594341
51594373
51594409
51594419
51594421
51594427
51594449
51594511
51594533
51594581
51594601
51594619
51594637
51594661
51594689
51594703
51594707
51594713
51594749
51594839
51594853
51594859
51594869
51594871
51594889
51594901
51594923
51594947
51594953
51594971
51594997
51595043
51595073
51595091
51595099
51595111
51595123
51595133
51595157
51595163
51595177
51595183
51595189
51595199
51595217
51595223
51595307
51595337
51595351
51595361
51595387
51595409
51595421
51595457
51595471
51595483
51595499
51595513
51595517
51595543
51595573
51595591
51595627
51595631
51595633
51595637
51595639
51595651
51595667
51595673
51595681
51595741
51595751
51595763
51595781
51595783
51595787
51595807
51595823
51595837
51595853
51595861
51595879
51595883
51595891
51595897
51595919
51595933
51595979
51595987
51595991
51595993
51596011
51596023
51596029
51596033
51596047
51596089
51596113
51596119
51596137
51596147
51596261
51596263
51596273
51596287
51596297
51596299
51596317
51596329
51596333
51596341
51596357
51596371
51596387
51596393
51596399
51596437
51596453
51596477
51596527
51596543
51596551
51596563
51596579
51596627
51596641
51596651
51596707
51596711
51596729
51596749
51596801
51596807
51596827
51596863
51596879
51596893
51596953
51596969
51596971
51597017
51597019
51597031
51597041
51597047
51597053
51597083
51597089
51597097
51597109
51597121
51597137
51597157
51597167
51597173
51597187
51597209
51597223
51597239
51597241
51597263
51597281
51597283
51597319
51597341
51597353
51597367
51597373
51597389
51597391
51597419
51597421
51597443
51597449
51597451
51597457
51597479
51597503
51597529
51597563
51597577
51597613
51597619
51597629
51597701
51597713
51597727
51597731
51597739
51597743
51597751
51597761
51597817
51597827
51597829
51597841
51597881
51597883
51597911
51597913
51597929
51597937
51598007
51598013
51598021
51598033
51598061
51598067
51598073
51598103
51598117
51598121
51598133
51598187
51598189
51598199
51598201
51598219
51598231
51598259
51598271
51598307
51598331
51598333
51598343
51598367
51598369
51598381
51598403
51598423
51598429
51598439
51598441
51598483
51598489
51598493
51598513
51598531
51598537
51598543
51598559
51598567
51598579
51598583
51598633
51598639
51598649
51598669
51598691
51598727
51598751
51598793
51598819
51598837
51598847
51598853
51598861
51598871
51598873
51598879
51598891
51598933
51598949
51598969
51598991
51598999
51599017
51599027
51599039
51599047
51599059
51599089
51599137
51599161
51599167
51599203
51599209
51599227
51599237
51599239
51599257
51599287
51599291
51599309
51599333
51599347
51599363
51599371
51599377
51599399
51599461
51599489
51599491
51599501
51599503
51599519
51599551
51599563
51599567
51599579
51599591
51599599
51599609
51599617
51599623
51599629
51599651
51599663
51599677
51599707
51599711
51599759
51599767
51599773
51599791
51599803
51599809
51599813
51599819
51599851
51599887
51599893
51599917
51599927
51599929
51599939
51599963
51599993
51600007
51600037
51600047
51600053
51600061
51600071
51600079
51600119
51600121
51600167
51600169
51600179
51600221
51600223
51600229
51600233
51600271
51600281
51600343
51600347
51600349
51600377
51600383
51600401
51600467
51600469
51600487
51600503
51600511
51600517
51600539
51600547
51600551
51600557
51600581
51600587
51600589
51600617
51600623
51600629
51600649
51600677
51600701
51600721
51600733
51600737
51600761
51600767
51600779
51600781
51600793
51600803
51600811
51600821
51600859
51600881
51600907
51600917
51600949
51600953
51601003
51601007
51601009
51601021
51601057
51601061
51601087
51601097
51601117
51601129
51601153
51601157
51601211
51601217
51601219
51601271
51601289
51601313
51601327
51601331
51601343
51601357
51601367
51601369
51601373
51601427
51601439
51601447
51601507
51601519
51601523
51601541
51601553
51601559
51601567
51601601
51601603
51601609
51601619
51601633
51601651
51601679
51601691
51601703
51601721
51601741
51601757
51601787
51601793
51601843
51601861
51601871
51601873
51601889
51601981
51602027
51602029
51602059
51602069
51602071
51602077
51602101
51602137
51602143
51602147
51602171
51602183
51602189
51602219
51602263
51602269
51602273
51602297
51602323
51602329
51602333
51602357
51602359
51602393
51602399
51602407
51602413
51602417
51602431
51602437
51602449
51602471
51602479
51602527
51602543
51602591
51602597
51602609
51602611
51602647
51602653
51602659
51602669
51602711
51602737
51602741
51602801
51602807
51602809
51602821
51602849
51602857
51602893
51602899
51602911
51602921
51602927
51602951
51602963
51602981
51602987
51603017
51603047
51603059
51603067
51603091
51603113
51603131
51603137
51603157
51603169
51603173
51603239
51603241
51603257
51603263
51603269
51603301
51603337
51603407
51603427
51603443
51603451
51603469
51603491
51603521
51603523
51603553
51603571
51603577
51603589
51603593
51603599
51603613
51603649
51603659
51603667
51603689
51603691
51603703
51603719
51603733
51603749
51603751
51603779
51603781
51603803
51603817
51603833
51603883
51603907
51603911
51603917
51603931
51603949
51603961
51603989
51603991
51604001
51604009
51604043
51604081
51604087
51604093
51604103
51604121
51604123
51604127
51604183
51604193
51604219
51604229
51604277
51604297
51604309
51604321
51604327
51604331
51604349
51604391
51604393
51604411
51604417
51604439
51604453
51604471
51604489
51604493
51604499
51604517
51604519
51604547
51604549
51604561
51604573
51604577
51604583
51604613
51604621
51604661
51604667
51604697
51604711
51604733
51604753
51604759
51604769
51604771
51604793
51604849
51604853
51604909
51604951
51604997
51605003
51605009
51605011
51605017
51605039
51605063
51605131
51605153
51605161
51605189
51605221
51605227
51605231
51605237
51605291
51605299
51605317
51605321
51605339
51605341
51605371
51605401
51605441
51605443
51605459
51605467
51605473
51605479
51605497
51605503
51605527
51605531
51605549
51605551
51605641
51605651
51605663
51605677
51605681
51605683
51605699
51605753
51605783
51605789
51605809
51605833
51605909
51605927
51605933
51605947
51605971
51605989
51606007
51606017
51606029
51606031
51606059
51606127
51606131
51606133
51606161
51606199
51606209
51606211
51606221
51606229
51606241
51606251
51606263
51606287
51606293
51606301
51606307
51606311
51606343
51606349
51606361
51606367
51606431
51606433
51606449
51606469
51606473
51606479
51606491
51606521
51606523
51606559
51606617
51606623
51606637
51606691
51606697
51606707
51606721
51606727
51606743
51606757
51606791
51606803
51606833
51606853
51606889
51606899
51606913
51606943
51606959
51606967
51606991
51607043
51607051
51607103
51607109
51607117
51607133
51607139
51607163
51607177
51607187
51607207
51607217
51607229
51607247
51607261
51607271
51607289
51607333
51607337
51607349
51607351
51607373
51607379
51607411
51607417
51607459
51607471
51607481
51607483
51607511
51607513
51607519
51607547
51607583
51607601
51607649
51607681
51607687
51607691
51607709
51607757
51607771
51607813
51607817
51607873
51607909
51607957
51607961
51607967
51607991
51607993
51607999
51608003
51608017
51608057
51608069
51608083
51608111
51608131
51608143
51608173
51608191
51608201
51608231
51608233
51608239
51608261
51608281
51608309
51608329
51608353
51608363
51608383
51608399
51608411
51608419
51608423
51608437
51608441
51608443
51608449
51608467
51608477
51608497
51608507
51608533
51608581
51608587
51608593
51608597
51608621
51608663
51608699
51608723
51608749
51608759
51608783
51608797
51608813
51608839
51608857
51608911
51608933
51608939
51608971
51609001
51609007
51609013
51609049
51609091
51609137
51609139
51609143
51609157
51609169
51609193
51609251
51609253
51609269
51609277
51609287
51609289
51609329
51609343
51609347
51609353
51609359
51609361
51609367
51609379
51609391
51609419
51609443
51609457
51609461
51609479
51609499
51609521
51609527
51609541
51609617
51609629
51609641
51609653
51609661
51609667
51609683
51609707
51609731
51609737
51609743
51609749
51609781
51609787
51609793
51609839
51609853
51609881
51609893
51609911
51609913
51609923
51609973
51609979
51609991
51610003
51610037
51610043
51610057
51610081
51610123
51610171
51610177
51610189
51610193
51610211
51610217
51610231
51610241
51610243
51610291
51610297
51610303
51610337
51610357
51610379
51610409
51610411
51610421
51610501
51610511
51610541
51610547
51610577
51610607
51610613
51610627
51610639
51610649
51610661
51610667
51610717
51610723
51610733
51610739
51610751
51610763
51610771
51610789
51610831
51610847
51610901
51610907
51610913
51610943
51610961
51610969
51610991
51611003
51611023
51611033
51611047
51611059
51611089
51611093
51611141
51611159
51611171
51611177
51611207
51611221
51611237
51611243
51611279
51611291
51611299
51611317
51611323
51611327
51611341
51611363
51611377
51611381
51611393
51611423
51611431
51611449
51611459
51611477
51611501
51611513
51611519
51611531
51611537
51611591
51611611
51611617
51611627
51611629
51611647
51611669
51611713
51611717
51611719
51611731
51611737
51611759
51611761
51611767
51611783
51611797
51611821
51611891
51611897
51611921
51611927
51611933
51611939
51611981
51612007
51612031
51612047
51612049
51612053
51612061
51612103
51612109
51612133
51612149
51612163
51612173
51612191
51612193
51612217
51612269
51612287
51612293
51612307
51612329
51612343
51612347
51612367
51612371
51612401
51612403
51612409
51612461
51612469
51612479
51612487
51612511
51612523
51612541
51612581
51612611
51612623
51612653
51612661
51612689
51612703
51612709
51612719
51612733
51612739
51612749
51612751
51612793
51612823
51612859
51612881
51612887
51612907
51612929
51612931
51612983
51613007
51613019
51613027
51613031
51613049
51613057
51613091
51613103
51613151
51613157
51613183
51613193
51613213
51613231
51613267
51613271
51613273
51613297
51613313
51613319
51613327
51613349
51613351
51613399
51613423
51613427
51613433
51613447
51613453
51613469
51613477
51613489
51613511
51613537
51613553
51613561
51613589
51613621
51613637
51613657
51613691
51613703
51613733
51613741
51613753
51613759
51613777
51613801
51613811
51613829
51613831
51613841
51613843
51613867
51613873
51613879
51613949
51613951
51614009
51614011
51614029
51614041
51614063
51614071
51614083
51614107
51614111
51614117
51614137
51614153
51614161
51614191
51614207
51614237
51614239
51614243
51614263
51614267
51614273
51614281
51614291
51614327
51614351
51614359
51614399
51614401
51614417
51614419
51614429
51614483
51614489
51614509
51614551
51614561
51614581
51614611
51614623
51614627
51614677
51614681
51614687
51614707
51614711
51614743
51614753
51614779
51614803
51614831
51614833
51614837
51614851
51614861
51614863
51614881
51614909
51614929
51614933
51614957
51614987
51614999
51615017
51615019
51615049
51615061
51615101
51615107
51615119
51615121
51615131
51615133
51615139
51615143
51615149
51615241
51615253
51615299
51615323
51615337
51615359
51615371
51615373
51615397
51615401
51615439
51615469
51615493
51615503
51615511
51615547
51615569
51615581
51615583
51615593
51615601
51615607
51615643
51615659
51615673
51615691
51615701
51615763
51615769
51615779
51615787
51615797
51615827
51615833
51615847
51615857
51615869
51615871
51615881
51615901
51615923
51615947
51615959
51616009
51616043
51616057
51616079
51616093
51616139
51616153
51616157
51616181
51616189
51616237
51616241
51616277
51616283
51616307
51616321
51616339
51616343
51616363
51616379
51616381
51616391
51616447
51616501
51616507
51616547
51616567
51616571
51616583
51616667
51616679
51616703
51616717
51616759
51616801
51616843
51616847
51616871
51616883
51616921
51616937
51616963
51616967
51616973
51616979
51616993
51617003
51617017
51617021
51617023
51617039
51617051
51617057
51617087
51617089
51617107
51617113
51617123
51617173
51617179
51617197
51617227
51617231
51617239
51617249
51617261
51617273
51617297
51617299
51617309
51617311
51617333
51617341
51617347
51617381
51617411
51617417
51617431
51617437
51617441
51617443
51617453
51617521
51617551
51617567
51617569
51617581
51617611
51617633
51617653
51617663
51617711
51617719
51617749
51617777
51617801
51617809
51617833
51617873
51617887
51617897
51617903
51617947
51617959
51617963
51617971
51617983
51618011
51618019
51618023
51618029
51618031
51618037
51618089
51618101
51618113
51618157
51618167
51618179
51618181
51618209
51618223
51618241
51618251
51618253
51618263
51618271
51618283
51618299
51618319
51618353
51618397
51618403
51618473
51618499
51618527
51618551
51618563
51618571
51618583
51618599
51618629
51618659
51618667
51618691
51618701
51618703
51618719
51618731
51618757
51618761
51618797
51618799
51618821
51618863
51618881
51618883
51618887
51618893
51618899
51618907
51618913
51618943
51618949
51618967
51618977
51618989
51619027
51619031
51619037
51619063
51619079
51619081
51619121
51619129
51619151
51619177
51619187
51619189
51619193
51619223
51619241
51619349
51619363
51619367
51619387
51619439
51619471
51619487
51619493
51619499
51619511
51619517
51619597
51619639
51619649
51619657
51619661
51619663
51619669
51619679
51619691
51619693
51619703
51619717
51619727
51619741
51619747
51619753
51619759
51619793
51619801
51619849
51619859
51619879
51619891
51619927
51619951
51619961
51619987
51619999
51620011
51620021
51620033
51620099
51620137
51620141
51620161
51620197
51620209
51620227
51620237
51620243
51620269
51620287
51620311
51620323
51620341
51620369
51620383
51620389
51620423
51620431
51620461
51620467
51620477
51620489
51620497
51620509
51620519
51620531
51620567
51620581
51620593
51620651
51620659
51620669
51620729
51620741
51620743
51620749
51620813
51620827
51620837
51620843
51620867
51620897
51620903
51620909
51620923
51620953
51620971
51620977
51620981
51621007
51621013
51621041
51621071
51621077
51621079
51621121
51621127
51621133
51621137
51621161
51621209
51621217
51621239
51621257
51621281
51621287
51621307
51621319
51621329
51621341
51621359
51621431
51621491
51621511
51621527
51621539
51621551
51621553
51621569
51621587
51621589
51621593
51621617
51621659
51621671
51621709
51621721
51621733
51621763
51621781
51621793
51621797
51621811
51621833
51621847
51621859
51621883
51621901
51621923
51621929
51621931
51621949
51621953
51621961
51621971
51622007
51622061
51622079
51622111
51622127
51622133
51622147
51622177
51622187
51622199
51622213
51622273
51622283
51622301
51622331
51622343
51622369
51622381
51622393
51622399
51622423
51622427
51622433
51622451
51622457
51622507
51622547
51622553
51622561
51622573
51622577
51622621
51622633
51622643
51622663
51622667
51622679
51622687
51622709
51622723
51622729
51622771
51622799
51622801
51622811
51622849
51622859
51622861
51622889
51622891
51622903
51622913
51622927
51622933
51622957
51622969
51622973
51622979
51622993
51622997
51623003
51623009
51623021
51623041
51623051
51623081
51623093
51623119
51623129
51623137
51623147
51623149
51623179
51623197
51623227
51623279
51623287
51623309
51623329
51623347
51623357
51623371
51623389
51623413
51623417
51623443
51623449
51623459
51623479
51623489
51623491
51623503
51623519
51623527
51623591
51623597
51623609
51623623
51623639
51623647
51623651
51623669
51623681
51623717
51623777
51623791
51623809
51623837
51623851
51623861
51623863
51623867
51623899
51623903
51623911
51623927
51623933
51623939
51623941
51623947
51623953
51623989
51624101
51624107
51624109
51624143
51624149
51624169
51624191
51624193
51624227
51624241
51624271
51624299
51624301
51624343
51624403
51624409
51624421
51624439
51624473
51624479
51624487
51624497
51624511
51624523
51624557
51624569
51624593
51624607
51624613
51624647
51624667
51624697
51624701
51624707
51624721
51624787
51624791
51624821
51624829
51624883
51624893
51624899
51624913
51624929
51624931
51624961
51624967
51624973
51624977
51625003
51625019
51625031
51625037
51625051
51625061
51625081
51625097
51625099
51625117
51625121
51625139
51625151
51625163
51625181
51625187
51625201
51625237
51625283
51625289
51625297
51625391
51625393
51625417
51625421
51625439
51625463
51625477
51625493
51625507
51625513
51625529
51625543
51625579
51625589
51625621
51625643
51625661
51625687
51625697
51625723
51625727
51625729
51625781
51625807
51625813
51625817
51625859
51625867
51625883
51625913
51625999
51626009
51626027
51626033
51626039
51626077
51626117
51626123
51626143
51626147
51626167
51626189
51626207
51626221
51626227
51626231
51626233
51626261
51626269
51626279
51626291
51626299
51626317
51626321
51626369
51626387
51626431
51626437
51626441
51626459
51626461
51626483
51626489
51626521
51626551
51626567
51626599
51626609
51626639
51626647
51626657
51626681
51626689
51626723
51626741
51626753
51626761
51626767
51626797
51626849
51626863
51626867
51626879
51626891
51626903
51626941
51627029
51627041
51627049
51627073
51627083
51627091
51627119
51627127
51627137
51627139
51627143
51627187
51627193
51627239
51627259
51627271
51627293
51627311
51627349
51627371
51627383
51627403
51627413
51627421
51627439
51627461
51627467
51627497
51627509
51627517
51627551
51627557
51627601
51627619
51627629
51627637
51627643
51627647
51627677
51627683
51627713
51627739
51627749
51627767
51627781
51627787
51627791
51627799
51627811
51627841
51627853
51627857
51627869
51627887
51627911
51627931
51627937
51627971
51627977
51627991
51628007
51628019
51628067
51628103
51628117
51628141
51628163
51628183
51628189
51628193
51628223
51628243
51628253
51628267
51628309
51628319
51628327
51628393
51628397
51628417
51628427
51628429
51628483
51628487
51628531
51628543
51628559
51628571
51628589
51628597
51628601
51628627
51628639
51628663
51628673
51628691
51628693
51628723
51628763
51628771
51628777
51628781
51628817
51628823
51628873
51628883
51628921
51628931
51628937
51629003
51629009
51629021
51629029
51629033
51629047
51629057
51629069
51629087
51629093
51629113
51629129
51629159
51629173
51629231
51629257
51629269
51629287
51629311
51629339
51629341
51629377
51629399
51629407
51629419
51629489
51629491
51629551
51629573
51629603
51629639
51629647
51629651
51629659
51629681
51629693
51629741
51629749
51629759
51629797
51629807
51629819
51629839
51629843
51629857
51629861
51629863
51629873
51629909
51629933
51629939
51629959
51629983
51629989
51630023
51630031
51630077
51630079
51630083
51630091
51630149
51630151
51630157
51630169
51630181
51630191
51630197
51630211
51630253
51630259
51630263
51630269
51630301
51630317
51630329
51630347
51630361
51630367
51630443
51630451
51630473
51630539
51630559
51630571
51630589
51630613
51630641
51630647
51630679
51630697
51630713
51630721
51630727
51630737
51630743
51630757
51630763
51630773
51630797
51630823
51630871
51630881
51630907
51630919
51630979
51631007
51631009
51631039
51631061
51631127
51631141
51631157
51631183
51631211
51631219
51631231
51631241
51631249
51631267
51631273
51631277
51631289
51631291
51631351
51631357
51631457
51631483
51631501
51631537
51631543
51631577
51631579
51631589
51631603
51631609
51631627
51631633
51631637
51631649
51631651
51631661
51631663
51631747
51631763
51631781
51631807
51631817
51631819
51631823
51631829
51631871
51631901
51631961
51632039
51632041
51632069
51632083
51632089
51632099
51632117
51632137
51632153
51632173
51632183
51632201
51632221
51632249
51632261
51632303
51632323
51632327
51632351
51632387
51632393
51632429
51632431
51632459
51632473
51632479
51632491
51632509
51632527
51632543
51632573
51632579
51632593
51632597
51632599
51632627
51632641
51632683
51632687
51632717
51632771
51632783
51632803
51632831
51632851
51632857
51632873
51632881
51632909
51632923
51632929
51632939
51632969
51632983
51633007
51633017
51633031
51633037
51633053
51633059
51633121
51633133
51633143
51633149
51633163
51633181
51633217
51633223
51633251
51633269
51633287
51633341
51633353
51633371
51633377
51633397
51633433
51633443
51633451
51633467
51633479
51633487
51633509
51633521
51633529
51633559
51633563
51633619
51633629
51633649
51633667
51633671
51633691
51633707
51633731
51633733
51633737
51633739
51633763
51633787
51633809
51633821
51633839
51633859
51633889
51633917
51633929
51633943
51633961
51633983
51633991
51634061
51634087
51634133
51634139
51634157
51634171
51634183
51634207
51634259
51634279
51634301
51634307
51634327
51634337
51634339
51634391
51634403
51634441
51634463
51634477
51634481
51634483
51634523
51634543
51634547
51634553
51634589
51634643
51634657
51634699
51634711
51634727
51634733
51634753
51634777
51634783
51634801
51634813
51634841
51634859
51634861
51634901
51634969
51634991
51635021
51635039
51635063
51635071
51635083
51635099
51635117
51635147
51635173
51635203
51635209
51635249
51635263
51635317
51635321
51635323
51635327
51635351
51635393
51635401
51635411
51635431
51635447
51635453
51635489
51635497
51635501
51635537
51635539
51635557
51635569
51635587
51635599
51635603
51635611
51635653
51635659
51635663
51635671
51635693
51635729
51635737
51635767
51635777
51635791
51635803
51635821
51635827
51635849
51635869
51635911
51635959
51635981
51635993
51636001
51636017
51636023
51636121
51636161
51636199
51636203
51636227
51636239
51636251
51636329
51636337
51636353
51636379
51636427
51636437
51636457
51636467
51636491
51636493
51636499
51636517
51636527
51636539
51636551
51636581
51636583
51636601
51636647
51636649
51636677
51636703
51636713
51636727
51636743
51636749
51636751
51636763
51636773
51636779
51636797
51636811
51636839
51636847
51636853
51636857
51636869
51636881
51636899
51636911
51636919
51636929
51636931
51636943
51636953
51636961
51636983
51636989
51637009
51637013
51637021
51637063
51637087
51637099
51637111
51637121
51637123
51637127
51637129
51637147
51637151
51637169
51637189
51637219
51637247
51637253
51637273
51637283
51637297
51637301
51637303
51637321
51637337
51637357
51637363
51637373
51637379
51637387
51637427
51637433
51637447
51637493
51637501
51637511
51637513
51637561
51637571
51637577
51637583
51637601
51637627
51637633
51637667
51637669
51637673
51637697
51637709
51637727
51637759
51637787
51637841
51637849
51637871
51637919
51637931
51637939
51637961
51637997
51638003
51638011
51638023
51638077
51638089
51638107
51638117
51638131
51638149
51638179
51638261
51638267
51638287
51638291
51638297
51638303
51638309
51638339
51638341
51638351
51638359
51638369
51638407
51638413
51638417
51638453
51638459
51638471
51638491
51638539
51638551
51638567
51638593
51638603
51638621
51638633
51638651
51638669
51638681
51638683
51638689
51638693
51638701
51638711
51638731
51638771
51638773
51638831
51638833
51638861
51638863
51638869
51638891
51638897
51638927
51638929
51638969
51638971
51638987
51638989
51639023
51639037
51639067
51639073
51639083
51639097
51639127
51639143
51639157
51639167
51639187
51639233
51639241
51639253
51639281
51639307
51639349
51639389
51639391
51639407
51639409
51639443
51639449
51639461
51639463
51639479
51639487
51639503
51639509
51639551
51639563
51639569
51639571
51639589
51639613
51639619
51639631
51639667
51639671
51639673
51639683
51639703
51639713
51639719
51639737
51639743
51639803
51639811
51639823
51639839
51639877
51639881
51639883
51639911
51639919
51639961
51639971
51639979
51639989
51639997
51640007
51640031
51640051
51640063
51640087
51640091
51640093
51640103
51640117
51640133
51640153
51640159
51640177
51640207
51640223
51640229
51640243
51640289
51640297
51640363
51640367
51640397
51640411
51640417
51640427
51640429
51640481
51640487
51640507
51640541
51640553
51640571
51640573
51640591
51640601
51640621
51640627
51640649
51640697
51640717
51640739
51640741
51640751
51640783
51640811
51640829
51640843
51640847
51640859
51640873
51640891
51640903
51640933
51640949
51640973
51641033
51641047
51641059
51641063
51641077
51641081
51641101
51641111
51641119
51641129
51641131
51641137
51641143
51641147
51641153
51641167
51641173
51641179
51641231
51641267
51641269
51641281
51641299
51641311
51641333
51641341
51641347
51641437
51641479
51641483
51641503
51641507
51641531
51641537
51641549
51641621
51641633
51641659
51641669
51641683
51641713
51641719
51641729
51641743
51641749
51641771
51641773
51641789
51641797
51641809
51641827
51641833
51641851
51641881
51641897
51641957
51641959
51641977
51641987
51641999
51642029
51642043
51642067
51642079
51642089
51642091
51642109
51642113
51642119
51642139
51642163
51642191
51642197
51642211
51642229
51642233
51642251
51642263
51642281
51642307
51642319
51642341
