53542927
53542963
53542967
53542987
53543053
53543071
53543093
53543111
53543131
53543137
53543143
53543153
53543179
53543209
53543219
53543227
53543233
53543261
53543263
53543279
53543291
53543297
53543339
53543359
53543363
53543377
53543389
53543407
53543419
53543423
53543429
53543431
53543447
53543449
53543453
53543467
53543507
53543531
53543533
53543569
53543579
53543587
53543617
53543639
53543641
53543647
53543671
53543681
53543683
53543687
53543713
53543717
53543719
53543723
53543731
53543741
53543753
53543759
53543813
53543879
53543891
53543899
53543911
53543923
53543953
53543981
53543989
53544013
53544017
53544053
53544061
53544083
53544103
53544131
53544133
53544137
53544149
53544157
53544173
53544187
53544209
53544221
53544247
53544263
53544287
53544301
53544311
53544313
53544341
53544371
53544419
53544427
53544431
53544461
53544467
53544473
53544479
53544481
53544487
53544493
53544499
53544521
53544571
53544593
53544637
53544671
53544707
53544727
53544737
53544739
53544769
53544779
53544839
53544889
53544901
53544913
53544923
53544929
53544947
53544949
53544973
53544979
53545001
53545003
53545013
53545039
53545069
53545099
53545103
53545109
53545117
53545123
53545133
53545157
53545169
53545171
53545183
53545201
53545207
53545231
53545243
53545279
53545301
53545313
53545343
53545351
53545379
53545381
53545399
53545409
53545417
53545433
53545447
53545451
53545483
53545493
53545507
53545519
53545559
53545567
53545577
53545589
53545601
53545603
53545607
53545619
53545669
53545717
53545721
53545747
53545757
53545759
53545783
53545787
53545829
53545883
53545901
53545907
53545913
53545951
53545967
53545969
53545991
53546027
53546063
53546071
53546111
53546153
53546173
53546191
53546203
53546249
53546321
53546329
53546387
53546411
53546417
53546419
53546431
53546443
53546459
53546477
53546491
53546501
53546509
53546513
53546531
53546539
53546543
53546551
53546573
53546627
53546639
53546657
53546663
53546671
53546683
53546711
53546723
53546743
53546747
53546777
53546791
53546797
53546819
53546839
53546873
53546879
53546893
53546917
53546929
53546953
53546981
53547001
53547031
53547037
53547049
53547061
53547071
53547077
53547089
53547113
53547121
53547181
53547209
53547211
53547239
53547283
53547317
53547343
53547349
53547359
53547407
53547413
53547421
53547451
53547463
53547503
53547511
53547521
53547541
53547553
53547563
53547577
53547581
53547607
53547623
53547631
53547647
53547653
53547677
53547679
53547707
53547709
53547713
53547733
53547761
53547787
53547803
53547817
53547821
53547839
53547847
53547853
53547911
53547919
53547971
53547983
53547997
53548013
53548037
53548051
53548063
53548093
53548111
53548127
53548133
53548169
53548177
53548199
53548207
53548211
53548219
53548237
53548241
53548247
53548259
53548279
53548331
53548349
53548381
53548409
53548421
53548427
53548433
53548447
53548507
53548543
53548549
53548601
53548633
53548637
53548681
53548699
53548723
53548741
53548763
53548769
53548771
53548801
53548823
53548837
53548841
53548843
53548867
53548871
53548883
53548903
53548909
53548919
53548967
53549003
53549009
53549017
53549029
53549063
53549081
53549107
53549137
53549149
53549161
53549173
53549179
53549189
53549203
53549207
53549257
53549273
53549297
53549311
53549317
53549339
53549347
53549357
53549381
53549383
53549401
53549413
53549443
53549449
53549533
53549537
53549539
53549563
53549569
53549579
53549603
53549627
53549641
53549653
53549707
53549729
53549753
53549789
53549791
53549801
53549827
53549831
53549849
53549851
53549861
53549869
53549879
53549893
53549929
53549939
53549963
53550011
53550041
53550067
53550073
53550089
53550103
53550121
53550127
53550181
53550197
53550199
53550209
53550241
53550271
53550281
53550293
53550331
53550377
53550389
53550403
53550407
53550449
53550473
53550481
53550517
53550529
53550577
53550613
53550631
53550641
53550643
53550661
53550689
53550691
53550709
53550727
53550767
53550769
53550773
53550787
53550811
53550817
53550821
53550823
53550839
53550881
53550899
53550929
53550941
53550977
53550979
53550983
53550989
53551009
53551021
53551027
53551031
53551051
53551073
53551079
53551087
53551123
53551151
53551163
53551187
53551193
53551213
53551231
53551249
53551259
53551273
53551327
53551339
53551349
53551363
53551387
53551391
53551403
53551417
53551439
53551441
53551447
53551489
53551523
53551529
53551541
53551549
53551577
53551583
53551627
53551669
53551703
53551733
53551769
53551789
53551801
53551829
53551837
53551859
53551867
53551871
53551873
53551891
53551909
53551919
53551931
53551933
53551991
53552003
53552017
53552029
53552033
53552063
53552077
53552087
53552111
53552131
53552153
53552171
53552173
53552197
53552231
53552263
53552267
53552269
53552287
53552297
53552309
53552311
53552351
53552371
53552381
53552383
53552453
53552459
53552467
53552479
53552483
53552539
53552549
53552561
53552591
53552617
53552641
53552657
53552663
53552689
53552701
53552711
53552743
53552747
53552749
53552761
53552777
53552783
53552791
53552797
53552819
53552831
53552861
53552867
53552869
53552909
53552911
53552921
53552923
53552951
53552959
53552971
53552981
53553083
53553091
53553119
53553127
53553173
53553187
53553197
53553217
53553271
53553287
53553289
53553293
53553329
53553371
53553377
53553413
53553439
53553443
53553463
53553473
53553481
53553491
53553497
53553527
53553529
53553557
53553581
53553593
53553629
53553641
53553649
53553653
53553659
53553671
53553679
53553733
53553743
53553767
53553779
53553793
53553803
53553817
53553847
53553869
53553931
53553943
53553967
53554003
53554013
53554031
53554037
53554043
53554057
53554073
53554079
53554091
53554117
53554181
53554183
53554201
53554223
53554231
53554243
53554261
53554273
53554289
53554309
53554313
53554321
53554343
53554357
53554363
53554367
53554381
53554409
53554411
53554421
53554439
53554447
53554451
53554469
53554481
53554493
53554499
53554517
53554531
53554537
53554547
53554549
53554583
53554601
53554609
53554663
53554687
53554691
53554723
53554727
53554759
53554769
53554783
53554789
53554801
53554829
53554841
53554847
53554859
53554867
53554871
53554877
53554883
53554937
53554951
53554999
53555009
53555023
53555071
53555111
53555113
53555123
53555233
53555237
53555267
53555269
53555309
53555401
53555407
53555413
53555417
53555441
53555461
53555473
53555497
53555503
53555521
53555527
53555549
53555561
53555563
53555581
53555587
53555603
53555617
53555639
53555641
53555651
53555653
53555659
53555681
53555767
53555791
53555819
53555861
53555863
53555867
53555869
53555923
53555947
53555969
53555989
53556031
53556037
53556043
53556049
53556053
53556059
53556089
53556091
53556157
53556163
53556179
53556211
53556229
53556241
53556289
53556299
53556317
53556323
53556329
53556343
53556379
53556401
53556403
53556413
53556431
53556449
53556467
53556469
53556473
53556521
53556527
53556539
53556557
53556577
53556583
53556593
53556631
53556721
53556731
53556739
53556761
53556773
53556781
53556787
53556803
53556827
53556847
53556859
53556863
53556883
53556889
53556911
53556929
53556931
53556941
53556959
53556983
53556989
53557033
53557037
53557061
53557079
53557081
53557099
53557103
53557121
53557139
53557183
53557199
53557211
53557213
53557223
53557247
53557249
53557261
53557267
53557277
53557291
53557331
53557369
53557373
53557379
53557381
53557391
53557417
53557421
53557423
53557433
53557457
53557481
53557529
53557541
53557549
53557579
53557607
53557657
53557681
53557697
53557703
53557709
53557727
53557741
53557753
53557783
53557793
53557807
53557831
53557873
53557877
53557897
53557937
53557943
53557963
53557993
53557997
53558009
53558047
53558077
53558083
53558137
53558149
53558161
53558201
53558209
53558213
53558231
53558251
53558269
53558293
53558327
53558339
53558363
53558429
53558437
53558441
53558471
53558537
53558539
53558611
53558623
53558639
53558641
53558677
53558683
53558689
53558711
53558717
53558741
53558759
53558773
53558797
53558801
53558807
53558819
53558837
53558849
53558863
53558887
53558893
53558899
53558903
53558909
53558933
53558941
53558971
53558977
53558983
53559013
53559031
53559049
53559053
53559083
53559089
53559101
53559131
53559139
53559169
53559173
53559217
53559223
53559263
53559283
53559287
53559343
53559349
53559353
53559361
53559371
53559379
53559383
53559397
53559427
53559431
53559437
53559463
53559497
53559511
53559523
53559533
53559557
53559559
53559563
53559581
53559587
53559601
53559629
53559643
53559677
53559679
53559697
53559719
53559749
53559761
53559799
53559827
53559829
53559923
53559937
53559949
53559953
53559959
53559967
53559973
53559977
53559991
53560043
53560049
53560061
53560099
53560121
53560151
53560159
53560193
53560207
53560211
53560231
53560277
53560291
53560301
53560313
53560357
53560433
53560439
53560447
53560457
53560459
53560471
53560511
53560517
53560541
53560547
53560579
53560607
53560609
53560621
53560631
53560649
53560667
53560673
53560691
53560733
53560751
53560789
53560799
53560807
53560811
53560831
53560841
53560847
53560907
53560933
53560937
53560957
53560961
53560987
53560993
53561029
53561041
53561083
53561099
53561119
53561143
53561159
53561161
53561177
53561191
53561197
53561201
53561243
53561251
53561269
53561281
53561303
53561309
53561317
53561327
53561329
53561351
53561371
53561423
53561449
53561461
53561467
53561471
53561507
53561567
53561587
53561591
53561593
53561597
53561603
53561647
53561653
53561699
53561719
53561759
53561773
53561777
53561797
53561803
53561821
53561861
53561863
53561899
53561923
53561929
53561933
53561941
53561947
53561993
53562013
53562023
53562037
53562059
53562097
53562107
53562109
53562149
53562169
53562211
53562227
53562233
53562251
53562263
53562269
53562283
53562293
53562319
53562323
53562343
53562361
53562367
53562373
53562401
53562407
53562419
53562493
53562497
53562499
53562503
53562517
53562521
53562541
53562571
53562581
53562583
53562589
53562617
53562629
53562667
53562671
53562673
53562713
53562727
53562731
53562749
53562757
53562763
53562779
53562793
53562811
53562827
53562841
53562853
53562857
53562877
53562889
53562893
53562911
53562931
53562953
53562979
53563001
53563031
53563043
53563051
53563057
53563061
53563099
53563123
53563151
53563177
53563183
53563187
53563199
53563201
53563249
53563259
53563291
53563313
53563331
53563333
53563339
53563373
53563403
53563441
53563453
53563519
53563529
53563537
53563547
53563577
53563579
53563639
53563649
53563661
53563721
53563733
53563739
53563751
53563759
53563771
53563837
53563843
53563859
53563871
53563903
53563943
53563981
53563997
53564011
53564029
53564041
53564047
53564089
53564113
53564129
53564141
53564167
53564191
53564201
53564207
53564213
53564219
53564227
53564237
53564243
53564281
53564293
53564323
53564339
53564347
53564351
53564359
53564387
53564393
53564411
53564437
53564461
53564471
53564473
53564519
53564579
53564587
53564593
53564611
53564617
53564639
53564647
53564659
53564669
53564681
53564689
53564701
53564717
53564729
53564741
53564747
53564759
53564809
53564813
53564831
53564837
53564839
53564843
53564851
53564873
53564879
53564887
53564899
53564957
53564969
53564981
53565013
53565023
53565037
53565041
53565067
53565073
53565077
53565089
53565119
53565151
53565167
53565173
53565191
53565203
53565217
53565221
53565247
53565257
53565263
53565293
53565301
53565319
53565329
53565331
53565353
53565359
53565371
53565373
53565403
53565409
53565431
53565467
53565481
53565527
53565539
53565583
53565587
53565599
53565637
53565647
53565661
53565671
53565703
53565719
53565727
53565791
53565797
53565821
53565823
53565847
53565851
53565857
53565877
53565901
53565907
53565931
53565943
53565949
53565961
53566027
53566039
53566063
53566067
53566129
53566147
53566151
53566169
53566189
53566207
53566211
53566237
53566297
53566307
53566309
53566313
53566327
53566351
53566361
53566367
53566391
53566399
53566423
53566477
53566483
53566501
53566531
53566549
53566559
53566573
53566603
53566637
53566657
53566679
53566687
53566693
53566717
53566739
53566759
53566771
53566811
53566823
53566879
53566883
53566897
53566913
53566921
53566927
53566937
53566979
53566991
53566999
53567057
53567081
53567093
53567113
53567123
53567141
53567159
53567191
53567209
53567243
53567249
53567257
53567329
53567351
53567359
53567369
53567383
53567387
53567389
53567407
53567413
53567419
53567429
53567461
53567477
53567489
53567491
53567497
53567513
53567531
53567543
53567581
53567623
53567651
53567671
53567677
53567741
53567743
53567747
53567753
53567779
53567797
53567803
53567807
53567819
53567849
53567861
53567863
53567869
53567887
53567903
53567939
53567947
53567953
53567963
53567977
53567993
53567999
53568019
53568029
53568059
53568061
53568091
53568113
53568161
53568167
53568209
53568253
53568269
53568271
53568287
53568289
53568301
53568313
53568329
53568371
53568379
53568397
53568413
53568439
53568457
53568491
53568503
53568517
53568521
53568523
53568533
53568569
53568631
53568677
53568703
53568707
53568721
53568769
53568791
53568803
53568839
53568857
53568869
53568881
53568883
53568917
53568937
53568953
53568959
53568971
53569027
53569039
53569051
53569063
53569069
53569097
53569111
53569121
53569127
53569129
53569133
53569157
53569171
53569181
53569207
53569211
53569223
53569259
53569267
53569291
53569297
53569301
53569319
53569339
53569361
53569391
53569393
53569403
53569441
53569459
53569487
53569501
53569541
53569543
53569561
53569577
53569589
53569597
53569639
53569661
53569679
53569709
53569717
53569727
53569781
53569799
53569811
53569819
53569823
53569837
53569883
53569937
53569939
53569963
53569973
53569981
53569993
53570021
53570057
53570071
53570081
53570087
53570089
53570123
53570129
53570159
53570173
53570233
53570267
53570269
53570273
53570311
53570317
53570323
53570353
53570359
53570369
53570399
53570401
53570437
53570471
53570483
53570509
53570527
53570563
53570567
53570581
53570591
53570599
53570603
53570617
53570653
53570659
53570669
53570677
53570681
53570711
53570717
53570729
53570753
53570767
53570771
53570779
53570807
53570813
53570827
53570897
53570921
53570947
53570963
53570981
53570983
53571019
53571031
53571053
53571059
53571073
53571103
53571173
53571187
53571223
53571239
53571251
53571263
53571281
53571293
53571307
53571313
53571367
53571377
53571389
53571407
53571409
53571487
53571491
53571509
53571517
53571541
53571563
53571569
53571601
53571631
53571643
53571653
53571667
53571673
53571677
53571691
53571719
53571737
53571757
53571779
53571799
53571803
53571809
53571821
53571857
53571863
53571883
53571901
53571911
53571943
53571989
53571997
53572003
53572009
53572021
53572073
53572111
53572121
53572147
53572159
53572187
53572217
53572231
53572243
53572249
53572261
53572271
53572273
53572279
53572303
53572331
53572357
53572399
53572403
53572417
53572427
53572447
53572481
53572499
53572511
53572513
53572573
53572637
53572663
53572693
53572697
53572699
53572703
53572709
53572733
53572751
53572769
53572793
53572807
53572811
53572847
53572853
53572859
53572873
53572879
53572901
53572907
53572919
53572943
53572949
53572973
53572993
53573011
53573029
53573033
53573059
53573071
53573123
53573131
53573147
53573159
53573161
53573203
53573209
53573243
53573251
53573257
53573269
53573281
53573309
53573321
53573323
53573327
53573383
53573423
53573431
53573437
53573453
53573489
53573491
53573497
53573539
53573587
53573591
53573599
53573603
53573621
53573671
53573687
53573717
53573747
53573789
53573809
53573857
53573867
53573869
53573893
53573903
53573911
53573917
53573941
53573999
53574011
53574013
53574023
53574029
53574041
53574067
53574077
53574083
53574109
53574127
53574133
53574161
53574179
53574181
53574197
53574203
53574211
53574217
53574229
53574251
53574253
53574271
53574289
53574299
53574307
53574341
53574343
53574373
53574379
53574401
53574439
53574449
53574487
53574511
53574533
53574539
53574553
53574583
53574601
53574611
53574637
53574643
53574673
53574691
53574721
53574739
53574761
53574767
53574791
53574817
53574827
53574839
53574901
53574907
53574929
53574949
53575021
53575043
53575057
53575087
53575097
53575111
53575133
53575139
53575153
53575157
53575169
53575213
53575229
53575243
53575259
53575289
53575337
53575367
53575369
53575373
53575387
53575391
53575399
53575427
53575433
53575453
53575469
53575493
53575513
53575531
53575537
53575559
53575567
53575591
53575601
53575603
53575607
53575609
53575651
53575661
53575663
53575681
53575693
53575729
53575733
53575747
53575757
53575777
53575829
53575831
53575849
53575867
53575871
53575909
53575931
53575933
53575937
53575943
53575969
53576009
53576059
53576063
53576069
53576113
53576119
53576123
53576161
53576167
53576183
53576203
53576207
53576213
53576227
53576261
53576267
53576293
53576297
53576321
53576353
53576363
53576399
53576423
53576431
53576441
53576459
53576473
53576489
53576491
53576507
53576513
53576521
53576527
53576531
53576563
53576573
53576603
53576641
53576651
53576737
53576759
53576771
53576819
53576893
53576917
53576923
53576927
53576953
53576977
53576981
53576983
53577023
53577053
53577059
53577061
53577067
53577137
53577151
53577157
53577163
53577187
53577191
53577193
53577197
53577203
53577233
53577241
53577257
53577259
53577263
53577323
53577343
53577371
53577383
53577389
53577409
53577437
53577439
53577449
53577451
53577457
53577463
53577479
53577521
53577539
53577551
53577577
53577593
53577631
53577637
53577661
53577683
53577691
53577709
53577731
53577737
53577763
53577779
53577781
53577793
53577803
53577809
53577817
53577847
53577869
53577907
53577913
53577917
53577941
53577943
53577973
53578009
53578027
53578061
53578079
53578087
53578111
53578127
53578139
53578141
53578211
53578219
53578229
53578249
53578289
53578297
53578307
53578319
53578321
53578333
53578337
53578351
53578363
53578367
53578381
53578391
53578403
53578417
53578433
53578451
53578453
53578471
53578501
53578507
53578519
53578529
53578673
53578699
53578709
53578729
53578751
53578771
53578793
53578807
53578853
53578873
53578897
53578927
53578933
53578939
53578957
53578961
53578969
53578981
53578991
53578999
53579003
53579011
53579033
53579039
53579041
53579051
53579081
53579093
53579101
53579171
53579177
53579203
53579209
53579231
53579243
53579249
53579347
53579353
53579371
53579387
53579401
53579413
53579417
53579429
53579437
53579447
53579509
53579531
53579543
53579587
53579593
53579629
53579641
53579683
53579707
53579711
53579759
53579761
53579797
53579807
53579809
53579819
53579821
53579831
53579837
53579881
53579887
53579909
53579921
53579927
53579941
53579947
53579969
53579983
53580001
53580049
53580061
53580067
53580089
53580097
53580119
53580127
53580151
53580167
53580169
53580173
53580199
53580203
53580211
53580229
53580239
53580253
53580259
53580269
53580281
53580283
53580287
53580299
53580343
53580347
53580353
53580377
53580383
53580421
53580427
53580473
53580479
53580511
53580521
53580523
53580539
53580557
53580577
53580587
53580619
53580649
53580691
53580697
53580701
53580739
53580743
53580749
53580767
53580829
53580833
53580883
53580929
53580959
53580971
53580977
53581013
53581037
53581043
53581049
53581061
53581079
53581141
53581153
53581163
53581169
53581193
53581223
53581243
53581277
53581327
53581337
53581351
53581369
53581391
53581393
53581403
53581417
53581453
53581469
53581477
53581511
53581519
53581529
53581537
53581553
53581573
53581579
53581657
53581667
53581669
53581679
53581687
53581727
53581747
53581753
53581769
53581777
53581799
53581811
53581817
53581819
53581837
53581861
53581867
53581877
53581901
53581907
53581961
53581963
53581967
53582017
53582029
53582047
53582051
53582063
53582093
53582141
53582149
53582153
53582159
53582173
53582197
53582233
53582239
53582267
53582323
53582357
53582359
53582363
53582383
53582407
53582411
53582447
53582471
53582483
53582563
53582579
53582587
53582591
53582593
53582597
53582609
53582651
53582653
53582677
53582707
53582713
53582723
53582729
53582741
53582747
53582761
53582779
53582791
53582813
53582821
53582833
53582857
53582863
53582873
53582909
53582927
53582957
53582959
53582989
53583007
53583011
53583037
53583041
53583043
53583137
53583143
53583161
53583163
53583191
53583199
53583209
53583253
53583259
53583347
53583367
53583377
53583379
53583391
53583403
53583427
53583449
53583457
53583493
53583521
53583539
53583571
53583589
53583601
53583611
53583613
53583641
53583653
53583697
53583701
53583727
53583749
53583757
53583763
53583769
53583799
53583821
53583839
53583863
53583877
53583899
53583911
53583917
53583919
53583947
53583953
53583973
53583989
53583991
53584019
53584033
53584049
53584057
53584067
53584079
53584081
53584099
53584127
53584129
53584147
53584159
53584189
53584211
53584217
53584229
53584241
53584247
53584249
53584283
53584301
53584309
53584343
53584369
53584387
53584393
53584429
53584441
53584451
53584483
53584511
53584513
53584519
53584577
53584603
53584627
53584631
53584649
53584669
53584679
53584681
53584703
53584723
53584759
53584763
53584777
53584813
53584829
53584849
53584873
53584877
53584879
53584889
53584891
53584897
53584919
53584931
53584943
53584987
53585027
53585041
53585053
53585087
53585113
53585131
53585137
53585167
53585179
53585183
53585197
53585249
53585269
53585281
53585297
53585321
53585341
53585347
53585351
53585369
53585407
53585429
53585437
53585443
53585447
53585471
53585489
53585503
53585507
53585527
53585531
53585549
53585551
53585557
53585563
53585641
53585663
53585669
53585671
53585689
53585737
53585789
53585801
53585803
53585813
53585821
53585867
53585899
53585923
53585933
53585957
53585963
53586019
53586053
53586079
53586083
53586089
53586097
53586107
53586119
53586149
53586163
53586173
53586187
53586199
53586217
53586223
53586271
53586283
53586293
53586311
53586319
53586341
53586347
53586361
53586367
53586373
53586391
53586409
53586433
53586437
53586451
53586457
53586493
53586497
53586503
53586541
53586553
53586571
53586587
53586607
53586613
53586623
53586629
53586649
53586671
53586719
53586773
53586791
53586823
53586829
53586857
53586887
53586917
53586931
53586937
53586947
53586961
53586979
53587007
53587021
53587057
53587109
53587147
53587153
53587169
53587223
53587243
53587271
53587279
53587283
53587291
53587297
53587301
53587319
53587357
53587361
53587367
53587393
53587411
53587423
53587427
53587439
53587441
53587453
53587483
53587487
53587489
53587511
53587529
53587531
53587537
53587577
53587579
53587591
53587601
53587607
53587609
53587613
53587637
53587691
53587727
53587763
53587819
53587837
53587843
53587883
53587909
53587921
53587939
53587957
53587979
53587987
53587993
53588021
53588033
53588047
53588053
53588069
53588081
53588089
53588123
53588153
53588177
53588179
53588221
53588261
53588299
53588323
53588333
53588357
53588371
53588377
53588383
53588389
53588399
53588401
53588411
53588441
53588443
53588453
53588467
53588527
53588567
53588581
53588593
53588603
53588609
53588611
53588627
53588657
53588659
53588663
53588719
53588747
53588753
53588767
53588779
53588791
53588803
53588813
53588831
53588833
53588837
53588849
53588861
53588881
53588891
53588903
53588923
53588957
53589017
53589031
53589077
53589089
53589119
53589121
53589157
53589161
53589181
53589197
53589203
53589257
53589269
53589271
53589311
53589323
53589397
53589401
53589433
53589461
53589467
53589469
53589509
53589521
53589533
53589551
53589553
53589577
53589587
53589589
53589617
53589619
53589623
53589631
53589667
53589677
53589689
53589719
53589733
53589761
53589769
53589803
53589817
53589827
53589847
53589853
53589857
53589871
53589919
53589923
53589947
53589953
53589961
53589971
53589983
53590007
53590027
53590067
53590073
53590079
53590081
53590087
53590091
53590093
53590111
53590129
53590139
53590181
53590183
53590189
53590213
53590217
53590259
53590267
53590331
53590357
53590373
53590379
53590399
53590417
53590421
53590423
53590429
53590451
53590457
53590517
53590531
53590543
53590547
53590561
53590573
53590577
53590601
53590619
53590627
53590711
53590717
53590741
53590777
53590787
53590793
53590799
53590807
53590819
53590829
53590853
53590877
53590907
53590937
53590949
53590961
53590967
53590969
53590973
53590981
53590991
53591009
53591047
53591051
53591093
53591107
53591113
53591117
53591119
53591143
53591147
53591149
53591179
53591203
53591221
53591227
53591243
53591273
53591299
53591359
53591383
53591441
53591443
53591471
53591501
53591513
53591537
53591567
53591569
53591579
53591597
53591641
53591669
53591693
53591729
53591731
53591743
53591779
53591801
53591807
53591819
53591849
53591869
53591899
53591911
53591917
53591927
53591929
53591959
53591981
53591983
53591987
53592013
53592017
53592023
53592031
53592059
53592083
53592089
53592131
53592167
53592181
53592197
53592199
53592229
53592241
53592247
53592251
53592263
53592269
53592271
53592307
53592311
53592359
53592367
53592373
53592389
53592419
53592443
53592457
53592463
53592479
53592481
53592503
53592527
53592529
53592547
53592569
53592571
53592589
53592629
53592631
53592647
53592661
53592703
53592733
53592757
53592797
53592809
53592817
53592821
53592853
53592871
53592883
53592887
53592907
53592941
53592949
53592989
53592991
53592997
53593021
53593031
53593037
53593039
53593051
53593087
53593097
53593103
53593117
53593147
53593153
53593159
53593171
53593187
53593201
53593213
53593217
53593223
53593261
53593277
53593291
53593303
53593321
53593343
53593361
53593391
53593399
53593403
53593409
53593429
53593439
53593453
53593457
53593481
53593483
53593493
53593499
53593511
53593531
53593621
53593627
53593633
53593651
53593733
53593739
53593751
53593783
53593801
53593811
53593817
53593819
53593829
53593831
53593849
53593879
53593901
53593907
53593909
53593921
53593949
53593951
53593963
53593973
53593993
53593999
53594017
53594029
53594063
53594069
53594087
53594089
53594129
53594131
53594159
53594161
53594197
53594201
53594207
53594213
53594227
53594249
53594323
53594329
53594341
53594351
53594357
53594423
53594461
53594467
53594507
53594521
53594533
53594543
53594549
53594551
53594579
53594587
53594599
53594609
53594621
53594663
53594683
53594689
53594699
53594701
53594729
53594743
53594771
53594789
53594797
53594803
53594867
53594869
53594887
53594903
53594911
53594963
53594969
53594977
53595011
53595013
53595019
53595023
53595079
53595089
53595121
53595127
53595133
53595163
53595193
53595209
53595211
53595233
53595239
53595287
53595293
53595299
53595307
53595317
53595361
53595379
53595383
53595391
53595403
53595413
53595419
53595427
53595431
53595467
53595473
53595571
53595593
53595601
53595617
53595629
53595649
53595671
53595691
53595697
53595709
53595719
53595739
53595743
53595757
53595761
53595793
53595803
53595809
53595821
53595833
53595877
53595887
53595961
53595967
53595977
53595991
53596007
53596057
53596079
53596111
53596133
53596139
53596157
53596177
53596183
53596199
53596219
53596237
53596259
53596261
53596271
53596273
53596327
53596331
53596339
53596349
53596363
53596391
53596399
53596421
53596441
53596451
53596493
53596531
53596541
53596547
53596567
53596573
53596577
53596589
53596633
53596639
53596643
53596649
53596703
53596759
53596769
53596789
53596793
53596841
53596847
53596849
53596859
53596867
53596883
53596909
53596913
53596919
53596927
53596931
53596943
53596973
53597009
53597021
53597023
53597029
53597051
53597057
53597077
53597099
53597113
53597161
53597179
53597189
53597213
53597231
53597251
53597279
53597281
53597293
53597317
53597339
53597377
53597431
53597449
53597459
53597507
53597519
53597573
53597581
53597591
53597603
53597627
53597633
53597657
53597699
53597717
53597743
53597767
53597773
53597777
53597809
53597849
53597851
53597857
53597881
53597891
53597899
53597933
53597939
53597953
53597959
53597963
53597969
53597989
53598037
53598049
53598053
53598067
53598071
53598091
53598143
53598151
53598187
53598217
53598227
53598239
53598241
53598247
53598299
53598301
53598313
53598359
53598361
53598367
53598401
53598403
53598407
53598421
53598427
53598451
53598463
53598481
53598509
53598527
53598541
53598553
53598557
53598581
53598599
53598613
53598619
53598631
53598653
53598667
53598709
53598731
53598751
53598793
53598799
53598821
53598833
53598851
53598869
53598887
53598913
53598929
53598959
53598967
53598997
53599001
53599003
53599067
53599069
53599097
53599099
53599109
53599141
53599153
53599157
53599201
53599213
53599219
53599229
53599241
53599267
53599307
53599309
53599313
53599319
53599321
53599327
53599331
53599339
53599409
53599417
53599439
53599451
53599463
53599471
53599477
53599489
53599493
53599501
53599517
53599523
53599537
53599549
53599571
53599573
53599577
53599583
53599597
53599603
53599607
53599619
53599639
53599673
53599687
53599699
53599709
53599723
53599747
53599753
53599781
53599783
53599807
53599849
53599853
53599877
53599883
53599901
53599937
53599943
53599951
53599967
53599991
53600003
53600077
53600137
53600191
53600219
53600221
53600227
53600237
53600249
53600279
53600293
53600299
53600329
53600363
53600389
53600399
53600411
53600413
53600429
53600441
53600549
53600567
53600597
53600611
53600623
53600629
53600647
53600663
53600683
53600689
53600693
53600707
53600713
53600719
53600777
53600783
53600803
53600809
53600831
53600863
53600887
53600893
53600927
53600929
53600933
53600941
53600959
53600977
53600993
53600999
53601007
53601059
53601089
53601101
53601131
53601137
53601143
53601173
53601203
53601217
53601253
53601259
53601277
53601281
53601287
53601313
53601341
53601347
53601389
53601463
53601469
53601487
53601517
53601529
53601547
53601551
53601589
53601617
53601623
53601631
53601643
53601659
53601683
53601689
53601701
53601703
53601721
53601727
53601733
53601797
53601827
53601851
53601857
53601871
53601881
53601917
53601923
53601953
53601967
53601997
53602019
53602033
53602039
53602067
53602079
53602093
53602111
53602117
53602223
53602243
53602253
53602261
53602273
53602291
53602301
53602319
53602327
53602357
53602361
53602403
53602421
53602427
53602429
53602447
53602453
53602463
53602487
53602499
53602517
53602519
53602531
53602537
53602541
53602579
53602583
53602609
53602631
53602669
53602687
53602691
53602693
53602699
53602729
53602777
53602789
53602837
53602847
53602849
53602877
53602891
53602907
53602909
53602931
53602993
53603003
53603021
53603029
53603051
53603059
53603071
53603111
53603119
53603129
53603141
53603153
53603167
53603177
53603183
53603189
53603203
53603213
53603233
53603311
53603321
53603353
53603369
53603377
53603401
53603419
53603449
53603467
53603477
53603483
53603489
53603507
53603549
53603573
53603581
53603587
53603591
53603597
53603609
53603621
53603623
53603647
53603699
53603701
53603729
53603761
53603857
53603881
53603887
53603909
53603939
53603947
53603971
53603993
53604113
53604137
53604167
53604193
53604197
53604211
53604241
53604251
53604259
53604269
53604307
53604311
53604319
53604323
53604337
53604367
53604371
53604407
53604413
53604427
53604449
53604497
53604511
53604521
53604533
53604563
53604631
53604641
53604647
53604653
53604659
53604701
53604709
53604713
53604721
53604737
53604773
53604799
53604821
53604851
53604853
53604857
53604869
53604877
53604883
53604899
53604911
53604913
53604937
53604953
53604959
53604977
53604979
53604989
53604997
53605003
53605009
53605033
53605039
53605067
53605073
53605087
53605147
53605187
53605241
53605259
53605271
53605273
53605291
53605337
53605339
53605361
53605373
53605379
53605393
53605399
53605411
53605429
53605439
53605463
53605493
53605511
53605547
53605567
53605583
53605597
53605613
53605619
53605621
53605681
53605691
53605693
53605703
53605723
53605729
53605751
53605757
53605759
53605793
53605813
53605817
53605837
53605841
53605861
53605889
53605919
53605921
53605927
53605961
53605967
53605969
53605987
53605999
53606009
53606029
53606093
53606141
53606149
53606153
53606173
53606197
53606233
53606249
53606257
53606269
53606291
53606317
53606339
53606363
53606369
53606387
53606407
53606411
53606417
53606419
53606431
53606437
53606447
53606459
53606473
53606507
53606519
53606521
53606549
53606561
53606563
53606591
53606647
53606653
53606669
53606677
53606701
53606711
53606713
53606717
53606753
53606783
53606849
53606857
53606881
53606909
53606921
53606929
53606941
53606981
53607007
53607011
53607019
53607023
53607031
53607061
53607077
53607079
53607083
53607121
53607139
53607163
53607173
53607241
53607247
53607251
53607259
53607263
53607269
53607271
53607289
53607299
53607329
53607347
53607383
53607391
53607403
53607439
53607451
53607469
53607473
53607479
53607481
53607497
53607509
53607517
53607523
53607527
53607551
53607563
53607581
53607599
53607611
53607629
53607643
53607661
53607679
53607691
53607727
53607731
53607737
53607781
53607803
53607811
53607821
53607847
53607877
53607881
53607893
53607901
53607907
53607937
53607943
53607977
53607989
53607997
53608031
53608067
53608103
53608111
53608129
53608133
53608141
53608151
53608183
53608189
53608201
53608273
53608283
53608333
53608343
53608363
53608369
53608381
53608397
53608409
53608421
53608427
53608433
53608439
53608441
