54198283
54198289
54198299
54198301
54198337
54198343
54198349
54198367
54198407
54198409
54198427
54198457
54198467
54198479
54198481
54198491
54198493
54198517
54198523
54198527
54198541
54198553
54198559
54198563
54198569
54198587
54198611
54198623
54198629
54198643
54198667
54198719
54198769
54198797
54198799
54198803
54198827
54198857
54198869
54198889
54198961
54198973
54198983
54199073
54199081
54199087
54199091
54199097
54199121
54199127
54199133
54199139
54199141
54199147
54199151
54199163
54199169
54199219
54199241
54199273
54199291
54199333
54199357
54199363
54199391
54199403
54199421
54199469
54199517
54199531
54199559
54199567
54199573
54199577
54199597
54199627
54199643
54199669
54199679
54199681
54199693
54199727
54199751
54199763
54199777
54199787
54199801
54199807
54199813
54199841
54199861
54199897
54199919
54199921
54199963
54199979
54199987
54199993
54200009
54200023
54200057
54200089
54200099
54200117
54200149
54200161
54200189
54200197
54200207
54200221
54200243
54200281
54200297
54200299
54200303
54200327
54200329
54200347
54200357
54200371
54200417
54200423
54200459
54200467
54200491
54200501
54200519
54200551
54200567
54200569
54200579
54200599
54200611
54200621
54200633
54200651
54200717
54200723
54200759
54200771
54200779
54200791
54200801
54200827
54200833
54200837
54200843
54200869
54200897
54200921
54200929
54200983
54200987
54201067
54201109
54201143
54201149
54201163
54201181
54201211
54201227
54201229
54201269
54201289
54201311
54201313
54201331
54201341
54201359
54201397
54201403
54201437
54201439
54201443
54201451
54201463
54201473
54201487
54201503
54201517
54201523
54201527
54201533
54201583
54201607
54201619
54201677
54201689
54201709
54201769
54201779
54201803
54201817
54201839
54201859
54201871
54201941
54201947
54201997
54202009
54202019
54202037
54202051
54202063
54202067
54202097
54202121
54202133
54202147
54202153
54202163
54202201
54202207
54202217
54202219
54202277
54202279
54202289
54202301
54202349
54202361
54202367
54202381
54202391
54202399
54202417
54202433
54202469
54202481
54202493
54202567
54202583
54202627
54202667
54202717
54202723
54202739
54202751
54202781
54202793
54202829
54202859
54202867
54202873
54202903
54202909
54202931
54202957
54202961
54202969
54202979
54203003
54203081
54203087
54203129
54203131
54203137
54203147
54203167
54203179
54203207
54203209
54203239
54203269
54203297
54203321
54203339
54203351
54203377
54203381
54203389
54203393
54203419
54203453
54203491
54203507
54203519
54203537
54203609
54203623
54203627
54203641
54203657
54203659
54203671
54203687
54203707
54203711
54203749
54203753
54203761
54203767
54203797
54203833
54203861
54203881
54203911
54203917
54203921
54203999
54204013
54204049
54204053
54204193
54204233
54204259
54204281
54204287
54204289
54204299
54204317
54204323
54204341
54204383
54204431
54204433
54204439
54204443
54204457
54204481
54204487
54204497
54204499
54204569
54204581
54204589
54204599
54204643
54204671
54204673
54204679
54204713
54204749
54204751
54204769
54204797
54204803
54204847
54204863
54204869
54204881
54204907
54204919
54204947
54204949
54204979
54204989
54204991
54205001
54205003
54205097
54205117
54205121
54205127
54205153
54205169
54205171
54205187
54205199
54205243
54205303
54205313
54205343
54205357
54205369
54205381
54205397
54205399
54205409
54205421
54205433
54205471
54205507
54205513
54205519
54205531
54205561
54205579
54205583
54205603
54205661
54205667
54205681
54205693
54205729
54205793
54205799
54205807
54205817
54205849
54205859
54205867
54205891
54205897
54205919
54205933
54205939
54205951
54205967
54205973
54206021
54206039
54206057
54206071
54206099
54206123
54206137
54206143
54206153
54206161
54206167
54206179
54206231
54206261
54206281
54206287
54206293
54206303
54206357
54206371
54206381
54206393
54206401
54206419
54206437
54206447
54206461
54206473
54206479
54206497
54206501
54206519
54206527
54206543
54206549
54206567
54206587
54206629
54206641
54206671
54206687
54206689
54206701
54206707
54206731
54206741
54206767
54206773
54206783
54206827
54206833
54206843
54206849
54206851
54206861
54206881
54206909
54206917
54206939
54206959
54206987
54207011
54207059
54207073
54207077
54207089
54207091
54207143
54207157
54207173
54207187
54207191
54207229
54207239
54207259
54207311
54207337
54207341
54207353
54207379
54207431
54207457
54207463
54207473
54207487
54207493
54207511
54207523
54207529
54207533
54207599
54207613
54207631
54207653
54207677
54207691
54207709
54207721
54207731
54207733
54207761
54207763
54207787
54207793
54207841
54207847
54207851
54207869
54207877
54207929
54207971
54207977
54208009
54208039
54208081
54208093
54208097
54208111
54208123
54208127
54208129
54208151
54208153
54208169
54208183
54208211
54208229
54208237
54208277
54208289
54208303
54208331
54208351
54208361
54208373
54208403
54208409
54208411
54208439
54208459
54208477
54208481
54208507
54208513
54208523
54208543
54208603
54208607
54208613
54208621
54208639
54208667
54208673
54208697
54208751
54208789
54208823
54208837
54208841
54208867
54208871
54208873
54208879
54208927
54208967
54208981
54208991
54209017
54209021
54209041
54209059
54209083
54209087
54209101
54209153
54209161
54209167
54209171
54209179
54209191
54209201
54209213
54209237
54209249
54209251
54209273
54209291
54209317
54209327
54209333
54209357
54209371
54209383
54209387
54209411
54209417
54209443
54209461
54209509
54209543
54209557
54209579
54209591
54209609
54209611
54209653
54209693
54209737
54209747
54209759
54209761
54209783
54209791
54209803
54209833
54209839
54209843
54209891
54209893
54209899
54209929
54209933
54209963
54210017
54210031
54210047
54210049
54210061
54210067
54210071
54210073
54210083
54210089
54210109
54210113
54210131
54210179
54210181
54210197
54210253
54210257
54210269
54210313
54210319
54210341
54210383
54210389
54210391
54210397
54210407
54210427
54210451
54210461
54210463
54210469
54210473
54210493
54210529
54210539
54210547
54210577
54210581
54210589
54210617
54210623
54210641
54210643
54210647
54210649
54210683
54210713
54210719
54210731
54210757
54210791
54210803
54210829
54210851
54210859
54210887
54210899
54210929
54210953
54210991
54211007
54211013
54211019
54211021
54211049
54211081
54211097
54211099
54211109
54211133
54211141
54211151
54211159
54211169
54211177
54211273
54211277
54211279
54211291
54211303
54211309
54211319
54211331
54211349
54211387
54211397
54211439
54211441
54211499
54211517
54211537
54211543
54211571
54211583
54211603
54211607
54211609
54211627
54211669
54211673
54211679
54211687
54211711
54211741
54211747
54211789
54211813
54211841
54211847
54211849
54211873
54211879
54211889
54211891
54211909
54211957
54211961
54211967
54211999
54212017
54212021
54212023
54212027
54212029
54212047
54212051
54212071
54212077
54212113
54212117
54212143
54212153
54212203
54212243
54212251
54212287
54212317
54212321
54212341
54212359
54212369
54212381
54212387
54212399
54212401
54212413
54212423
54212429
54212443
54212461
54212489
54212497
54212531
54212533
54212579
54212593
54212597
54212603
54212657
54212663
54212671
54212731
54212747
54212749
54212789
54212819
54212827
54212839
54212843
54212887
54212891
54212897
54212903
54212927
54212933
54212953
54212971
54212987
54213013
54213031
54213037
54213041
54213059
54213083
54213091
54213097
54213101
54213109
54213113
54213127
54213143
54213149
54213161
54213163
54213179
54213227
54213253
54213281
54213293
54213317
54213331
54213337
54213343
54213347
54213361
54213373
54213407
54213409
54213421
54213449
54213457
54213463
54213469
54213491
54213539
54213569
54213581
54213587
54213589
54213613
54213617
54213619
54213659
54213703
54213721
54213739
54213773
54213781
54213793
54213899
54213911
54213919
54213937
54213949
54213959
54213977
54214001
54214081
54214091
54214117
54214157
54214169
54214187
54214249
54214273
54214297
54214313
54214337
54214339
54214397
54214403
54214409
54214441
54214463
54214469
54214483
54214487
54214507
54214553
54214577
54214603
54214609
54214613
54214621
54214627
54214661
54214697
54214711
54214729
54214759
54214763
54214781
54214789
54214793
54214817
54214843
54214871
54214883
54214907
54214931
54214957
54214969
54214987
54215003
54215009
54215011
54215053
54215069
54215087
54215099
54215137
54215141
54215149
54215167
54215171
54215179
54215207
54215221
54215321
54215327
54215339
54215353
54215377
54215423
54215443
54215459
54215461
54215527
54215543
54215597
54215617
54215657
54215659
54215687
54215701
54215717
54215719
54215741
54215743
54215747
54215753
54215773
54215783
54215929
54215933
54215947
54215963
54215971
54216013
54216023
54216031
54216047
54216073
54216119
54216187
54216203
54216233
54216257
54216259
54216263
54216277
54216289
54216361
54216401
54216413
54216431
54216439
54216469
54216479
54216493
54216499
54216511
54216529
54216541
54216563
54216583
54216599
54216611
54216623
54216641
54216649
54216667
54216677
54216683
54216691
54216703
54216713
54216731
54216733
54216749
54216751
54216763
54216769
54216787
54216797
54216809
54216829
54216853
54216871
54216887
54216913
54216919
54216959
54216971
54216973
54217057
54217067
54217133
54217139
54217151
54217157
54217159
54217169
54217183
54217193
54217213
54217231
54217237
54217253
54217291
54217297
54217307
54217309
54217333
54217337
54217379
54217381
54217399
54217409
54217411
54217421
54217433
54217477
54217523
54217561
54217567
54217627
54217651
54217661
54217663
54217679
54217687
54217699
54217717
54217721
54217747
54217759
54217771
54217789
54217819
54217829
54217871
54217921
54217957
54217973
54217979
54217997
54218009
54218029
54218051
54218057
54218069
54218159
54218167
54218183
54218189
54218207
54218231
54218237
54218251
54218257
54218293
54218309
54218323
54218347
54218363
54218377
54218393
54218413
54218443
54218449
54218467
54218509
54218531
54218539
54218551
54218557
54218561
54218587
54218617
54218621
54218623
54218639
54218641
54218651
54218677
54218701
54218707
54218741
54218767
54218803
54218821
54218839
54218861
54218863
54218881
54218897
54218903
54218909
54218917
54218929
54218953
54219007
54219017
54219037
54219041
54219047
54219083
54219089
54219091
54219127
54219131
54219157
54219161
54219181
54219199
54219203
54219233
54219251
54219271
54219283
54219311
54219317
54219329
54219337
54219353
54219377
54219379
54219391
54219397
54219401
54219413
54219421
54219433
54219437
54219439
54219449
54219463
54219469
54219491
54219497
54219499
54219523
54219569
54219617
54219619
54219629
54219677
54219679
54219707
54219727
54219731
54219733
54219797
54219829
54219853
54219859
54219871
54219877
54219881
54219929
54219941
54219973
54220031
54220087
54220139
54220141
54220151
54220181
54220183
54220189
54220249
54220261
54220273
54220279
54220289
54220303
54220321
54220337
54220349
54220363
54220379
54220403
54220427
54220477
54220493
54220501
54220511
54220513
54220553
54220589
54220597
54220613
54220679
54220681
54220687
54220717
54220723
54220741
54220753
54220759
54220763
54220801
54220843
54220853
54220861
54220897
54220909
54220919
54220921
54220931
54220937
54220997
54221029
54221047
54221053
54221071
54221081
54221099
54221107
54221149
54221159
54221171
54221183
54221191
54221207
54221239
54221257
54221309
54221333
54221339
54221341
54221357
54221359
54221371
54221389
54221411
54221429
54221471
54221509
54221513
54221521
54221527
54221567
54221579
54221593
54221599
54221617
54221633
54221641
54221647
54221669
54221707
54221743
54221771
54221813
54221819
54221831
54221837
54221897
54221903
54221927
54221957
54221977
54221987
54222001
54222013
54222019
54222023
54222031
54222037
54222059
54222071
54222073
54222089
54222139
54222149
54222151
54222167
54222173
54222191
54222221
54222241
54222253
54222263
54222281
54222319
54222383
54222397
54222407
54222433
54222437
54222451
54222457
54222463
54222479
54222481
54222521
54222529
54222559
54222601
54222607
54222611
54222617
54222659
54222667
54222671
54222683
54222691
54222719
54222733
54222737
54222743
54222761
54222767
54222769
54222781
54222793
54222803
54222811
54222823
54222853
54222863
54222881
54222893
54222919
54222967
54222977
54222997
54223009
54223021
54223049
54223079
54223109
54223111
54223139
54223171
54223177
54223189
54223199
54223219
54223223
54223229
54223231
54223237
54223297
54223303
54223331
54223343
54223349
54223363
54223373
54223381
54223391
54223439
54223441
54223447
54223453
54223457
54223469
54223471
54223493
54223529
54223531
54223541
54223573
54223583
54223639
54223657
54223661
54223667
54223669
54223699
54223709
54223711
54223733
54223747
54223751
54223753
54223787
54223789
54223831
54223847
54223861
54223879
54223919
54223921
54223943
54223951
54223969
54223973
54223979
54223987
54224021
54224029
54224063
54224077
54224083
54224111
54224167
54224197
54224201
54224207
54224227
54224231
54224249
54224281
54224297
54224299
54224369
54224377
54224381
54224393
54224413
54224431
54224449
54224491
54224531
54224561
54224579
54224609
54224627
54224629
54224633
54224707
54224743
54224767
54224773
54224783
54224827
54224831
54224839
54224857
54224881
54224893
54224897
54224927
54224939
54224959
54224977
54224999
54225013
54225049
54225089
54225109
54225113
54225161
54225173
54225179
54225181
54225187
54225209
54225233
54225319
54225323
54225341
54225361
54225371
54225377
54225383
54225407
54225443
54225463
54225491
54225499
54225503
54225517
54225539
54225547
54225551
54225557
54225569
54225581
54225583
54225593
54225599
54225607
54225617
54225637
54225667
54225701
54225749
54225799
54225811
54225823
54225839
54225887
54225901
54225907
54225917
54225923
54225929
54225947
54225949
54225953
54225959
54225961
54226001
54226013
54226021
54226031
54226043
54226087
54226091
54226103
54226121
54226147
54226163
54226169
54226177
54226189
54226199
54226217
54226219
54226253
54226267
54226303
54226343
54226357
54226363
54226373
54226411
54226451
54226493
54226511
54226547
54226567
54226603
54226609
54226633
54226643
54226681
54226691
54226693
54226699
54226727
54226729
54226751
54226759
54226763
54226769
54226771
54226813
54226849
54226853
54226859
54226877
54226883
54226891
54226901
54226973
54226979
54226993
54227021
54227119
54227149
54227177
54227179
54227183
54227189
54227207
54227213
54227221
54227227
54227233
54227249
54227267
54227269
54227281
54227287
54227291
54227293
54227317
54227323
54227351
54227357
54227423
54227449
54227473
54227483
54227497
54227521
54227527
54227531
54227567
54227617
54227623
54227659
54227689
54227713
54227717
54227731
54227737
54227743
54227783
54227791
54227837
54227861
54227863
54227867
54227869
54227893
54227917
54227923
54227983
54228007
54228019
54228023
54228029
54228059
54228067
54228101
54228107
54228121
54228131
54228149
54228179
54228221
54228247
54228253
54228311
54228313
54228359
54228379
54228397
54228403
54228409
54228431
54228437
54228439
54228443
54228491
54228497
54228509
54228533
54228539
54228557
54228571
54228583
54228599
54228613
54228649
54228673
54228683
54228689
54228697
54228721
54228739
54228749
54228751
54228761
54228763
54228809
54228829
54228833
54228859
54228913
54228931
54228949
54228953
54228971
54229001
54229003
54229037
54229057
54229067
54229069
54229073
54229079
54229081
54229139
54229151
54229171
54229181
54229237
54229247
54229297
54229361
54229367
54229387
54229393
54229411
54229421
54229433
54229451
54229453
54229459
54229481
54229489
54229501
54229543
54229559
54229577
54229589
54229601
54229613
54229631
54229639
54229649
54229657
54229709
54229741
54229807
54229831
54229843
54229853
54229897
54229907
54229927
54229951
54229961
54229969
54229979
54229997
54229999
54230023
54230041
54230093
54230107
54230117
54230147
54230149
54230171
54230173
54230179
54230213
54230227
54230243
54230279
54230299
54230311
54230321
54230329
54230333
54230347
54230383
54230399
54230401
54230453
54230467
54230479
54230507
54230513
54230521
54230531
54230557
54230569
54230591
54230599
54230653
54230689
54230699
54230707
54230717
54230719
54230747
54230767
54230777
54230779
54230791
54230797
54230801
54230831
54230837
54230881
54230887
54230909
54230923
54230933
54230947
54230951
54230963
54230977
54230999
54231017
54231019
54231053
54231061
54231103
54231113
54231119
54231161
54231179
54231239
54231253
54231259
54231269
54231271
54231323
54231329
54231403
54231407
54231427
54231469
54231473
54231503
54231509
54231553
54231563
54231571
54231599
54231601
54231607
54231613
54231659
54231673
54231689
54231691
54231701
54231703
54231713
54231731
54231739
54231761
54231781
54231787
54231791
54231799
54231811
54231829
54231839
54231847
54231911
54231913
54231929
54231941
54231949
54232007
54232049
54232063
54232109
54232133
54232147
54232153
54232169
54232177
54232181
54232223
54232231
54232259
54232267
54232271
54232273
54232301
54232309
54232319
54232333
54232337
54232369
54232391
54232393
54232411
54232433
54232469
54232481
54232483
54232513
54232531
54232537
54232543
54232553
54232583
54232637
54232663
54232679
54232699
54232729
54232747
54232751
54232753
54232757
54232769
54232793
54232811
54232819
54232823
54232831
54232837
54232879
54232889
54232891
54232903
54232909
54232921
54232943
54232961
54232963
54233017
54233021
54233027
54233029
54233033
54233041
54233051
54233063
54233071
54233089
54233099
54233143
54233147
54233189
54233203
54233243
54233261
54233269
54233273
54233293
54233297
54233299
54233303
54233321
54233327
54233329
54233339
54233369
54233371
54233381
54233401
54233411
54233503
54233507
54233551
54233593
54233603
54233623
54233651
54233653
54233717
54233719
54233731
54233759
54233783
54233789
54233801
54233807
54233813
54233831
54233863
54233867
54233909
54233951
54233981
54233983
54233987
54234013
54234041
54234049
54234073
54234077
54234079
54234083
54234121
54234133
54234139
54234143
54234163
54234203
54234239
54234241
54234293
54234311
54234319
54234329
54234331
54234343
54234347
54234373
54234377
54234409
54234413
54234451
54234473
54234487
54234491
54234559
54234571
54234581
54234589
54234619
54234623
54234647
54234671
54234703
54234707
54234749
54234767
54234781
54234809
54234833
54234853
54234857
54234899
54234919
54234937
54234977
54234991
54235009
54235019
54235037
54235043
54235057
54235061
54235091
54235171
54235183
54235189
54235193
54235199
54235201
54235211
54235243
54235289
54235301
54235331
54235339
54235381
54235387
54235393
54235397
54235417
54235439
54235453
54235459
54235469
54235471
54235499
54235507
54235537
54235549
54235567
54235591
54235609
54235631
54235639
54235663
54235681
54235721
54235723
54235739
54235751
54235757
54235759
54235777
54235789
54235793
54235837
54235843
54235859
54235877
54235891
54235913
54235919
54235921
54235931
54235939
54235963
54235981
54235991
54236011
54236023
54236041
54236059
54236087
54236099
54236113
54236141
54236159
54236173
54236179
54236207
54236209
54236213
54236219
54236243
54236249
54236251
54236257
54236309
54236321
54236363
54236383
54236387
54236389
54236411
54236419
54236471
54236473
54236513
54236521
54236531
54236537
54236557
54236569
54236573
54236593
54236597
54236603
54236657
54236671
54236683
54236713
54236719
54236729
54236759
54236789
54236797
54236807
54236837
54236843
54236879
54236881
54236893
54236939
54236947
54236951
54236957
54236977
54236993
54237017
54237031
54237037
54237049
54237083
54237119
54237121
54237173
54237257
54237277
54237283
54237299
54237307
54237311
54237317
54237347
54237353
54237409
54237413
54237433
54237437
54237451
54237487
54237499
54237517
54237541
54237563
54237581
54237583
54237593
54237607
54237641
54237643
54237719
54237721
54237737
54237739
54237767
54237809
54237811
54237839
54237877
54237919
54237929
54237947
54237959
54237961
54238001
54238031
54238043
54238081
54238099
54238123
54238139
54238147
54238153
54238157
54238159
54238199
54238231
54238243
54238267
54238277
54238297
54238307
54238321
54238357
54238363
54238397
54238399
54238403
54238409
54238487
54238493
54238507
54238511
54238519
54238543
54238549
54238567
54238579
54238589
54238603
54238627
54238643
54238649
54238703
54238733
54238741
54238763
54238801
54238813
54238819
54238829
54238837
54238861
54238883
54238897
54238907
54238909
54238913
54238937
54238963
54238967
54238973
54238997
54238999
54239011
54239021
54239047
54239063
54239099
54239117
54239123
54239149
54239161
54239173
54239177
54239183
54239189
54239201
54239233
54239239
54239257
54239291
54239293
54239303
54239321
54239347
54239389
54239399
54239407
54239411
54239413
54239417
54239441
54239443
54239453
54239459
54239461
54239501
54239513
54239519
54239531
54239561
54239567
54239579
54239611
54239629
54239659
54239671
54239683
54239687
54239693
54239729
54239749
54239771
54239789
54239849
54239869
54239873
54239881
54239909
54239923
54239963
54239971
54239993
54240001
54240019
54240073
54240091
54240101
54240127
54240133
54240143
54240161
54240167
54240191
54240211
54240223
54240271
54240283
54240287
54240301
54240311
54240317
54240337
54240341
54240349
54240443
54240457
54240467
54240479
54240481
54240503
54240551
54240623
54240653
54240707
54240713
54240733
54240787
54240803
54240821
54240841
54240859
54240869
54240871
54240911
54240929
54240973
54240983
54241013
54241027
54241037
54241043
54241051
54241069
54241091
54241097
54241127
54241129
54241133
54241183
54241241
54241259
54241279
54241283
54241303
54241307
54241349
54241379
54241381
54241387
54241393
54241399
54241457
54241471
54241487
54241489
54241493
54241507
54241511
54241529
54241531
54241549
54241589
54241601
54241633
54241639
54241643
54241651
54241717
54241753
54241769
54241777
54241801
54241819
54241823
54241829
54241841
54241879
54241897
54241907
54241937
54241939
54241973
54241987
54242003
54242021
54242047
54242051
54242059
54242099
54242107
54242117
54242141
54242143
54242159
54242171
54242173
54242179
54242203
54242213
54242239
54242263
54242323
54242369
54242399
54242429
54242437
54242449
54242453
54242471
54242491
54242501
54242519
54242521
54242527
54242537
54242561
54242609
54242611
54242621
54242659
54242707
54242729
54242753
54242791
54242803
54242813
54242833
54242849
54242861
54242863
54242887
54242897
54242899
54242911
54242921
54242927
54242933
54242941
54242957
54242987
54242989
54243011
54243019
54243031
54243047
54243053
54243061
54243067
54243083
54243109
54243121
54243139
54243143
54243151
54243173
54243197
54243227
54243251
54243257
54243263
54243281
54243283
54243289
54243313
54243317
54243323
54243331
54243353
54243367
54243373
54243391
54243419
54243421
54243439
54243473
54243491
54243493
54243529
54243547
54243551
54243559
54243569
54243587
54243649
54243667
54243677
54243703
54243713
54243731
54243733
54243793
54243797
54243799
54243811
54243829
54243853
54243877
54243883
54243901
54243911
54243919
54243967
54243983
54243997
54244009
54244019
54244033
54244061
54244103
54244111
54244117
54244121
54244129
54244133
54244153
54244163
54244193
54244231
54244241
54244247
54244249
54244261
54244277
54244279
54244283
54244301
54244303
54244321
54244361
54244369
54244381
54244391
54244397
54244403
54244409
54244417
54244441
54244459
54244483
54244499
54244507
54244523
54244537
54244549
54244571
54244577
54244609
54244643
54244651
54244667
54244711
54244717
54244727
54244747
54244769
54244783
54244837
54244843
54244891
54244901
54244919
54244937
54244951
54244961
54244969
54244999
54245021
54245027
54245033
54245039
54245069
54245101
54245111
54245117
54245119
54245153
54245161
54245203
54245221
54245237
54245251
54245281
54245297
54245327
54245371
54245393
54245417
54245423
54245449
54245459
54245461
54245467
54245507
54245539
54245579
54245599
54245617
54245621
54245641
54245647
54245677
54245699
54245701
54245731
54245743
54245777
54245783
54245797
54245803
54245831
54245843
54245887
54245923
54245941
54245951
54245981
54245987
54246011
54246013
54246041
54246047
54246089
54246113
54246119
54246149
54246151
54246173
54246217
54246221
54246223
54246229
54246233
54246293
54246307
54246347
54246389
54246391
54246407
54246427
54246457
54246461
54246481
54246527
54246587
54246589
54246641
54246659
54246671
54246697
54246721
54246727
54246743
54246749
54246761
54246799
54246817
54246823
54246839
54246853
54246859
54246887
54246943
54246947
54246961
54246989
54246991
54247003
54247007
54247021
54247027
54247031
54247093
54247099
54247121
54247157
54247199
54247211
54247213
54247267
54247279
54247301
54247307
54247309
54247327
54247339
54247343
54247351
54247367
54247393
54247397
54247399
54247411
54247423
54247433
54247441
54247463
54247471
54247477
54247481
54247517
54247537
54247559
54247573
54247591
54247597
54247601
54247607
54247643
54247667
54247751
54247757
54247769
54247789
54247801
54247813
54247829
54247859
54247871
54247873
54247927
54247931
54247933
54247939
54247943
54248057
54248111
54248119
54248137
54248147
54248167
54248209
54248213
54248231
54248239
54248269
54248281
54248291
54248297
54248303
54248323
54248339
54248347
54248351
54248407
54248443
54248489
54248501
54248507
54248539
54248561
54248573
54248599
54248639
54248653
54248693
54248707
54248741
54248749
54248759
54248801
54248807
54248809
54248813
54248827
54248851
54248897
54248903
54248959
54248969
54248981
54248983
54249031
54249071
54249073
54249079
54249103
54249121
54249131
54249133
54249137
54249179
54249229
54249253
54249257
54249259
54249277
54249301
54249311
54249323
54249347
54249353
54249361
54249367
54249443
54249451
54249463
54249469
54249491
54249509
54249523
54249529
54249553
54249583
54249599
54249631
54249641
54249647
54249677
54249697
54249707
54249739
54249743
54249757
54249763
54249773
54249781
54249787
54249809
54249817
54249841
54249889
54249917
54249919
54249971
54249973
54249977
54249983
54250003
54250051
54250069
54250081
54250121
54250127
54250151
54250153
54250159
54250181
54250193
54250199
54250237
54250241
54250243
54250249
54250291
54250297
54250321
54250331
54250333
54250351
54250363
54250393
54250397
54250459
54250487
54250489
54250501
54250507
54250513
54250531
54250571
54250577
54250591
54250601
54250613
54250631
54250633
54250663
54250673
54250687
54250697
54250733
54250739
54250811
54250829
54250841
54250877
54250883
54250919
54250969
54250979
54250981
54251009
54251011
54251047
54251051
54251053
54251059
54251111
54251123
54251177
54251179
54251189
54251201
54251221
54251237
54251261
54251291
54251293
54251297
54251299
54251321
54251339
54251357
54251359
54251381
54251389
54251399
54251419
54251429
54251447
54251497
54251501
54251513
54251521
54251531
54251537
54251557
54251563
54251599
54251609
54251611
54251623
54251627
54251647
54251671
54251683
54251711
54251719
54251723
54251759
54251803
54251867
54251887
54251909
54251927
54251933
54251941
54251957
54251969
54251983
54251999
54252001
54252013
54252017
54252031
54252041
54252043
54252047
54252073
54252089
54252131
54252167
54252169
54252179
54252199
54252227
54252259
54252269
54252271
54252293
54252299
54252311
54252313
54252347
54252361
54252383
54252413
54252427
54252433
54252463
54252487
54252503
54252521
54252529
54252547
54252557
54252563
54252571
54252577
54252629
54252631
54252637
54252641
54252677
54252689
54252691
54252703
54252719
54252743
54252811
54252817
54252827
54252839
54252859
54252893
54252907
54252911
54253009
54253019
54253051
54253091
54253093
54253109
54253139
54253141
54253163
54253169
54253187
54253201
54253247
54253259
54253267
54253271
54253279
54253321
54253327
54253357
54253363
54253411
54253429
54253439
54253453
54253469
54253489
54253501
54253523
54253541
54253553
54253559
54253561
54253571
54253637
54253643
54253649
54253657
54253663
54253691
54253699
54253723
54253739
54253747
54253753
54253763
54253799
54253811
54253861
54253889
54253907
54253909
54253921
54253957
54253963
54254023
54254107
54254129
54254131
54254141
54254197
54254201
54254227
54254231
54254251
54254269
54254279
54254287
54254297
54254353
54254359
54254377
54254381
54254383
54254393
54254407
54254413
54254419
54254477
54254483
54254503
54254507
54254509
54254537
54254561
54254587
54254597
54254609
54254611
54254639
54254699
54254729
54254741
54254771
54254789
54254797
54254831
54254833
54254857
54254869
54254891
54254903
54254917
54254927
54254933
54254951
54254983
54255001
54255011
54255017
54255037
54255073
54255101
54255119
54255139
54255167
54255181
54255217
54255233
54255263
54255287
54255319
54255323
54255337
54255361
54255371
54255373
54255389
54255403
54255419
54255451
54255463
54255473
54255511
54255529
54255577
54255631
54255647
54255661
54255671
54255679
54255703
54255709
54255737
54255757
54255763
54255767
54255769
54255787
54255791
54255821
54255829
54255881
54255893
54255917
54255977
54255979
54256003
54256031
54256043
54256049
54256063
54256073
54256093
54256099
54256109
54256117
54256133
54256151
54256157
54256201
54256211
54256249
54256261
54256273
54256297
54256309
54256313
54256337
54256339
54256351
54256373
54256403
54256429
54256439
54256451
54256483
54256487
54256507
54256513
54256529
54256547
54256549
54256561
54256591
54256607
54256619
54256621
54256627
54256649
54256661
54256679
54256681
54256687
54256703
54256717
54256733
54256757
54256781
54256819
54256831
54256849
54256871
54256889
54256901
54256907
54256919
54256921
54256933
54256967
54256987
54257003
54257011
54257029
54257033
54257083
54257087
54257111
54257123
54257143
54257153
54257191
54257197
54257201
54257209
54257233
54257237
54257249
54257263
54257341
54257351
54257363
54257383
54257389
54257459
54257479
54257501
54257507
54257509
54257513
54257519
54257551
54257563
54257573
54257587
54257603
54257633
54257653
54257683
54257729
54257771
54257779
54257789
54257803
54257807
54257813
54257821
54257831
54257837
54257839
54257857
54257867
54257887
54257923
54257941
54257953
54257963
54257969
54257981
54258041
54258073
54258077
54258079
54258089
54258121
54258143
54258157
54258161
54258187
54258209
54258247
54258251
54258263
54258287
54258307
54258313
54258329
54258343
54258359
54258361
54258367
54258371
54258383
54258397
54258427
54258431
54258481
54258487
54258493
54258553
54258557
54258563
54258569
54258593
54258601
54258641
54258691
54258719
54258731
54258749
54258769
54258779
54258847
54258899
54258923
54258947
54258977
54258979
54258989
54259039
54259063
54259081
54259109
54259111
54259147
54259151
54259157
54259159
54259171
54259187
54259199
54259211
54259229
54259253
54259273
54259297
54259301
54259313
54259327
54259339
54259343
54259411
54259417
54259451
54259477
54259511
54259531
54259537
54259559
54259571
54259577
54259589
54259613
54259627
54259643
54259657
54259661
54259669
54259717
54259739
54259741
54259747
54259753
54259759
54259771
54259781
54259787
54259789
54259811
54259813
54259819
54259823
54259867
54259897
54259943
54259963
54259981
54259987
54260027
54260051
54260053
54260057
54260111
54260147
54260149
54260159
54260177
54260191
54260201
54260203
54260221
54260237
54260249
54260273
54260279
54260291
54260317
54260329
54260347
54260351
54260387
54260399
54260407
54260411
54260431
54260441
54260461
54260467
54260477
54260483
54260489
54260551
54260579
54260629
54260693
54260729
54260743
54260747
54260771
54260783
54260809
54260813
54260837
54260849
54260851
54260861
54260879
54260891
54260893
54260939
54260951
54260953
54260959
54261019
54261023
54261037
54261041
54261043
54261047
54261049
54261073
54261079
54261101
54261107
54261113
54261133
54261143
54261149
54261157
54261187
54261199
54261211
54261239
54261281
54261287
54261293
54261299
54261307
54261323
54261343
54261353
54261413
54261421
54261437
54261443
54261457
54261461
54261463
54261469
54261481
54261497
54261527
54261539
54261541
54261589
54261601
54261611
54261619
54261631
54261643
54261659
54261661
54261667
54261673
54261677
54261689
54261707
54261719
54261731
54261751
54261793
54261797
54261803
54261817
54261833
54261839
54261859
54261863
54261913
54261917
54261931
54261937
54261941
54261959
54261973
54261979
54261989
54262007
54262009
54262049
54262063
54262067
54262069
54262073
54262133
54262139
54262189
54262199
54262207
54262223
54262231
54262253
54262279
54262289
54262297
54262319
54262337
54262339
54262349
54262391
54262399
54262409
54262421
54262447
54262463
54262471
54262501
54262541
54262577
54262591
54262633
54262643
54262667
54262687
54262699
54262711
54262739
54262751
54262763
54262771
54262781
54262783
54262801
54262829
54262847
54262849
54262853
54262877
54262883
54262889
54262891
54262913
54262991
54263009
54263021
54263023
54263039
54263063
54263071
54263101
54263123
54263129
54263173
54263177
54263179
54263191
54263197
54263203
54263207
54263219
54263227
54263249
54263281
54263311
54263323
54263327
54263357
54263359
54263369
54263381
54263393
54263401
54263471
54263483
54263527
54263533
54263537
54263543
54263551
54263597
54263621
54263681
54263683
54263701
54263717
54263749
54263761
54263767
54263771
54263777
54263789
