50987059
50987081
50987087
50987099
50987117
50987119
50987129
50987137
50987141
50987161
50987171
50987173
50987179
50987197
50987213
50987239
50987243
50987263
50987273
50987291
50987303
50987309
50987323
50987327
50987333
50987341
50987359
50987383
50987411
50987413
50987429
50987441
50987449
50987473
50987549
50987561
50987609
50987633
50987669
50987681
50987683
50987753
50987819
50987831
50987843
50987863
50987873
50987897
50987899
50987917
50987921
50987929
50987933
50987957
50988017
50988031
50988037
50988043
50988053
50988097
50988103
50988107
50988121
50988127
50988163
50988167
50988187
50988209
50988227
50988251
50988269
50988271
50988277
50988299
50988307
50988317
50988323
50988349
50988403
50988439
50988481
50988563
50988569
50988577
50988589
50988601
50988617
50988671
50988673
50988683
50988713
50988719
50988731
50988767
50988793
50988823
50988827
50988829
50988851
50988859
50988869
50988881
50988947
50988979
50988983
50988991
50989007
50989019
50989033
50989061
50989063
50989067
50989073
50989097
50989109
50989121
50989123
50989151
50989177
50989181
50989187
50989189
50989201
50989241
50989247
50989277
50989291
50989297
50989319
50989343
50989391
50989397
50989427
50989447
50989457
50989469
50989481
50989507
50989517
50989531
50989537
50989541
50989553
50989567
50989577
50989583
50989607
50989633
50989667
50989703
50989723
50989739
50989751
50989753
50989769
50989789
50989819
50989837
50989849
50989853
50989867
50989871
50989889
50989903
50989907
50989909
50989921
50989927
50989931
50989949
50989963
50989973
50989993
50990063
50990077
50990099
50990111
50990113
50990117
50990143
50990161
50990171
50990179
50990189
50990197
50990227
50990237
50990263
50990273
50990279
50990297
50990311
50990321
50990341
50990351
50990353
50990369
50990393
50990413
50990431
50990447
50990453
50990483
50990519
50990549
50990579
50990581
50990651
50990659
50990677
50990683
50990707
50990713
50990741
50990767
50990789
50990827
50990843
50990867
50990869
50990879
50990887
50990897
50990917
50990923
50990941
50990959
50990971
50990981
50990983
50991013
50991029
50991049
50991067
50991097
50991119
50991121
50991131
50991151
50991169
50991173
50991197
50991233
50991271
50991289
50991301
50991323
50991337
50991349
50991361
50991397
50991401
50991407
50991427
50991431
50991463
50991491
50991511
50991533
50991539
50991553
50991557
50991581
50991601
50991607
50991637
50991641
50991673
50991697
50991701
50991709
50991719
50991727
50991751
50991761
50991767
50991781
50991793
50991799
50991821
50991827
50991841
50991859
50991907
50991911
50991929
50991961
50991973
50992003
50992021
50992043
50992049
50992093
50992147
50992153
50992169
50992177
50992189
50992211
50992213
50992217
50992223
50992261
50992273
50992297
50992301
50992339
50992349
50992351
50992373
50992391
50992423
50992429
50992441
50992463
50992511
50992547
50992559
50992573
50992583
50992589
50992597
50992621
50992649
50992651
50992657
50992661
50992681
50992687
50992693
50992703
50992709
50992729
50992769
50992787
50992813
50992819
50992831
50992847
50992849
50992853
50992871
50992873
50992897
50992901
50992951
50992967
50992973
50992987
50993009
50993027
50993039
50993057
50993069
50993071
50993077
50993087
50993099
50993101
50993113
50993177
50993197
50993213
50993219
50993221
50993237
50993263
50993273
50993297
50993317
50993329
50993389
50993413
50993429
50993441
50993447
50993479
50993483
50993497
50993521
50993531
50993533
50993539
50993561
50993563
50993567
50993603
50993609
50993669
50993689
50993713
50993717
50993741
50993771
50993779
50993809
50993821
50993827
50993837
50993867
50993869
50993893
50993911
50993927
50993933
50993939
50993959
50993963
50993981
50993983
50993989
50994011
50994017
50994023
50994049
50994089
50994091
50994127
50994131
50994137
50994143
50994179
50994199
50994211
50994221
50994227
50994247
50994299
50994311
50994313
50994323
50994329
50994331
50994337
50994343
50994367
50994371
50994379
50994403
50994409
50994413
50994439
50994443
50994457
50994469
50994479
50994487
50994497
50994511
50994523
50994553
50994617
50994623
50994631
50994637
50994641
50994649
50994701
50994709
50994751
50994761
50994767
50994787
50994793
50994817
50994871
50994901
50994913
50994929
50994941
50994943
50994961
50994967
50994989
50995027
50995067
50995073
50995081
50995097
50995123
50995129
50995151
50995171
50995193
50995247
50995249
50995261
50995271
50995277
50995289
50995303
50995313
50995319
50995331
50995337
50995339
50995363
50995367
50995379
50995387
50995409
50995429
50995447
50995457
50995459
50995471
50995481
50995493
50995499
50995501
50995507
50995523
50995547
50995559
50995561
50995627
50995673
50995723
50995757
50995783
50995787
50995793
50995823
50995831
50995849
50995859
50995877
50995897
50995909
50995913
50995927
50995969
50995999
50996009
50996041
50996047
50996053
50996059
50996063
50996069
50996089
50996117
50996149
50996167
50996191
50996203
50996219
50996233
50996273
50996287
50996299
50996321
50996327
50996329
50996339
50996369
50996371
50996383
50996411
50996417
50996419
50996431
50996443
50996461
50996467
50996483
50996501
50996503
50996507
50996537
50996557
50996567
50996593
50996599
50996609
50996641
50996657
50996663
50996689
50996711
50996713
50996717
50996747
50996749
50996783
50996807
50996843
50996857
50996861
50996873
50996879
50996887
50996903
50996917
50996929
50996941
50996987
50996999
50997029
50997031
50997053
50997061
50997073
50997101
50997131
50997151
50997157
50997169
50997227
50997253
50997277
50997329
50997337
50997343
50997347
50997361
50997367
50997379
50997391
50997413
50997421
50997437
50997473
50997487
50997493
50997497
50997521
50997523
50997533
50997559
50997589
50997619
50997641
50997643
50997649
50997659
50997677
50997707
50997719
50997731
50997743
50997757
50997797
50997811
50997823
50997853
50997857
50997901
50997913
50997931
50997949
50998021
50998027
50998049
50998097
50998121
50998139
50998141
50998183
50998187
50998217
50998231
50998267
50998273
50998279
50998303
50998331
50998391
50998397
50998399
50998403
50998411
50998421
50998439
50998459
50998471
50998477
50998483
50998499
50998511
50998517
50998553
50998579
50998621
50998631
50998663
50998681
50998709
50998721
50998723
50998763
50998771
50998819
50998837
50998853
50998873
50998919
50998921
50998931
50998939
50998943
50998979
50998991
50999033
50999051
50999063
50999071
50999083
50999093
50999153
50999159
50999177
50999227
50999237
50999279
50999293
50999323
50999327
50999329
50999339
50999341
50999353
50999359
50999381
50999393
50999407
50999413
50999447
50999453
50999461
50999467
50999471
50999491
50999497
50999503
50999537
50999539
50999561
50999563
50999569
50999573
50999587
50999617
50999623
50999651
50999657
50999687
50999693
50999701
50999789
50999791
50999803
50999807
50999821
50999831
50999887
50999891
50999959
50999989
50999999
51000041
51000049
51000071
51000083
51000113
51000127
51000133
51000137
51000139
51000163
51000197
51000203
51000211
51000233
51000343
51000349
51000353
51000359
51000371
51000379
51000413
51000421
51000431
51000437
51000461
51000463
51000479
51000491
51000511
51000539
51000557
51000559
51000571
51000619
51000641
51000643
51000659
51000667
51000707
51000713
51000727
51000737
51000751
51000841
51000847
51000857
51000863
51000871
51000877
51000923
51000931
51000947
51000949
51001001
51001009
51001031
51001043
51001109
51001123
51001141
51001151
51001163
51001213
51001273
51001283
51001289
51001297
51001303
51001367
51001381
51001421
51001441
51001469
51001471
51001477
51001487
51001493
51001519
51001543
51001553
51001571
51001579
51001597
51001619
51001729
51001747
51001763
51001777
51001843
51001849
51001859
51001861
51001889
51001897
51001919
51001939
51001963
51001997
51002011
51002027
51002041
51002047
51002051
51002087
51002093
51002101
51002111
51002113
51002123
51002129
51002141
51002153
51002167
51002173
51002177
51002183
51002207
51002219
51002221
51002239
51002249
51002267
51002269
51002323
51002333
51002381
51002383
51002423
51002449
51002453
51002461
51002467
51002507
51002509
51002531
51002557
51002563
51002597
51002599
51002603
51002617
51002621
51002629
51002639
51002671
51002689
51002701
51002711
51002741
51002813
51002857
51002869
51002899
51002911
51002927
51002929
51002933
51002947
51002951
51002977
51002989
51003019
51003079
51003089
51003097
51003107
51003151
51003181
51003187
51003191
51003217
51003223
51003233
51003241
51003263
51003287
51003299
51003301
51003307
51003311
51003371
51003377
51003419
51003479
51003487
51003493
51003499
51003509
51003517
51003521
51003523
51003539
51003541
51003551
51003559
51003569
51003599
51003611
51003629
51003653
51003661
51003679
51003707
51003709
51003737
51003739
51003761
51003763
51003767
51003769
51003829
51003833
51003839
51003851
51003863
51003881
51003913
51003937
51003943
51003989
51004001
51004003
51004013
51004027
51004039
51004049
51004061
51004099
51004103
51004153
51004169
51004181
51004201
51004211
51004223
51004229
51004237
51004253
51004277
51004279
51004309
51004313
51004319
51004333
51004351
51004367
51004381
51004423
51004469
51004507
51004511
51004519
51004549
51004553
51004609
51004619
51004627
51004631
51004633
51004643
51004661
51004663
51004669
51004687
51004693
51004699
51004711
51004717
51004739
51004741
51004753
51004763
51004771
51004781
51004787
51004801
51004817
51004829
51004847
51004853
51004871
51004901
51004903
51004927
51004937
51004979
51005021
51005029
51005039
51005057
51005167
51005209
51005249
51005263
51005281
51005299
51005309
51005371
51005393
51005429
51005473
51005483
51005489
51005503
51005533
51005551
51005561
51005567
51005579
51005597
51005621
51005629
51005653
51005683
51005701
51005711
51005737
51005749
51005753
51005771
51005777
51005791
51005807
51005813
51005849
51005863
51005879
51005887
51005893
51005917
51005923
51005947
51005987
51005993
51006023
51006047
51006061
51006079
51006143
51006181
51006211
51006217
51006289
51006301
51006311
51006323
51006391
51006401
51006407
51006413
51006427
51006451
51006457
51006481
51006491
51006493
51006509
51006517
51006521
51006539
51006541
51006547
51006551
51006559
51006569
51006581
51006589
51006611
51006623
51006653
51006661
51006667
51006671
51006677
51006689
51006691
51006707
51006713
51006719
51006727
51006751
51006763
51006803
51006821
51006833
51006869
51006889
51006913
51006931
51006941
51006947
51006983
51007063
51007087
51007109
51007111
51007133
51007139
51007171
51007189
51007193
51007199
51007207
51007247
51007249
51007289
51007291
51007337
51007357
51007367
51007379
51007477
51007483
51007487
51007501
51007513
51007543
51007559
51007577
51007613
51007631
51007657
51007669
51007673
51007681
51007687
51007699
51007709
51007711
51007717
51007729
51007757
51007771
51007807
51007811
51007819
51007829
51007841
51007883
51007903
51007907
51007921
51007949
51007961
51007981
51007987
51007991
51007993
51008003
51008011
51008029
51008047
51008107
51008117
51008137
51008171
51008173
51008189
51008219
51008249
51008257
51008263
51008281
51008329
51008341
51008359
51008371
51008429
51008437
51008443
51008453
51008467
51008479
51008491
51008497
51008537
51008567
51008569
51008579
51008591
51008611
51008623
51008669
51008693
51008723
51008747
51008753
51008759
51008761
51008777
51008791
51008801
51008803
51008807
51008813
51008819
51008821
51008827
51008831
51008849
51008851
51008873
51008887
51008897
51008899
51008927
51008953
51008983
51008987
51008989
51009001
51009031
51009037
51009041
51009067
51009071
51009083
51009097
51009121
51009131
51009139
51009149
51009151
51009157
51009187
51009191
51009209
51009221
51009251
51009263
51009269
51009271
51009307
51009313
51009317
51009323
51009379
51009437
51009449
51009529
51009583
51009587
51009599
51009611
51009613
51009619
51009631
51009641
51009659
51009671
51009683
51009719
51009731
51009769
51009773
51009779
51009799
51009817
51009853
51009857
51009859
51009887
51009941
51009947
51009953
51009961
51009967
51010019
51010033
51010051
51010061
51010103
51010129
51010171
51010177
51010237
51010259
51010277
51010291
51010303
51010313
51010321
51010331
51010339
51010373
51010411
51010417
51010451
51010493
51010499
51010511
51010541
51010543
51010559
51010567
51010577
51010613
51010627
51010639
51010643
51010657
51010667
51010697
51010699
51010709
51010723
51010733
51010777
51010789
51010793
51010807
51010811
51010831
51010871
51010879
51010907
51010951
51010957
51010961
51010997
51011041
51011047
51011057
51011071
51011113
51011117
51011131
51011141
51011167
51011179
51011183
51011209
51011239
51011243
51011267
51011293
51011347
51011351
51011357
51011383
51011413
51011417
51011423
51011437
51011453
51011479
51011533
51011549
51011557
51011573
51011603
51011617
51011629
51011657
51011659
51011663
51011671
51011683
51011687
51011689
51011699
51011729
51011759
51011761
51011777
51011791
51011809
51011837
51011839
51011869
51011881
51011911
51011923
51011927
51011971
51011977
51011981
51012001
51012007
51012029
51012037
51012047
51012067
51012079
51012107
51012119
51012127
51012133
51012139
51012173
51012191
51012193
51012197
51012209
51012211
51012253
51012277
51012281
51012289
51012301
51012389
51012407
51012419
51012439
51012443
51012457
51012463
51012499
51012503
51012509
51012517
51012581
51012593
51012601
51012613
51012617
51012623
51012629
51012649
51012667
51012671
51012691
51012697
51012761
51012799
51012803
51012821
51012839
51012847
51012851
51012883
51012889
51012893
51012901
51012917
51012947
51012959
51012961
51013033
51013051
51013069
51013087
51013097
51013099
51013129
51013159
51013163
51013169
51013187
51013201
51013219
51013231
51013289
51013301
51013357
51013393
51013409
51013439
51013493
51013513
51013519
51013597
51013601
51013603
51013649
51013661
51013663
51013673
51013687
51013723
51013759
51013763
51013771
51013789
51013811
51013829
51013843
51013877
51013891
51013901
51013903
51013913
51013939
51013951
51013961
51013969
51014027
51014057
51014063
51014077
51014081
51014087
51014099
51014113
51014123
51014137
51014141
51014153
51014179
51014203
51014233
51014237
51014261
51014287
51014303
51014323
51014347
51014357
51014387
51014389
51014417
51014441
51014443
51014479
51014543
51014549
51014573
51014581
51014591
51014597
51014611
51014633
51014647
51014653
51014657
51014681
51014687
51014699
51014737
51014771
51014801
51014839
51014863
51014879
51014891
51014893
51014921
51014927
51014941
51014959
51015001
51015007
51015023
51015047
51015061
51015077
51015103
51015131
51015143
51015191
51015221
51015229
51015241
51015253
51015259
51015281
51015287
51015313
51015383
51015389
51015401
51015409
51015421
51015427
51015431
51015457
51015509
51015511
51015529
51015533
51015599
51015607
51015617
51015647
51015659
51015667
51015683
51015721
51015749
51015763
51015787
51015823
51015841
51015847
51015857
51015869
51015871
51015907
51015949
51015953
51016039
51016079
51016087
51016151
51016153
51016169
51016193
51016219
51016241
51016243
51016261
51016271
51016319
51016321
51016331
51016351
51016397
51016403
51016409
51016417
51016453
51016457
51016487
51016513
51016519
51016543
51016571
51016579
51016583
51016613
51016627
51016631
51016633
51016639
51016649
51016733
51016759
51016781
51016787
51016831
51016871
51016883
51016891
51016897
51016907
51016909
51016937
51016939
51016943
51016951
51017009
51017023
51017027
51017047
51017069
51017093
51017101
51017107
51017129
51017143
51017149
51017159
51017171
51017189
51017233
51017237
51017249
51017251
51017257
51017273
51017347
51017363
51017377
51017383
51017387
51017389
51017399
51017401
51017471
51017497
51017501
51017509
51017521
51017539
51017543
51017581
51017597
51017623
51017627
51017639
51017677
51017711
51017741
51017773
51017779
51017801
51017809
51017851
51017861
51017881
51017929
51017947
51017951
51017977
51017987
51018001
51018041
51018049
51018053
51018089
51018091
51018103
51018113
51018131
51018133
51018161
51018193
51018203
51018229
51018239
51018263
51018293
51018299
51018307
51018311
51018367
51018371
51018419
51018427
51018463
51018491
51018493
51018503
51018533
51018551
51018559
51018571
51018589
51018659
51018661
51018673
51018677
51018703
51018707
51018727
51018739
51018749
51018757
51018791
51018797
51018811
51018827
51018833
51018841
51018871
51018881
51018889
51018907
51018943
51018953
51019061
51019079
51019081
51019151
51019153
51019183
51019201
51019223
51019229
51019289
51019291
51019321
51019327
51019333
51019343
51019349
51019369
51019373
51019379
51019399
51019429
51019433
51019453
51019469
51019511
51019513
51019571
51019609
51019637
51019663
51019667
51019673
51019679
51019687
51019691
51019699
51019721
51019733
51019747
51019789
51019817
51019823
51019841
51019849
51019879
51019889
51019931
51019933
51019951
51019979
51019987
51019999
51020029
51020041
51020063
51020069
51020083
51020107
51020117
51020119
51020143
51020153
51020161
51020173
51020197
51020201
51020237
51020269
51020273
51020297
51020303
51020323
51020341
51020363
51020369
51020399
51020413
51020419
51020443
51020471
51020507
51020527
51020531
51020533
51020539
51020551
51020561
51020573
51020591
51020597
51020617
51020653
51020677
51020731
51020777
51020779
51020797
51020819
51020861
51020863
51020867
51020869
51020873
51020887
51020929
51020993
51020999
51021001
51021007
51021011
51021037
51021041
51021053
51021077
51021079
51021083
51021101
51021109
51021143
51021149
51021161
51021163
51021167
51021197
51021241
51021307
51021323
51021329
51021331
51021391
51021401
51021413
51021419
51021427
51021431
51021473
51021491
51021493
51021497
51021533
51021569
51021577
51021583
51021599
51021601
51021637
51021667
51021683
51021697
51021713
51021721
51021769
51021781
51021793
51021827
51021833
51021847
51021851
51021911
51021923
51021967
51021989
51022003
51022033
51022039
51022057
51022061
51022067
51022129
51022133
51022159
51022217
51022241
51022243
51022247
51022259
51022261
51022289
51022319
51022343
51022357
51022369
51022399
51022417
51022421
51022427
51022451
51022453
51022459
51022481
51022483
51022501
51022523
51022537
51022541
51022549
51022561
51022583
51022597
51022603
51022607
51022637
51022651
51022681
51022691
51022739
51022747
51022757
51022759
51022781
51022817
51022823
51022841
51022849
51022859
51022883
51022891
51022903
51022913
51022921
51022927
51022949
51022957
51022991
51022997
51023053
51023081
51023083
51023099
51023101
51023107
51023129
51023183
51023191
51023201
51023207
51023221
51023233
51023237
51023257
51023279
51023293
51023309
51023317
51023339
51023347
51023351
51023359
51023363
51023429
51023447
51023449
51023491
51023501
51023509
51023519
51023521
51023527
51023543
51023561
51023573
51023597
51023657
51023659
51023701
51023711
51023743
51023761
51023767
51023773
51023827
51023837
51023879
51023891
51023897
51023909
51023927
51023933
51023939
51024013
51024019
51024023
51024031
51024059
51024067
51024161
51024163
51024227
51024257
51024263
51024269
51024277
51024301
51024343
51024353
51024371
51024383
51024397
51024401
51024431
51024433
51024473
51024521
51024527
51024539
51024559
51024583
51024593
51024607
51024613
51024683
51024689
51024697
51024733
51024749
51024763
51024817
51024821
51024829
51024859
51024929
51024943
51024991
51025003
51025021
51025049
51025057
51025081
51025087
51025129
51025151
51025187
51025207
51025223
51025237
51025259
51025291
51025319
51025333
51025343
51025367
51025399
51025423
51025427
51025433
51025439
51025441
51025451
51025453
51025493
51025511
51025531
51025537
51025567
51025571
51025577
51025603
51025631
51025651
51025673
51025699
51025717
51025757
51025763
51025781
51025813
51025837
51025847
51025867
51025873
51025889
51025901
51025903
51025913
51025943
51025979
51025981
51025987
51025999
51026033
51026083
51026089
51026111
51026113
51026119
51026123
51026137
51026141
51026147
51026189
51026201
51026237
51026249
51026257
51026321
51026323
51026347
51026369
51026383
51026387
51026389
51026407
51026411
51026429
51026477
51026501
51026519
51026531
51026557
51026567
51026593
51026603
51026611
51026617
51026621
51026623
51026641
51026671
51026687
51026791
51026797
51026803
51026813
51026839
51026867
51026873
51026891
51026893
51026897
51026923
51026929
51026953
51026957
51026971
51026981
51027089
51027113
51027121
51027139
51027143
51027167
51027169
51027187
51027199
51027227
51027239
51027253
51027257
51027259
51027299
51027307
51027341
51027343
51027359
51027367
51027371
51027377
51027397
51027433
51027461
51027469
51027479
51027481
51027497
51027517
51027553
51027563
51027577
51027611
51027619
51027631
51027637
51027649
51027667
51027671
51027679
51027703
51027707
51027719
51027721
51027737
51027793
51027797
51027827
51027833
51027839
51027857
51027859
51027877
51027929
51027941
51027967
51028009
51028027
51028031
51028039
51028073
51028079
51028127
51028141
51028171
51028183
51028213
51028247
51028259
51028261
51028273
51028279
51028301
51028309
51028361
51028403
51028409
51028447
51028457
51028501
51028507
51028517
51028519
51028531
51028541
51028567
51028583
51028589
51028591
51028597
51028609
51028633
51028639
51028709
51028711
51028717
51028721
51028739
51028751
51028763
51028799
51028807
51028811
51028829
51028837
51028843
51028853
51028871
51028903
51028933
51028961
51028987
51028993
51028997
51029039
51029047
51029059
51029063
51029071
51029093
51029137
51029161
51029171
51029177
51029207
51029213
51029219
51029221
51029227
51029273
51029281
51029287
51029311
51029323
51029353
51029417
51029443
51029449
51029467
51029471
51029491
51029507
51029509
51029521
51029527
51029533
51029593
51029603
51029621
51029653
51029677
51029681
51029683
51029723
51029729
51029747
51029773
51029791
51029807
51029809
51029833
51029837
51029851
51029887
51029899
51029911
51029929
51029933
51029941
51029981
51029987
51030013
51030017
51030037
51030041
51030047
51030059
51030079
51030101
51030137
51030179
51030191
51030193
51030211
51030223
51030233
51030263
51030269
51030271
51030283
51030313
51030319
51030323
51030337
51030341
51030359
51030367
51030373
51030383
51030389
51030403
51030449
51030509
51030533
51030569
51030593
51030631
51030643
51030647
51030649
51030671
51030737
51030779
51030781
51030797
51030799
51030823
51030839
51030851
51030877
51030887
51030893
51030901
51030949
51030971
51031007
51031031
51031073
51031081
51031109
51031117
51031121
51031133
51031147
51031157
51031163
51031187
51031193
51031199
51031217
51031231
51031241
51031261
51031291
51031313
51031327
51031333
51031369
51031373
51031381
51031391
51031423
51031439
51031447
51031451
51031481
51031483
51031489
51031493
51031499
51031523
51031529
51031537
51031553
51031559
51031577
51031597
51031649
51031667
51031681
51031697
51031699
51031703
51031723
51031741
51031763
51031787
51031789
51031811
51031829
51031847
51031879
51031907
51031913
51031919
51031931
51031949
51031979
51031999
51032017
51032021
51032039
51032063
51032077
51032087
51032143
51032153
51032159
51032161
51032171
51032207
51032221
51032237
51032251
51032263
51032273
51032291
51032297
51032299
51032339
51032381
51032389
51032393
51032441
51032447
51032477
51032503
51032507
51032519
51032533
51032543
51032549
51032557
51032591
51032593
51032609
51032617
51032629
51032677
51032711
51032719
51032743
51032749
51032809
51032887
51032893
51032903
51032909
51032939
51032941
51032957
51032983
51033001
51033019
51033043
51033061
51033091
51033119
51033137
51033187
51033197
51033209
51033239
51033247
51033313
51033317
51033331
51033341
51033361
51033377
51033383
51033391
51033413
51033427
51033457
51033503
51033509
51033511
51033517
51033523
51033547
51033551
51033559
51033581
51033589
51033599
51033607
51033613
51033617
51033623
51033641
51033679
51033683
51033701
51033709
51033713
51033721
51033727
51033739
51033743
51033751
51033799
51033809
51033821
51033839
51033883
51033887
51033893
51033929
51033947
51033973
51033977
51033979
51034001
51034013
51034021
51034037
51034099
51034111
51034129
51034157
51034183
51034199
51034213
51034241
51034271
51034273
51034297
51034343
51034393
51034397
51034409
51034427
51034439
51034453
51034471
51034483
51034499
51034517
51034523
51034541
51034547
51034559
51034583
51034597
51034603
51034609
51034651
51034657
51034661
51034667
51034681
51034717
51034721
51034727
51034733
51034783
51034801
51034807
51034831
51034843
51034889
51034913
51034961
51034967
51034987
51034993
51035011
51035051
51035057
51035063
51035087
51035143
51035147
51035167
51035189
51035191
51035209
51035213
51035221
51035233
51035251
51035263
51035287
51035291
51035293
51035323
51035333
51035351
51035357
51035381
51035407
51035431
51035461
51035471
51035473
51035497
51035503
51035507
51035521
51035587
51035713
51035741
51035753
51035759
51035771
51035801
51035813
51035849
51035851
51035861
51035863
51035869
51035879
51035917
51035923
51035981
51035993
51036001
51036017
51036043
51036059
51036101
51036107
51036113
51036131
51036157
51036169
51036179
51036187
51036203
51036221
51036233
51036253
51036257
51036269
51036277
51036281
51036289
51036311
51036331
51036343
51036353
51036361
51036371
51036383
51036409
51036437
51036463
51036467
51036481
51036487
51036493
51036497
51036529
51036547
51036577
51036581
51036589
51036611
51036619
51036631
51036691
51036697
51036707
51036763
51036773
51036779
51036787
51036803
51036833
51036851
51036857
51036871
51036883
51036889
51036893
51036911
51036917
51036959
51036989
51037003
51037027
51037031
51037073
51037099
51037117
51037121
51037123
51037127
51037153
51037157
51037163
51037177
51037199
51037223
51037237
51037271
51037291
51037307
51037321
51037339
51037351
51037369
51037387
51037429
51037433
51037457
51037471
51037487
51037513
51037523
51037531
51037543
51037559
51037561
51037577
51037601
51037607
51037619
51037627
51037631
51037669
51037691
51037699
51037703
51037739
51037741
51037751
51037769
51037807
51037813
51037841
51037937
51037969
51037981
51037991
51038003
51038011
51038069
51038083
51038101
51038107
51038129
51038167
51038171
51038189
51038191
51038203
51038213
51038227
51038249
51038263
51038293
51038297
51038303
51038321
51038327
51038329
51038333
51038341
51038359
51038387
51038413
51038423
51038441
51038479
51038489
51038497
51038501
51038509
51038513
51038527
51038543
51038551
51038557
51038567
51038593
51038621
51038623
51038677
51038681
51038759
51038773
51038821
51038831
51038837
51038839
51038843
51038849
51038881
51038903
51038951
51038969
51038971
51038983
51039007
51039013
51039019
51039029
51039067
51039077
51039103
51039173
51039179
51039181
51039223
51039229
51039251
51039257
51039259
51039269
51039283
51039341
51039343
51039347
51039353
51039379
51039403
51039419
51039427
51039433
51039437
51039463
51039467
51039479
51039481
51039517
51039533
51039587
51039589
51039607
51039641
51039673
51039683
51039773
51039787
51039799
51039803
51039811
51039817
51039823
51039847
51039893
51039929
51039931
51039973
51040019
51040021
51040037
51040051
51040081
51040127
51040141
51040153
51040169
51040181
51040193
51040211
51040217
51040259
51040271
51040321
51040331
51040373
51040393
51040421
51040433
51040471
51040481
51040541
51040547
51040573
51040589
51040603
51040607
51040727
51040729
51040751
51040763
51040793
51040799
51040813
51040831
51040853
51040861
51040879
51040889
51040931
51040949
51040963
51040981
51040991
51040999
51041027
51041041
51041047
51041051
51041059
51041063
51041113
51041141
51041143
51041147
51041153
51041197
51041219
51041227
51041231
51041257
51041267
51041281
51041297
51041339
51041369
51041377
51041413
51041423
51041437
51041443
51041447
51041449
51041509
51041519
51041521
51041569
51041579
51041591
51041609
51041621
51041651
51041677
51041707
51041719
51041723
51041737
51041741
51041743
51041789
51041797
51041813
51041831
51041839
51041863
51041867
51041897
51041909
51041917
51041927
51041951
51041957
51042053
51042149
51042169
51042191
51042209
51042217
51042223
51042241
51042263
51042281
51042289
51042293
51042311
51042319
51042323
51042367
51042373
51042457
51042463
51042469
51042487
51042491
51042521
51042527
51042533
51042547
51042571
51042599
51042601
51042613
51042617
51042631
51042637
51042643
51042679
51042689
51042701
51042707
51042713
51042731
51042743
51042749
51042757
51042767
51042779
51042821
51042829
51042851
51042877
51042881
51042913
51042919
51042947
51042973
51042977
51043001
51043007
51043009
51043033
51043039
51043043
51043087
51043093
51043099
51043123
51043127
51043147
51043159
51043169
51043171
51043183
51043199
51043207
51043229
51043247
51043259
51043261
51043271
51043273
51043327
51043337
51043351
51043379
51043381
51043411
51043427
51043429
51043493
51043511
51043513
51043561
51043579
51043583
51043591
51043651
51043687
51043703
51043711
51043721
51043723
51043801
51043807
51043849
51043859
51043873
51043879
51043907
51043919
51043957
51043961
51043963
51043987
51043999
51044003
51044023
51044039
51044069
51044083
51044093
51044111
51044131
51044137
51044143
51044159
51044167
51044171
51044173
51044179
51044233
51044261
51044269
51044293
51044297
51044309
51044327
51044339
51044341
51044359
51044363
51044369
51044377
51044417
51044443
51044449
51044453
51044471
51044509
51044519
51044531
51044533
51044551
51044563
51044573
51044627
51044629
51044639
51044647
51044657
51044663
51044681
51044701
51044711
51044737
51044743
51044759
51044771
51044779
51044783
51044801
51044803
51044813
51044837
51044839
51044899
51044927
51044951
51044957
51044977
51045011
51045019
51045023
51045037
51045079
51045103
51045107
51045131
51045143
51045157
51045161
51045179
51045187
51045199
51045209
51045301
51045353
51045367
51045383
51045497
51045503
51045517
51045523
51045541
51045551
51045583
51045629
51045637
51045641
51045649
51045653
51045661
51045677
51045691
51045719
51045733
51045739
51045767
51045769
51045791
51045793
51045803
51045817
51045821
51045847
51045889
51045919
51045923
51045931
51045961
51045983
51045997
51046001
51046013
51046043
51046067
51046109
51046123
51046133
51046139
51046157
51046159
51046201
51046241
51046267
51046279
51046283
51046297
51046301
51046313
51046321
51046327
51046399
51046417
51046423
51046433
51046439
51046487
51046531
51046549
51046603
51046609
51046621
51046627
51046649
51046663
51046687
51046693
51046703
51046727
51046759
51046789
51046817
51046819
51046847
51046861
51046871
51046889
51046907
51046921
51046943
51046949
51046951
51046973
51046979
51046981
51046993
51046997
51046999
51047011
51047021
51047023
51047071
51047089
51047147
51047177
51047197
51047203
51047237
51047267
51047299
51047341
51047363
51047369
51047371
51047377
51047393
51047417
51047443
51047459
51047467
51047473
51047489
51047497
51047519
51047527
51047537
51047551
51047561
51047587
51047609
51047663
51047671
51047779
51047807
51047849
51047869
51047873
51047891
51047929
51047959
51047963
51047977
51047989
51048007
51048013
51048029
51048043
51048073
51048131
51048143
51048163
51048191
51048223
51048233
51048301
51048313
51048341
51048343
51048359
51048367
51048377
51048409
51048479
51048499
51048509
51048553
51048559
51048581
51048583
51048587
51048601
51048617
51048619
51048653
51048659
51048677
51048703
51048791
51048797
51048821
51048853
51048857
51048871
51048883
51048889
51048913
51049027
51049043
51049049
51049051
51049057
51049081
51049093
51049099
51049139
51049151
51049183
51049199
51049211
51049237
51049241
51049289
51049291
51049319
51049321
51049331
51049357
51049393
51049417
51049423
51049429
51049433
51049459
51049463
51049477
51049501
51049517
51049543
51049553
51049571
51049577
51049613
51049651
51049667
51049697
51049711
51049723
51049727
51049763
51049769
51049813
51049841
51049877
51049891
51049909
51049919
51049931
51049937
51049951
51049967
51049969
51049981
51050009
51050029
51050053
51050057
51050059
51050071
51050081
51050089
51050101
51050143
51050171
51050177
51050189
51050203
51050213
51050239
51050249
51050297
51050299
51050309
51050323
51050333
51050341
51050357
51050381
51050387
51050401
51050407
51050423
51050431
51050437
51050471
51050479
51050509
51050537
51050543
51050557
51050563
51050567
51050581
51050599
51050603
51050641
51050647
51050651
51050683
51050687
51050689
51050719
51050729
51050773
51050807
51050833
51050849
51050873
51050897
51050899
51050911
51050927
51050939
51050941
51050957
51050959
51050981
51051001
51051029
51051037
51051067
51051073
51051097
51051103
51051113
51051127
51051139
51051179
51051241
51051311
51051317
51051361
51051367
51051373
51051383
51051401
51051409
51051419
51051487
51051509
51051523
51051547
51051563
51051569
51051577
51051631
51051647
51051653
51051677
51051691
51051701
51051703
51051709
51051713
51051739
51051757
51051797
51051809
51051821
51051827
51051829
51051839
51051851
51051857
51051859
51051863
51051877
51051883
51051887
51051907
51051941
51051953
51051983
51051997
51052007
51052013
51052021
51052061
51052063
51052081
51052097
51052103
51052123
51052129
51052147
51052163
51052187
51052189
51052219
51052237
51052283
51052291
51052321
51052327
51052333
51052357
51052363
51052423
51052427
51052429
51052451
51052453
51052457
51052493
51052501
51052511
51052517
51052531
51052537
