53674009
53674039
53674073
53674097
53674133
53674139
53674147
53674163
53674177
53674189
53674217
53674223
53674261
53674267
53674279
53674333
53674337
53674343
53674349
53674393
53674409
53674421
53674427
53674429
53674463
53674469
53674471
53674477
53674493
53674507
53674513
53674529
53674541
53674597
53674603
53674613
53674619
53674633
53674657
53674697
53674727
53674739
53674741
53674771
53674787
53674823
53674861
53674889
53674903
53674927
53674931
53674949
53674961
53674993
53674997
53675009
53675033
53675071
53675087
53675131
53675147
53675161
53675173
53675177
53675227
53675231
53675243
53675287
53675311
53675333
53675351
53675359
53675371
53675381
53675383
53675389
53675429
53675449
53675467
53675471
53675473
53675483
53675497
53675521
53675527
53675543
53675569
53675599
53675617
53675639
53675689
53675693
53675707
53675719
53675729
53675747
53675753
53675771
53675807
53675821
53675861
53675873
53675879
53675891
53675903
53675957
53675959
53676001
53676019
53676023
53676041
53676061
53676107
53676113
53676127
53676131
53676149
53676151
53676163
53676199
53676241
53676277
53676289
53676299
53676317
53676353
53676367
53676373
53676377
53676383
53676391
53676409
53676431
53676437
53676449
53676451
53676473
53676487
53676499
53676509
53676517
53676521
53676533
53676547
53676559
53676583
53676587
53676589
53676613
53676617
53676643
53676661
53676671
53676673
53676697
53676713
53676739
53676797
53676809
53676811
53676853
53676859
53676877
53676911
53676929
53676937
53676947
53676949
53676971
53676991
53677021
53677037
53677049
53677081
53677087
53677093
53677123
53677139
53677163
53677189
53677199
53677237
53677259
53677271
53677291
53677297
53677301
53677319
53677333
53677339
53677361
53677369
53677397
53677427
53677441
53677453
53677471
53677493
53677529
53677531
53677537
53677543
53677549
53677567
53677573
53677583
53677601
53677609
53677649
53677751
53677781
53677853
53677859
53677879
53677909
53677913
53677937
53677951
53677961
53677963
53677999
53678003
53678017
53678041
53678071
53678077
53678087
53678123
53678137
53678153
53678161
53678203
53678221
53678227
53678243
53678257
53678263
53678269
53678279
53678281
53678327
53678357
53678393
53678407
53678411
53678419
53678423
53678431
53678447
53678461
53678473
53678497
53678501
53678519
53678557
53678567
53678633
53678689
53678761
53678783
53678789
53678791
53678813
53678827
53678851
53678861
53678869
53678873
53678893
53678899
53678923
53678951
53678957
53678969
53679001
53679023
53679037
53679071
53679083
53679091
53679097
53679103
53679107
53679133
53679167
53679211
53679221
53679229
53679233
53679271
53679281
53679287
53679289
53679293
53679317
53679331
53679397
53679413
53679419
53679433
53679449
53679467
53679481
53679487
53679491
53679547
53679559
53679589
53679599
53679607
53679629
53679671
53679673
53679683
53679697
53679721
53679733
53679749
53679767
53679803
53679823
53679827
53679833
53679853
53679881
53679887
53679917
53679919
53679943
53679949
53679991
53680009
53680013
53680019
53680021
53680037
53680049
53680079
53680087
53680097
53680103
53680129
53680153
53680241
53680243
53680259
53680267
53680283
53680307
53680327
53680351
53680369
53680387
53680399
53680409
53680433
53680457
53680513
53680519
53680531
53680541
53680547
53680559
53680607
53680609
53680621
53680631
53680633
53680639
53680657
53680687
53680691
53680699
53680703
53680709
53680717
53680751
53680789
53680807
53680811
53680817
53680829
53680843
53680853
53680859
53680877
53680889
53680903
53680927
53680961
53680967
53681021
53681027
53681039
53681081
53681101
53681153
53681179
53681219
53681237
53681261
53681267
53681269
53681317
53681321
53681347
53681351
53681363
53681377
53681431
53681443
53681483
53681497
53681513
53681531
53681543
53681591
53681603
53681627
53681651
53681653
53681657
53681671
53681687
53681689
53681723
53681729
53681743
53681753
53681773
53681777
53681809
53681819
53681899
53681933
53681963
53682019
53682043
53682059
53682061
53682071
53682091
53682113
53682137
53682143
53682179
53682197
53682203
53682241
53682259
53682263
53682281
53682283
53682287
53682331
53682337
53682341
53682367
53682373
53682383
53682427
53682443
53682457
53682469
53682479
53682487
53682547
53682569
53682593
53682631
53682659
53682677
53682689
53682691
53682701
53682709
53682767
53682803
53682829
53682833
53682841
53682859
53682869
53682913
53682997
53683009
53683043
53683079
53683129
53683169
53683193
53683199
53683207
53683211
53683213
53683237
53683241
53683247
53683261
53683271
53683277
53683283
53683327
53683339
53683349
53683367
53683373
53683381
53683387
53683429
53683439
53683489
53683507
53683519
53683547
53683579
53683601
53683627
53683667
53683673
53683691
53683709
53683717
53683757
53683769
53683793
53683811
53683813
53683829
53683831
53683837
53683867
53683871
53683891
53683907
53683913
53683919
53683921
53683939
53683963
53683967
53683969
53683997
53684009
53684027
53684039
53684051
53684083
53684143
53684161
53684171
53684173
53684201
53684243
53684263
53684269
53684303
53684311
53684341
53684357
53684363
53684377
53684383
53684399
53684401
53684417
53684459
53684471
53684497
53684531
53684549
53684567
53684573
53684629
53684647
53684651
53684681
53684753
53684767
53684779
53684791
53684801
53684803
53684809
53684843
53684863
53684927
53684933
53684959
53684977
53684993
53684999
53685001
53685011
53685029
53685043
53685077
53685083
53685091
53685097
53685109
53685169
53685193
53685227
53685239
53685257
53685263
53685271
53685287
53685353
53685361
53685367
53685377
53685391
53685407
53685433
53685451
53685481
53685487
53685491
53685529
53685547
53685563
53685571
53685589
53685607
53685613
53685617
53685649
53685701
53685713
53685721
53685739
53685761
53685781
53685803
53685817
53685823
53685829
53685833
53685857
53685871
53685889
53685941
53685953
53685959
53685967
53685971
53685997
53686007
53686013
53686019
53686037
53686057
53686063
53686067
53686081
53686091
53686099
53686121
53686147
53686151
53686159
53686183
53686211
53686219
53686271
53686273
53686277
53686291
53686351
53686379
53686397
53686417
53686421
53686427
53686441
53686469
53686483
53686499
53686537
53686543
53686547
53686603
53686613
53686657
53686673
53686681
53686733
53686739
53686757
53686781
53686811
53686849
53686907
53686909
53686921
53686931
53686937
53686939
53686949
53686961
53687059
53687063
53687069
53687077
53687099
53687107
53687171
53687189
53687191
53687201
53687209
53687213
53687219
53687279
53687281
53687297
53687299
53687351
53687353
53687363
53687383
53687399
53687401
53687419
53687429
53687441
53687461
53687467
53687477
53687507
53687527
53687533
53687549
53687551
53687587
53687591
53687633
53687663
53687687
53687707
53687713
53687759
53687761
53687783
53687797
53687801
53687813
53687833
53687849
53687867
53687873
53687891
53687917
53687927
53687929
53687941
53687947
53688043
53688067
53688079
53688083
53688121
53688133
53688137
53688149
53688157
53688169
53688179
53688181
53688197
53688199
53688211
53688259
53688269
53688287
53688307
53688343
53688389
53688391
53688413
53688421
53688461
53688473
53688487
53688491
53688539
53688563
53688587
53688589
53688619
53688659
53688697
53688727
53688731
53688749
53688751
53688769
53688787
53688823
53688827
53688847
53688857
53688883
53688893
53688913
53688937
53688949
53688977
53688979
53688989
53688991
53689019
53689033
53689039
53689057
53689073
53689127
53689147
53689157
53689187
53689189
53689219
53689243
53689271
53689289
53689301
53689309
53689343
53689357
53689379
53689393
53689397
53689399
53689453
53689457
53689481
53689483
53689501
53689523
53689549
53689591
53689607
53689619
53689633
53689637
53689639
53689661
53689663
53689693
53689721
53689747
53689777
53689781
53689807
53689837
53689871
53689879
53689907
53689913
53689919
53689931
53689939
53689949
53689963
53689969
53690003
53690011
53690023
53690041
53690053
53690057
53690069
53690083
53690093
53690111
53690123
53690137
53690141
53690159
53690173
53690201
53690209
53690227
53690243
53690251
53690311
53690317
53690323
53690327
53690347
53690381
53690387
53690411
53690449
53690453
53690473
53690491
53690519
53690521
53690569
53690597
53690603
53690621
53690627
53690753
53690759
53690773
53690807
53690837
53690851
53690867
53690881
53690887
53690899
53690909
53690911
53690921
53690929
53690953
53690983
53691013
53691023
53691073
53691089
53691091
53691103
53691139
53691191
53691193
53691199
53691217
53691227
53691233
53691247
53691277
53691293
53691299
53691367
53691377
53691401
53691419
53691431
53691433
53691461
53691467
53691493
53691497
53691527
53691541
53691553
53691623
53691643
53691647
53691709
53691727
53691749
53691769
53691779
53691811
53691839
53691863
53691871
53691887
53691893
53691941
53691949
53691961
53691971
53691977
53691997
53692007
53692013
53692033
53692049
53692061
53692073
53692091
53692123
53692141
53692147
53692159
53692169
53692181
53692207
53692211
53692213
53692277
53692297
53692321
53692343
53692357
53692361
53692381
53692447
53692469
53692487
53692489
53692501
53692517
53692531
53692549
53692553
53692559
53692567
53692607
53692609
53692633
53692643
53692673
53692703
53692729
53692733
53692757
53692777
53692789
53692813
53692829
53692831
53692889
53692897
53692909
53692927
53692931
53692963
53692979
53692997
53693011
53693027
53693039
53693041
53693047
53693051
53693071
53693083
53693099
53693119
53693137
53693141
53693161
53693173
53693243
53693249
53693267
53693273
53693287
53693303
53693323
53693329
53693357
53693383
53693389
53693417
53693461
53693467
53693473
53693489
53693503
53693527
53693533
53693543
53693551
53693557
53693561
53693573
53693597
53693609
53693657
53693663
53693681
53693687
53693711
53693737
53693747
53693749
53693807
53693813
53693833
53693869
53693879
53693903
53693921
53693933
53693947
53693977
53693987
53694013
53694023
53694031
53694037
53694049
53694061
53694073
53694079
53694089
53694107
53694127
53694131
53694161
53694169
53694187
53694197
53694217
53694227
53694233
53694271
53694281
53694293
53694299
53694331
53694349
53694373
53694383
53694391
53694427
53694467
53694479
53694491
53694523
53694527
53694533
53694541
53694569
53694577
53694583
53694587
53694593
53694601
53694611
53694623
53694637
53694643
53694709
53694713
53694737
53694743
53694749
53694757
53694763
53694793
53694803
53694853
53694877
53694913
53694929
53694967
53694983
53695021
53695039
53695049
53695051
53695063
53695093
53695097
53695111
53695123
53695141
53695217
53695249
53695259
53695277
53695289
53695303
53695309
53695321
53695331
53695351
53695361
53695373
53695393
53695427
53695457
53695483
53695507
53695513
53695529
53695531
53695541
53695591
53695597
53695601
53695633
53695637
53695657
53695687
53695693
53695709
53695739
53695783
53695793
53695801
53695819
53695853
53695861
53695879
53695903
53695909
53695927
53695933
53695973
53695987
53696017
53696039
53696051
53696057
53696119
53696141
53696161
53696171
53696177
53696189
53696219
53696233
53696243
53696273
53696303
53696311
53696317
53696323
53696333
53696339
53696351
53696381
53696417
53696441
53696443
53696453
53696477
53696491
53696501
53696521
53696567
53696597
53696609
53696627
53696633
53696639
53696647
53696663
53696677
53696689
53696711
53696749
53696771
53696801
53696813
53696821
53696827
53696833
53696837
53696857
53696861
53696911
53696941
53696977
53696989
53697001
53697023
53697047
53697079
53697113
53697131
53697143
53697187
53697191
53697221
53697223
53697227
53697277
53697283
53697289
53697307
53697313
53697317
53697361
53697377
53697379
53697383
53697389
53697419
53697437
53697461
53697463
53697467
53697491
53697503
53697517
53697521
53697529
53697587
53697593
53697599
53697607
53697649
53697653
53697661
53697671
53697689
53697697
53697701
53697703
53697739
53697757
53697769
53697773
53697779
53697793
53697863
53697881
53697899
53697901
53697913
53698003
53698027
53698039
53698091
53698097
53698103
53698147
53698157
53698163
53698181
53698207
53698213
53698217
53698241
53698247
53698273
53698279
53698283
53698303
53698321
53698331
53698363
53698369
53698373
53698387
53698441
53698453
53698481
53698499
53698531
53698549
53698559
53698571
53698577
53698607
53698613
53698639
53698679
53698709
53698751
53698781
53698783
53698793
53698817
53698829
53698831
53698901
53698961
53698999
53699003
53699021
53699033
53699047
53699081
53699083
53699101
53699117
53699159
53699167
53699171
53699201
53699207
53699221
53699231
53699249
53699251
53699267
53699279
53699287
53699293
53699323
53699353
53699363
53699369
53699383
53699431
53699449
53699473
53699489
53699507
53699573
53699599
53699621
53699671
53699699
53699707
53699713
53699729
53699761
53699773
53699827
53699837
53699869
53699881
53699887
53699903
53699911
53699929
53699959
53699969
53699981
53699999
53700001
53700011
53700067
53700079
53700113
53700121
53700139
53700149
53700151
53700167
53700169
53700173
53700181
53700217
53700221
53700233
53700247
53700259
53700319
53700323
53700337
53700341
53700371
53700379
53700397
53700457
53700481
53700497
53700499
53700503
53700523
53700527
53700551
53700571
53700617
53700659
53700667
53700677
53700719
53700733
53700763
53700767
53700769
53700781
53700799
53700809
53700811
53700827
53700833
53700847
53700863
53700869
53700887
53700901
53700919
53700947
53700967
53700989
53700991
53701001
53701009
53701013
53701091
53701099
53701111
53701129
53701133
53701157
53701177
53701189
53701211
53701229
53701247
53701259
53701261
53701273
53701321
53701337
53701363
53701421
53701423
53701447
53701451
53701469
53701471
53701477
53701511
53701523
53701547
53701567
53701597
53701601
53701603
53701633
53701643
53701663
53701673
53701679
53701699
53701709
53701721
53701783
53701807
53701853
53701877
53701891
53701903
53701927
53701931
53701933
53701943
53701957
53702017
53702027
53702029
53702039
53702063
53702081
53702083
53702111
53702119
53702161
53702179
53702183
53702221
53702237
53702239
53702249
53702317
53702329
53702347
53702359
53702413
53702423
53702471
53702477
53702479
53702491
53702501
53702513
53702521
53702543
53702549
53702573
53702581
53702591
53702599
53702639
53702641
53702647
53702659
53702681
53702687
53702707
53702713
53702731
53702741
53702749
53702773
53702783
53702801
53702807
53702827
53702837
53702843
53702849
53702851
53702863
53702893
53702903
53702917
53702923
53702959
53702981
53702993
53703007
53703037
53703053
53703077
53703079
53703103
53703109
53703127
53703131
53703161
53703197
53703211
53703217
53703227
53703233
53703239
53703277
53703283
53703311
53703337
53703341
53703343
53703361
53703379
53703383
53703409
53703437
53703451
53703467
53703473
53703487
53703499
53703523
53703541
53703547
53703553
53703569
53703571
53703583
53703631
53703641
53703667
53703673
53703701
53703703
53703707
53703719
53703721
53703743
53703857
53703883
53703889
53703941
53703943
53703959
53703961
53703971
53703977
53703989
53704009
53704031
53704039
53704067
53704069
53704087
53704111
53704151
53704153
53704177
53704181
53704193
53704213
53704223
53704229
53704249
53704271
53704289
53704327
53704349
53704351
53704397
53704429
53704451
53704459
53704489
53704499
53704523
53704559
53704579
53704589
53704591
53704601
53704603
53704619
53704631
53704633
53704639
53704661
53704663
53704667
53704669
53704687
53704699
53704709
53704757
53704787
53704789
53704799
53704817
53704841
53704873
53704877
53704907
53704933
53704939
53704997
53704999
53705009
53705011
53705021
53705083
53705101
53705111
53705131
53705137
53705143
53705149
53705173
53705209
53705213
53705243
53705251
53705279
53705287
53705293
53705341
53705357
53705369
53705387
53705413
53705417
53705447
53705453
53705471
53705489
53705497
53705527
53705551
53705557
53705579
53705627
53705683
53705689
53705711
53705719
53705747
53705789
53705807
53705809
53705831
53705843
53705867
53705879
53705909
53705933
53705957
53705969
53705983
53706049
53706067
53706083
53706091
53706109
53706113
53706131
53706137
53706143
53706161
53706193
53706197
53706209
53706223
53706239
53706251
53706287
53706299
53706313
53706361
53706379
53706397
53706409
53706431
53706467
53706469
53706473
53706487
53706493
53706503
53706529
53706533
53706551
53706577
53706619
53706629
53706643
53706691
53706701
53706713
53706739
53706773
53706781
53706797
53706799
53706803
53706827
53706833
53706839
53706857
53706881
53706883
53706889
53706899
53706923
53706929
53706931
53706971
53707009
53707013
53707021
53707037
53707061
53707081
53707111
53707117
53707127
53707153
53707177
53707183
53707189
53707271
53707273
53707309
53707321
53707327
53707343
53707349
53707373
53707421
53707429
53707441
53707447
53707463
53707561
53707567
53707571
53707601
53707613
53707627
53707631
53707637
53707649
53707651
53707727
53707747
53707763
53707769
53707781
53707789
53707799
53707837
53707853
53707859
53707867
53707873
53707931
53707933
53707939
53707943
53707963
53708051
53708069
53708077
53708101
53708119
53708129
53708141
53708143
53708159
53708167
53708183
53708191
53708209
53708257
53708273
53708293
53708323
53708351
53708371
53708411
53708437
53708449
53708453
53708507
53708513
53708527
53708531
53708539
53708549
53708569
53708623
53708659
53708671
53708693
53708713
53708761
53708777
53708779
53708789
53708819
53708843
53708903
53708909
53708911
53708917
53708929
53708969
53708983
53709023
53709031
53709049
53709059
53709077
53709101
53709119
53709127
53709133
53709151
53709167
53709169
53709179
53709199
53709211
53709223
53709251
53709259
53709263
53709269
53709281
53709283
53709287
53709317
53709319
53709353
53709361
53709367
53709373
53709379
53709401
53709413
53709427
53709433
53709437
53709517
53709521
53709527
53709541
53709547
53709559
53709571
53709581
53709589
53709611
53709629
53709661
53709683
53709703
53709731
53709737
53709743
53709779
53709787
53709833
53709863
53709871
53709893
53709923
53709961
53710003
53710057
53710061
53710087
53710091
53710103
53710133
53710141
53710159
53710177
53710183
53710187
53710193
53710211
53710271
53710297
53710309
53710337
53710339
53710357
53710399
53710403
53710409
53710417
53710453
53710493
53710499
53710529
53710541
53710583
53710603
53710609
53710661
53710673
53710691
53710733
53710781
53710807
53710831
53710849
53710859
53710873
53710883
53710901
53710907
53710931
53710933
53710997
53711011
53711017
53711023
53711027
53711033
53711057
53711059
53711117
53711123
53711159
53711197
53711213
53711227
53711237
53711243
53711269
53711291
53711297
53711303
53711323
53711327
53711363
53711369
53711401
53711431
53711443
53711447
53711467
53711473
53711477
53711479
53711491
53711503
53711521
53711533
53711543
53711549
53711563
53711587
53711611
53711617
53711621
53711629
53711639
53711657
53711663
53711677
53711711
53711743
53711761
53711813
53711839
53711851
53711869
53711899
53711909
53711921
53711939
53711989
53712011
53712017
53712047
53712053
53712077
53712079
53712133
53712149
53712157
53712187
53712193
53712233
53712277
53712287
53712311
53712313
53712317
53712319
53712331
53712341
53712349
53712389
53712397
53712409
53712427
53712431
53712433
53712457
53712473
53712497
53712511
53712539
53712559
53712569
53712577
53712619
53712643
53712647
53712649
53712671
53712679
53712689
53712713
53712721
53712733
53712767
53712779
53712781
53712787
53712817
53712821
53712839
53712847
53712851
53712871
53712881
53712887
53712913
53712917
53712931
53712947
53712949
53712973
53712983
53713003
53713007
53713021
53713039
53713087
53713109
53713141
53713147
53713189
53713193
53713207
53713223
53713259
53713271
53713273
53713291
53713301
53713313
53713333
53713337
53713391
53713393
53713409
53713411
53713463
53713469
53713501
53713511
53713519
53713571
53713609
53713613
53713643
53713657
53713697
53713729
53713739
53713801
53713819
53713831
53713853
53713859
53713867
53713883
53713937
53713943
53713951
53713987
53714027
53714029
53714051
53714071
53714077
53714113
53714117
53714147
53714153
53714179
53714183
53714201
53714207
53714239
53714299
53714303
53714317
53714327
53714341
53714347
53714371
53714377
53714383
53714443
53714447
53714461
53714489
53714519
53714629
53714659
53714671
53714693
53714701
53714711
53714719
53714737
53714761
53714779
53714813
53714819
53714863
53714887
53714891
53714893
53714911
53714923
53714929
53714993
53715007
53715017
53715029
53715037
53715059
53715061
53715107
53715113
53715119
53715131
53715139
53715161
53715169
53715187
53715191
53715199
53715209
53715227
53715229
53715239
53715241
53715271
53715283
53715287
53715301
53715317
53715329
53715331
53715353
53715401
53715421
53715439
53715449
53715463
53715469
53715479
53715491
53715499
53715521
53715523
53715533
53715583
53715589
53715611
53715619
53715647
53715667
53715677
53715703
53715707
53715713
53715721
53715731
53715737
53715751
53715763
53715769
53715791
53715797
53715799
53715829
53715887
53715899
53715911
53715943
53715979
53715989
53716007
53716031
53716037
53716043
53716057
53716079
53716081
53716099
53716123
53716127
53716147
53716163
53716171
53716177
53716183
53716213
53716261
53716283
53716291
53716303
53716307
53716309
53716319
53716321
53716337
53716349
53716357
53716361
53716391
53716409
53716483
53716493
53716499
53716501
53716511
53716517
53716567
53716571
53716627
53716631
53716639
53716643
53716657
53716669
53716679
53716693
53716699
53716703
53716709
53716739
53716763
53716771
53716829
53716837
53716843
53716867
53716907
53716939
53716979
53716987
53717021
53717023
53717039
53717051
53717071
53717087
53717089
53717101
53717113
53717119
53717129
53717137
53717159
53717177
53717201
53717221
53717227
53717231
53717233
53717239
53717243
53717291
53717299
53717311
53717333
53717341
53717347
53717359
53717371
53717383
53717407
53717429
53717431
53717437
53717441
53717459
53717473
53717491
53717509
53717537
53717549
53717591
53717593
53717597
53717611
53717633
53717669
53717681
53717687
53717689
53717717
53717767
53717777
53717813
53717843
53717887
53717897
53717929
53717941
53717957
53718019
53718047
53718059
53718061
53718107
53718109
53718127
53718139
53718167
53718199
53718233
53718251
53718277
53718293
53718299
53718349
53718359
53718367
53718373
53718407
53718421
53718439
53718449
53718451
53718461
53718473
53718479
53718541
53718557
53718563
53718571
53718607
53718611
53718619
53718641
53718661
53718683
53718713
53718727
53718773
53718779
53718787
53718829
53718853
53718859
53718883
53718901
53718967
53718989
53719013
53719019
53719027
53719033
53719067
53719069
53719091
53719093
53719103
53719111
53719117
53719121
53719129
53719151
53719189
53719217
53719219
53719241
53719247
53719297
53719319
53719321
53719333
53719361
53719363
53719387
53719399
53719411
53719429
53719433
53719483
53719487
53719489
53719493
53719531
53719537
53719573
53719579
53719583
53719607
53719619
53719639
53719649
53719661
53719681
53719691
53719723
53719739
53719741
53719759
53719769
53719811
53719817
53719837
53719849
53719867
53719871
53719873
53719879
53719891
53719901
53719903
53719907
53719933
53719937
53719951
53719957
53719961
53719979
53719987
53720047
53720053
53720057
53720063
53720083
53720089
53720101
53720129
53720137
53720141
53720143
53720167
53720197
53720207
53720243
53720273
53720279
53720281
53720297
53720309
53720347
53720377
53720419
53720437
53720449
53720461
53720473
53720497
53720507
53720509
53720519
53720531
53720567
53720573
53720591
53720593
53720603
53720651
53720669
53720677
53720743
53720753
53720761
53720813
53720827
53720839
53720899
53720917
53720921
53720957
53720983
53720993
53721013
53721043
53721049
53721067
53721089
53721091
53721121
53721149
53721163
53721167
53721197
53721209
53721223
53721229
53721251
53721263
53721293
53721313
53721323
53721347
53721359
53721361
53721391
53721403
53721431
53721433
53721449
53721463
53721469
53721497
53721527
53721529
53721539
53721553
53721559
53721589
53721599
53721637
53721641
53721671
53721677
53721719
53721727
53721757
53721761
53721763
53721779
53721809
53721847
53721851
53721901
53721923
53721953
53721959
53721961
53722003
53722021
53722027
53722049
53722051
53722061
53722069
53722073
53722117
53722147
53722157
53722169
53722199
53722213
53722217
53722219
53722223
53722241
53722243
53722247
53722267
53722289
53722301
53722309
53722313
53722321
53722343
53722387
53722393
53722399
53722421
53722439
53722441
53722469
53722477
53722507
53722541
53722553
53722579
53722589
53722621
53722673
53722679
53722693
53722723
53722729
53722763
53722787
53722831
53722841
53722847
53722849
53722859
53722891
53722897
53722909
53722913
53722919
53722943
53722951
53722967
53722979
53722987
53723003
53723029
53723041
53723063
53723069
53723071
53723123
53723129
53723183
53723191
53723221
53723227
53723261
53723269
53723323
53723339
53723363
53723387
53723419
53723429
53723437
53723443
53723447
53723459
53723471
53723473
53723497
53723513
53723521
53723539
53723543
53723567
53723569
53723597
53723603
53723647
53723669
53723671
53723717
53723729
53723731
53723759
53723767
53723771
53723779
53723797
53723801
53723827
53723833
53723843
53723851
53723861
53723881
53723897
53723903
53723911
53723941
53723947
53723953
53723977
53723983
53724007
53724031
53724053
53724061
53724089
53724091
53724107
53724127
53724137
53724163
53724169
53724173
53724179
53724193
53724217
53724221
53724241
53724299
53724353
53724361
53724371
53724373
53724409
53724421
53724439
53724449
53724487
53724497
53724511
53724521
53724547
53724557
53724577
53724589
53724611
53724613
53724623
53724659
53724679
53724691
53724701
53724707
53724731
53724739
53724779
53724787
53724809
53724817
53724823
53724857
53724859
53724887
53724889
53724893
53724899
53724943
53724959
53724967
53724991
53724997
53725037
53725051
53725057
53725121
53725163
53725169
53725181
53725187
53725213
53725229
53725241
53725247
53725261
53725267
53725271
53725279
53725283
53725349
53725351
53725363
53725367
53725379
53725381
53725393
53725417
53725421
53725433
53725439
53725489
53725499
53725501
53725513
53725523
53725531
53725547
53725583
53725601
53725657
53725667
53725709
53725741
53725751
53725753
53725757
53725781
53725799
53725807
53725843
53725849
53725853
53725873
53725879
53725909
53725927
53725937
53725943
53725979
53726003
53726011
53726017
53726033
53726051
53726059
53726063
53726081
53726087
53726093
53726117
53726143
53726147
53726173
53726191
53726203
53726227
53726251
53726269
53726279
53726287
53726303
53726329
53726333
53726347
53726353
53726369
53726389
53726417
53726437
53726447
53726489
53726501
53726507
53726513
53726537
53726539
53726573
53726591
53726609
53726653
53726663
53726669
53726677
53726711
53726713
53726723
53726747
53726753
53726767
53726807
53726833
53726837
53726843
53726861
53726917
53726929
53726941
53726951
53726957
53726971
53726989
53727007
53727013
53727017
53727019
53727059
53727067
53727077
53727109
53727119
53727131
53727133
53727143
53727173
53727187
53727199
53727203
53727239
53727257
53727263
53727277
53727313
53727329
53727337
53727341
53727353
53727437
53727449
53727451
53727473
53727491
53727521
53727539
53727551
53727559
53727577
53727629
53727631
53727673
53727677
53727679
53727719
53727733
53727767
53727797
53727799
53727823
53727827
53727847
53727857
53727881
53727889
53727913
53727983
53728001
53728019
53728057
53728093
53728111
53728123
53728127
53728133
53728139
53728151
53728153
53728159
53728183
53728217
53728229
53728237
53728243
53728261
53728331
53728349
53728351
53728361
53728417
53728427
53728429
53728463
53728481
53728489
53728531
53728537
53728541
53728547
53728553
53728579
53728613
53728651
53728663
53728679
53728681
53728693
53728709
53728723
53728757
53728853
53728867
53728877
53728879
53728889
53728907
53728933
53728937
53728981
53729003
53729021
53729029
53729041
53729051
53729057
53729099
53729111
53729113
53729149
53729153
53729171
53729183
53729213
53729237
53729239
53729297
53729329
53729341
53729369
53729381
53729383
53729399
53729407
53729419
53729441
53729443
53729447
53729453
53729483
53729491
53729497
53729521
53729539
53729551
53729563
53729569
53729581
53729623
53729629
53729647
53729653
53729657
53729659
53729681
53729699
53729713
53729719
53729737
53729743
53729749
53729759
53729783
53729839
53729873
53729899
53729903
53729927
53729933
53729983
53729987
53729989
53730007
53730023
53730077
53730107
53730109
53730113
53730137
53730197
53730221
53730293
53730361
53730367
53730373
53730407
53730419
53730433
53730437
53730463
53730491
53730493
53730539
53730563
53730571
53730577
53730587
53730601
53730617
53730619
53730629
53730641
53730647
53730653
53730661
53730667
53730679
53730683
53730713
53730749
53730791
53730793
53730811
53730827
53730839
53730893
53730907
53730913
53730947
53730959
53730961
53730973
53730977
53730979
53730983
53731001
53731003
53731019
53731021
53731043
53731061
53731063
53731079
53731087
53731109
53731177
53731187
53731207
53731211
53731231
53731267
53731313
53731331
53731333
53731357
53731397
53731399
53731417
53731421
53731493
53731499
53731529
53731549
53731571
53731591
53731597
53731621
53731637
53731651
53731661
53731663
53731681
53731687
53731709
53731721
53731729
53731739
53731757
53731759
53731801
53731813
53731819
53731859
53731871
53731879
53731891
53731903
53731921
53731963
53731973
53731999
53732009
53732011
53732023
53732047
53732051
53732093
53732123
53732131
53732137
53732143
53732149
53732153
53732179
53732197
53732201
53732213
53732221
53732249
53732267
53732299
53732309
53732321
53732333
53732353
53732369
53732383
53732387
53732423
53732429
53732443
53732449
53732467
53732477
53732501
53732533
53732537
53732543
53732573
53732611
53732629
53732639
53732647
53732659
53732681
53732683
53732687
53732747
53732753
53732773
53732803
53732849
53732863
53732867
53732873
53732881
53732923
53732933
53732941
53732947
53732957
53732981
53732989
53733041
53733047
53733059
53733077
53733089
53733103
53733151
53733179
53733191
53733217
53733223
53733227
53733241
53733257
53733269
53733271
53733301
53733341
53733343
53733347
53733353
53733371
53733377
53733391
53733431
53733437
53733443
53733469
53733499
53733521
53733527
53733529
53733541
53733569
53733593
53733611
53733613
53733623
53733637
53733683
53733689
53733697
53733707
53733769
53733809
53733811
53733833
53733859
53733877
53733887
53733899
53733907
53733929
53733931
53733947
53733949
53733959
53734061
53734069
53734097
53734111
53734123
53734157
53734171
53734183
53734193
53734237
53734243
53734321
53734327
53734367
53734393
53734423
53734453
53734459
53734487
53734507
53734511
53734519
53734523
53734531
53734553
53734561
53734573
53734579
53734591
53734607
53734613
53734631
53734657
53734661
53734669
53734721
53734817
53734823
53734903
53734921
53734937
53734939
53734957
53734963
53734979
53734981
53735029
53735041
53735111
53735117
53735161
53735167
53735179
53735189
53735207
53735219
53735221
53735233
53735237
53735239
53735243
53735257
53735261
53735267
53735303
53735323
53735377
53735387
53735389
53735393
53735399
53735411
53735417
53735447
53735459
53735483
53735491
53735501
53735503
53735557
53735603
53735609
53735651
53735653
53735677
53735683
53735687
53735699
53735701
53735723
53735761
53735783
53735833
53735839
53735849
53735863
53735867
53735909
53735923
53735947
53735959
53735987
53735999
53736017
53736029
53736097
53736107
53736127
53736143
53736191
53736203
53736209
53736253
53736271
53736301
53736341
53736377
53736379
53736401
53736407
53736409
53736413
53736443
53736457
53736481
53736491
53736497
53736523
53736559
53736581
53736583
53736601
53736619
53736629
53736653
53736659
53736667
53736679
53736703
53736707
53736719
53736721
53736803
53736817
53736821
53736829
53736853
53736863
53736869
53736871
53736887
53736899
53736941
53736967
53737001
53737003
53737007
53737049
53737063
53737081
53737091
53737097
53737139
53737163
53737181
53737193
53737207
53737217
53737249
53737253
53737267
53737331
53737367
53737373
53737393
53737421
53737423
53737441
53737447
53737451
53737471
53737501
53737507
53737517
53737531
53737547
53737553
53737559
53737571
53737631
53737657
53737679
53737751
53737759
53737777
53737781
53737793
53737811
53737823
53737829
53737843
53737883
53737927
53737961
53737963
53737979
53737987
53737991
53737993
53737997
53738017
53738029
53738033
53738039
53738057
53738059
53738077
53738081
53738093
53738129
53738141
53738149
53738177
53738197
53738219
53738227
53738231
53738233
53738263
53738273
53738297
53738299
53738303
53738323
53738339
53738353
53738359
53738369
53738371
53738381
53738383
53738389
53738401
53738453
53738473
53738491
53738501
53738507
53738521
53738533
53738539
53738543
53738549
53738563
53738569
53738579
53738591
53738609
53738617
53738627
53738677
53738687
53738701
53738747
53738753
53738759
53738771
53738809
53738851
53738857
53738917
53738939
53738953
53738959
53738963
53738999
53739013
53739019
53739041
53739047
53739061
53739073
53739083
53739107
53739137
53739149
53739157
53739167
53739181
53739199
53739211
53739223
53739241
53739251
53739253
53739311
53739313
53739331
53739401
53739419
53739421
53739437
53739481
53739487
53739493
