50724871
50724881
50724887
50724893
50724899
50724911
50724917
50724929
50724931
50724937
50724953
50724983
50725009
50725013
50725043
50725049
50725057
50725063
50725067
50725091
50725123
50725139
50725151
50725163
50725177
50725217
50725243
50725249
50725253
50725271
50725273
50725289
50725313
50725319
50725369
50725387
50725403
50725429
50725463
50725469
50725481
50725489
50725523
50725529
50725537
50725541
50725559
50725567
50725607
50725667
50725679
50725723
50725751
50725771
50725819
50725837
50725861
50725907
50725931
50725933
50725949
50725957
50725963
50725967
50725973
50725981
50725993
50725999
50726009
50726047
50726057
50726059
50726069
50726087
50726107
50726129
50726131
50726153
50726171
50726177
50726209
50726227
50726233
50726237
50726267
50726279
50726281
50726287
50726309
50726327
50726329
50726359
50726381
50726387
50726393
50726399
50726411
50726413
50726449
50726461
50726503
50726551
50726567
50726581
50726587
50726609
50726617
50726629
50726639
50726647
50726653
50726693
50726699
50726701
50726719
50726723
50726729
50726761
50726783
50726803
50726813
50726821
50726831
50726867
50726869
50726911
50726939
50726957
50726969
50726981
50726987
50726993
50727007
50727041
50727049
50727071
50727101
50727109
50727113
50727137
50727151
50727161
50727179
50727181
50727203
50727211
50727221
50727227
50727247
50727301
50727311
50727317
50727329
50727331
50727343
50727349
50727361
50727379
50727389
50727403
50727427
50727437
50727451
50727461
50727491
50727503
50727533
50727601
50727623
50727631
50727637
50727647
50727667
50727671
50727679
50727689
50727709
50727713
50727727
50727763
50727791
50727793
50727821
50727823
50727863
50727869
50727883
50727893
50727907
50727923
50727959
50727961
50727973
50727977
50728031
50728037
50728079
50728103
50728123
50728129
50728177
50728213
50728267
50728291
50728297
50728303
50728319
50728339
50728343
50728351
50728387
50728399
50728429
50728441
50728451
50728471
50728523
50728529
50728543
50728549
50728567
50728583
50728597
50728609
50728619
50728631
50728669
50728673
50728681
50728703
50728747
50728781
50728787
50728789
50728793
50728829
50728837
50728871
50728883
50728889
50728913
50728919
50728939
50728943
50728957
50728991
50729009
50729011
50729017
50729047
50729083
50729093
50729111
50729153
50729167
50729171
50729179
50729197
50729201
50729209
50729219
50729243
50729269
50729291
50729311
50729317
50729339
50729347
50729383
50729389
50729407
50729443
50729447
50729461
50729473
50729477
50729489
50729501
50729509
50729527
50729537
50729599
50729603
50729617
50729687
50729689
50729737
50729741
50729747
50729759
50729761
50729797
50729801
50729813
50729821
50729831
50729839
50729863
50729897
50729947
50729969
50729999
50730007
50730013
50730037
50730049
50730103
50730131
50730149
50730151
50730217
50730221
50730233
50730257
50730263
50730269
50730271
50730283
50730299
50730319
50730349
50730371
50730419
50730443
50730481
50730509
50730517
50730527
50730529
50730553
50730577
50730587
50730613
50730637
50730643
50730683
50730697
50730721
50730739
50730749
50730751
50730761
50730763
50730767
50730769
50730781
50730793
50730803
50730809
50730821
50730851
50730853
50730881
50730913
50730919
50730923
50730949
50730961
50730983
50730997
50731027
50731067
50731069
50731117
50731129
50731141
50731151
50731171
50731183
50731201
50731207
50731211
50731249
50731259
50731301
50731337
50731339
50731361
50731381
50731393
50731397
50731409
50731433
50731481
50731489
50731493
50731507
50731561
50731601
50731607
50731609
50731613
50731619
50731627
50731633
50731649
50731651
50731657
50731661
50731673
50731693
50731711
50731727
50731739
50731741
50731771
50731777
50731781
50731783
50731867
50731871
50731897
50731909
50731913
50731943
50731963
50731981
50731999
50732009
50732023
50732041
50732051
50732093
50732111
50732113
50732119
50732137
50732159
50732161
50732177
50732179
50732191
50732203
50732219
50732221
50732237
50732243
50732249
50732257
50732323
50732329
50732347
50732351
50732377
50732393
50732443
50732447
50732449
50732459
50732477
50732483
50732519
50732531
50732533
50732543
50732551
50732567
50732597
50732623
50732639
50732677
50732707
50732711
50732719
50732729
50732749
50732761
50732767
50732789
50732791
50732797
50732839
50732863
50732893
50732909
50732921
50732933
50732951
50732971
50732987
50732989
50732993
50732999
50733017
50733041
50733043
50733047
50733061
50733073
50733091
50733107
50733139
50733149
50733157
50733161
50733167
50733191
50733223
50733233
50733269
50733283
50733289
50733299
50733313
50733337
50733341
50733367
50733373
50733407
50733409
50733413
50733443
50733481
50733493
50733509
50733533
50733541
50733581
50733583
50733589
50733643
50733647
50733659
50733677
50733737
50733799
50733803
50733817
50733869
50733871
50733889
50733901
50733953
50733961
50733983
50734003
50734039
50734043
50734049
50734063
50734081
50734121
50734133
50734139
50734163
50734169
50734193
50734217
50734223
50734231
50734241
50734247
50734267
50734279
50734301
50734319
50734357
50734373
50734381
50734391
50734423
50734429
50734441
50734451
50734457
50734469
50734471
50734487
50734529
50734549
50734553
50734559
50734561
50734571
50734577
50734591
50734609
50734637
50734639
50734643
50734657
50734709
50734729
50734751
50734763
50734771
50734777
50734787
50734793
50734811
50734841
50734877
50734889
50734903
50734909
50734933
50734961
50734963
50734973
50734979
50734993
50735011
50735023
50735039
50735053
50735107
50735119
50735129
50735207
50735213
50735273
50735287
50735291
50735303
50735317
50735323
50735329
50735341
50735351
50735353
50735369
50735371
50735389
50735407
50735479
50735483
50735507
50735527
50735551
50735557
50735563
50735569
50735603
50735609
50735717
50735749
50735777
50735827
50735831
50735851
50735857
50735873
50735879
50735921
50735969
50735977
50735981
50735987
50735989
50736013
50736019
50736029
50736031
50736053
50736067
50736071
50736073
50736097
50736107
50736113
50736149
50736163
50736193
50736221
50736253
50736263
50736269
50736271
50736293
50736331
50736383
50736397
50736409
50736421
50736463
50736473
50736571
50736577
50736589
50736599
50736601
50736607
50736613
50736629
50736659
50736691
50736701
50736703
50736709
50736713
50736727
50736757
50736761
50736769
50736779
50736787
50736793
50736799
50736869
50736883
50736893
50736899
50736911
50736913
50736943
50736977
50736989
50737003
50737019
50737051
50737067
50737091
50737123
50737133
50737139
50737147
50737151
50737189
50737207
50737229
50737243
50737261
50737273
50737279
50737283
50737303
50737321
50737369
50737373
50737399
50737411
50737457
50737481
50737493
50737507
50737529
50737567
50737597
50737601
50737627
50737649
50737667
50737681
50737703
50737717
50737763
50737777
50737781
50737783
50737789
50737823
50737831
50737871
50737873
50737889
50737891
50737901
50737913
50737933
50737937
50737943
50737991
50738011
50738059
50738089
50738111
50738141
50738147
50738173
50738179
50738249
50738257
50738267
50738269
50738273
50738297
50738329
50738377
50738381
50738399
50738411
50738419
50738423
50738447
50738449
50738473
50738491
50738503
50738509
50738533
50738539
50738549
50738561
50738573
50738579
50738609
50738617
50738629
50738657
50738669
50738671
50738707
50738711
50738731
50738747
50738783
50738827
50738833
50738837
50738867
50738881
50738917
50738927
50738929
50738953
50738969
50738977
50738981
50739019
50739023
50739037
50739053
50739071
50739077
50739089
50739107
50739113
50739131
50739133
50739149
50739151
50739197
50739211
50739217
50739223
50739239
50739257
50739277
50739287
50739289
50739319
50739323
50739331
50739347
50739349
50739361
50739397
50739401
50739419
50739431
50739463
50739539
50739547
50739571
50739607
50739629
50739677
50739683
50739719
50739727
50739761
50739769
50739779
50739833
50739841
50739851
50739853
50739869
50739881
50739907
50739943
50739947
50739959
50739977
50739989
50740003
50740007
50740009
50740031
50740033
50740069
50740097
50740103
50740159
50740163
50740171
50740181
50740187
50740201
50740219
50740237
50740259
50740289
50740303
50740367
50740439
50740441
50740447
50740453
50740463
50740477
50740489
50740511
50740513
50740519
50740523
50740537
50740561
50740567
50740607
50740619
50740687
50740693
50740709
50740717
50740721
50740741
50740757
50740763
50740793
50740799
50740813
50740819
50740843
50740847
50740873
50740883
50740889
50740897
50740933
50740939
50740957
50740961
50740969
50740973
50740979
50741011
50741021
50741057
50741099
50741111
50741143
50741183
50741189
50741221
50741233
50741237
50741261
50741263
50741269
50741291
50741297
50741321
50741323
50741363
50741371
50741377
50741401
50741417
50741423
50741429
50741441
50741461
50741479
50741489
50741507
50741527
50741531
50741539
50741557
50741563
50741567
50741597
50741599
50741627
50741629
50741653
50741681
50741683
50741731
50741759
50741777
50741807
50741839
50741843
50741857
50741879
50741893
50741903
50741917
50741921
50741927
50741963
50742001
50742011
50742031
50742053
50742077
50742091
50742101
50742121
50742149
50742151
50742169
50742221
50742233
50742259
50742271
50742283
50742287
50742313
50742323
50742353
50742401
50742403
50742437
50742463
50742473
50742479
50742481
50742487
50742491
50742499
50742509
50742511
50742529
50742533
50742539
50742541
50742551
50742553
50742581
50742583
50742589
50742611
50742613
50742617
50742647
50742683
50742689
50742701
50742733
50742743
50742767
50742781
50742793
50742821
50742823
50742827
50742833
50742859
50742869
50742883
50742917
50742929
50742959
50742961
50742971
50742983
50742997
50743013
50743039
50743067
50743073
50743081
50743093
50743151
50743157
50743211
50743213
50743223
50743229
50743237
50743241
50743271
50743279
50743289
50743307
50743327
50743333
50743337
50743369
50743421
50743447
50743463
50743477
50743519
50743523
50743529
50743633
50743639
50743669
50743673
50743697
50743709
50743729
50743733
50743747
50743769
50743783
50743789
50743799
50743801
50743817
50743829
50743831
50743871
50743897
50743921
50743943
50743951
50743961
50743967
50744011
50744017
50744021
50744047
50744051
50744077
50744081
50744087
50744093
50744123
50744129
50744147
50744153
50744203
50744219
50744263
50744297
50744299
50744311
50744327
50744341
50744357
50744363
50744387
50744399
50744437
50744467
50744471
50744539
50744549
50744557
50744567
50744579
50744581
50744587
50744597
50744599
50744621
50744651
50744653
50744657
50744669
50744713
50744731
50744747
50744761
50744777
50744783
50744791
50744803
50744821
50744833
50744887
50744891
50744899
50744957
50744959
50744971
50744987
50744989
50745011
50745053
50745073
50745103
50745139
50745151
50745161
50745173
50745193
50745223
50745239
50745269
50745271
50745281
50745301
50745311
50745313
50745349
50745353
50745367
50745379
50745403
50745449
50745467
50745469
50745491
50745511
50745529
50745553
50745581
50745589
50745593
50745641
50745661
50745671
50745689
50745691
50745707
50745749
50745757
50745781
50745803
50745811
50745817
50745829
50745847
50745859
50745869
50745881
50745883
50745899
50745913
50745923
50745943
50745953
50745967
50745983
50745991
50746009
50746013
50746019
50746051
50746057
50746061
50746067
50746081
50746097
50746099
50746121
50746127
50746147
50746159
50746177
50746183
50746187
50746193
50746237
50746249
50746291
50746331
50746337
50746369
50746447
50746453
50746459
50746463
50746477
50746489
50746517
50746523
50746529
50746543
50746559
50746567
50746583
50746613
50746669
50746687
50746691
50746727
50746733
50746741
50746747
50746757
50746769
50746771
50746799
50746823
50746847
50746859
50746873
50746879
50746909
50746931
50746933
50746957
50746961
50746973
50746991
50747029
50747033
50747051
50747063
50747069
50747077
50747089
50747107
50747111
50747153
50747171
50747183
50747197
50747251
50747273
50747287
50747293
50747297
50747311
50747351
50747377
50747383
50747413
50747443
50747449
50747471
50747479
50747491
50747503
50747507
50747531
50747539
50747563
50747569
50747573
50747617
50747623
50747681
50747687
50747693
50747699
50747701
50747707
50747717
50747779
50747797
50747813
50747849
50747857
50747861
50747891
50747903
50747909
50747923
50747947
50747969
50747971
50747981
50747987
50747989
50748007
50748017
50748073
50748079
50748101
50748149
50748151
50748161
50748163
50748167
50748193
50748197
50748227
50748241
50748251
50748253
50748277
50748293
50748301
50748307
50748323
50748331
50748337
50748343
50748353
50748361
50748371
50748389
50748407
50748421
50748427
50748443
50748491
50748527
50748539
50748559
50748569
50748619
50748623
50748629
50748631
50748641
50748653
50748679
50748697
50748701
50748703
50748707
50748713
50748721
50748727
50748749
50748823
50748851
50748853
50748871
50748877
50748917
50748959
50748977
50748979
50748989
50748991
50749001
50749003
50749009
50749051
50749079
50749093
50749099
50749121
50749141
50749147
50749169
50749183
50749187
50749189
50749207
50749229
50749253
50749277
50749319
50749337
50749373
50749409
50749411
50749421
50749423
50749429
50749453
50749483
50749487
50749537
50749553
50749583
50749591
50749609
50749631
50749639
50749663
50749667
50749687
50749691
50749693
50749711
50749729
50749733
50749747
50749757
50749763
50749789
50749807
50749813
50749843
50749859
50749871
50749889
50749921
50749927
50749939
50749943
50749949
50749961
50749973
50749997
50750009
50750023
50750027
50750041
50750059
50750071
50750123
50750129
50750137
50750149
50750171
50750179
50750201
50750209
50750233
50750239
50750269
50750279
50750281
50750299
50750339
50750383
50750411
50750431
50750461
50750467
50750471
50750473
50750519
50750543
50750591
50750603
50750611
50750629
50750641
50750659
50750671
50750747
50750773
50750779
50750789
50750803
50750807
50750827
50750837
50750867
50750897
50750911
50750923
50750951
50750977
50750981
50750993
50751007
50751017
50751031
50751047
50751053
50751059
50751067
50751083
50751121
50751139
50751149
50751193
50751199
50751229
50751241
50751313
50751343
50751353
50751391
50751401
50751403
50751419
50751427
50751431
50751461
50751469
50751509
50751521
50751529
50751539
50751559
50751611
50751637
50751677
50751683
50751689
50751697
50751703
50751707
50751709
50751719
50751781
50751791
50751821
50751839
50751853
50751887
50751893
50751913
50751917
50751923
50751931
50751989
50752003
50752019
50752027
50752069
50752073
50752087
50752127
50752129
50752139
50752153
50752171
50752181
50752201
50752223
50752267
50752279
50752307
50752309
50752321
50752337
50752357
50752369
50752379
50752381
50752391
50752393
50752417
50752423
50752453
50752483
50752489
50752501
50752511
50752573
50752577
50752579
50752589
50752613
50752619
50752643
50752649
50752657
50752661
50752679
50752693
50752703
50752727
50752729
50752733
50752763
50752777
50752783
50752787
50752811
50752817
50752829
50752831
50752841
50752847
50752879
50752963
50752967
50752981
50752993
50753057
50753069
50753099
50753173
50753179
50753189
50753221
50753251
50753257
50753291
50753309
50753317
50753321
50753357
50753359
50753363
50753369
50753401
50753411
50753419
50753429
50753441
50753447
50753501
50753519
50753533
50753537
50753539
50753581
50753621
50753623
50753641
50753699
50753707
50753719
50753743
50753783
50753809
50753819
50753821
50753863
50753873
50753897
50753903
50753929
50753933
50753947
50753951
50753953
50753977
50753999
50754001
50754007
50754049
50754071
50754083
50754091
50754127
50754167
50754191
50754211
50754229
50754241
50754259
50754281
50754283
50754287
50754293
50754323
50754329
50754331
50754349
50754427
50754439
50754449
50754463
50754481
50754493
50754521
50754541
50754551
50754569
50754593
50754601
50754619
50754631
50754647
50754659
50754667
50754677
50754733
50754763
50754791
50754797
50754811
50754817
50754829
50754839
50754853
50754857
50754863
50754881
50754887
50754919
50754923
50754937
50754943
50754983
50755031
50755039
50755049
50755069
50755109
50755121
50755123
50755127
50755139
50755147
50755151
50755219
50755223
50755241
50755267
50755279
50755283
50755297
50755303
50755321
50755337
50755357
50755459
50755483
50755493
50755531
50755561
50755577
50755589
50755633
50755651
50755657
50755667
50755681
50755697
50755703
50755709
50755717
50755751
50755763
50755769
50755799
50755801
50755811
50755813
50755847
50755849
50755877
50755879
50755883
50755889
50755921
50755933
50755937
50755949
50755961
50755967
50755979
50755981
50755993
50756029
50756063
50756071
50756089
50756137
50756141
50756159
50756179
50756183
50756227
50756249
50756257
50756263
50756281
50756291
50756311
50756327
50756369
50756371
50756399
50756411
50756437
50756449
50756479
50756501
50756521
50756527
50756539
50756567
50756591
50756597
50756603
50756621
50756623
50756659
50756689
50756707
50756723
50756743
50756759
50756773
50756777
50756779
50756821
50756833
50756857
50756861
50756869
50756887
50756891
50756903
50756911
50756939
50757017
50757029
50757041
50757043
50757079
50757097
50757103
50757131
50757143
50757167
50757173
50757181
50757193
50757197
50757209
50757211
50757233
50757271
50757277
50757283
50757313
50757319
50757347
50757349
50757353
50757367
50757397
50757401
50757433
50757437
50757457
50757491
50757503
50757533
50757547
50757589
50757613
50757617
50757643
50757647
50757661
50757667
50757689
50757691
50757719
50757731
50757761
50757769
50757779
50757787
50757809
50757851
50757871
50757899
50757901
50757907
50757913
50757953
50757961
50757977
50757983
50757991
50757997
50758003
50758007
50758009
50758021
50758049
50758087
50758093
50758109
50758133
50758159
50758163
50758181
50758219
50758241
50758249
50758273
50758303
50758307
50758319
50758321
50758327
50758387
50758399
50758403
50758423
50758453
50758457
50758469
50758507
50758523
50758529
50758531
50758541
50758559
50758573
50758627
50758667
50758679
50758691
50758693
50758699
50758727
50758759
50758781
50758819
50758831
50758837
50758847
50758849
50758859
50758879
50758913
50758921
50758927
50758949
50758951
50758969
50758993
50759003
50759029
50759039
50759041
50759053
50759069
50759101
50759119
50759147
50759173
50759197
50759207
50759257
50759273
50759311
50759333
50759347
50759351
50759363
50759377
50759407
50759441
50759491
50759519
50759521
50759539
50759557
50759561
50759573
50759591
50759593
50759629
50759641
50759663
50759699
50759701
50759719
50759759
50759771
50759801
50759851
50759861
50759923
50759941
50759971
50759983
50759987
50759999
50760019
50760043
50760049
50760053
50760089
50760097
50760131
50760209
50760211
50760217
50760223
50760233
50760239
50760247
50760257
50760271
50760289
50760293
50760313
50760371
50760373
50760377
50760383
50760389
50760401
50760427
50760431
50760439
50760443
50760467
50760491
50760551
50760553
50760557
50760629
50760649
50760653
50760659
50760667
50760673
50760679
50760719
50760727
50760751
50760763
50760767
50760791
50760833
50760847
50760851
50760859
50760863
50760877
50760881
50760889
50760901
50760917
50760923
50760937
50760943
50760947
50760949
50760959
50760961
50760979
50761013
50761019
50761033
50761037
50761079
50761091
50761093
50761129
50761169
50761189
50761247
50761259
50761261
50761273
50761279
50761283
50761289
50761309
50761313
50761327
50761343
50761349
50761351
50761421
50761429
50761433
50761441
50761463
50761493
50761531
50761547
50761553
50761573
50761591
50761603
50761619
50761639
50761657
50761661
50761681
50761693
50761703
50761709
50761717
50761723
50761741
50761751
50761783
50761793
50761811
50761859
50761871
50761873
50761883
50761903
50761913
50761933
50761981
50761987
50762011
50762077
50762171
50762177
50762213
50762233
50762237
50762251
50762293
50762321
50762329
50762347
50762351
50762359
50762381
50762389
50762401
50762429
50762447
50762461
50762501
50762507
50762519
50762533
50762539
50762549
50762563
50762581
50762611
50762627
50762639
50762641
50762669
50762683
50762693
50762741
50762759
50762783
50762791
50762809
50762827
50762839
50762843
50762849
50762861
50762869
50762891
50762953
50762989
50763007
50763023
50763059
50763067
50763077
50763101
50763121
50763127
50763133
50763169
50763179
50763191
50763211
50763221
50763233
50763239
50763247
50763299
50763341
50763353
50763373
50763379
50763403
50763409
50763437
50763443
50763457
50763467
50763469
50763487
50763499
50763511
50763527
50763533
50763539
50763623
50763631
50763637
50763697
50763701
50763721
50763733
50763743
50763749
50763761
50763767
50763809
50763821
50763827
50763841
50763847
50763893
50763907
50763917
50763931
50763959
50763961
50763971
50764001
50764003
50764009
50764031
50764039
50764061
50764069
50764079
50764093
50764099
50764157
50764169
50764177
50764187
50764199
50764201
50764213
50764247
50764283
50764291
50764319
50764321
50764327
50764349
50764379
50764387
50764411
50764433
50764451
50764463
50764489
50764507
50764517
50764547
50764583
50764591
50764613
50764633
50764663
50764673
50764717
50764723
50764729
50764739
50764741
50764757
50764781
50764801
50764807
50764817
50764829
50764837
50764843
50764849
50764867
50764891
50764919
50764921
50764969
50764991
50764997
50765021
50765027
50765053
50765087
50765089
50765107
50765119
50765129
50765153
50765159
50765171
50765173
50765189
50765201
50765203
50765233
50765261
50765279
50765291
50765303
50765371
50765387
50765419
50765423
50765447
50765453
50765459
50765483
50765543
50765557
50765563
50765567
50765633
50765647
50765651
50765657
50765711
50765773
50765779
50765789
50765797
50765809
50765821
50765839
50765851
50765881
50765903
50765917
50765947
50765951
50765959
50765971
50765977
50765983
50765999
50766007
50766013
50766031
50766139
50766151
50766193
50766217
50766277
50766283
50766311
50766329
50766361
50766371
50766377
50766383
50766431
50766467
50766473
50766517
50766557
50766577
50766581
50766593
50766601
50766629
50766631
50766643
50766647
50766649
50766659
50766673
50766679
50766697
50766731
50766767
50766769
50766787
50766799
50766817
50766827
50766829
50766851
50766869
50766887
50766893
50766929
50766953
50766959
50766967
50766973
50767007
50767019
50767021
50767037
50767043
50767091
50767099
50767111
50767147
50767159
50767207
50767229
50767237
50767247
50767261
50767271
50767289
50767303
50767309
50767319
50767333
50767337
50767349
50767393
50767403
50767421
50767447
50767459
50767489
50767501
50767517
50767529
50767537
50767547
50767571
50767573
50767579
50767583
50767637
50767643
50767657
50767681
50767687
50767699
50767711
50767721
50767741
50767747
50767793
50767807
50767813
50767853
50767883
50767889
50767897
50767901
50767903
50767919
50767961
50767973
50767999
50768017
50768021
50768023
50768027
50768041
50768059
50768087
50768093
50768119
50768129
50768161
50768191
50768197
50768203
50768213
50768231
50768233
50768257
50768269
50768303
50768309
50768353
50768363
50768381
50768387
50768411
50768441
50768503
50768519
50768533
50768563
50768569
50768581
50768609
50768617
50768629
50768651
50768671
50768677
50768717
50768719
50768723
50768737
50768743
50768747
50768771
50768801
50768807
50768827
50768831
50768833
50768857
50768863
50768867
50768881
50768891
50768903
50768929
50768941
50768951
50768983
50769023
50769031
50769077
50769109
50769133
50769151
50769161
50769163
50769167
50769203
50769209
50769221
50769239
50769241
50769269
50769287
50769319
50769337
50769373
50769437
50769449
50769457
50769479
50769527
50769547
50769583
50769619
50769623
50769643
50769659
50769709
50769721
50769743
50769781
50769787
50769857
50769863
50769869
50769877
50769937
50769959
50769977
50769989
50769991
50769997
50770003
50770043
50770051
50770073
50770079
50770081
50770103
50770123
50770127
50770151
50770169
50770201
50770207
50770241
50770243
50770289
50770297
50770301
50770303
50770331
50770333
50770339
50770351
50770367
50770373
50770393
50770417
50770427
50770429
50770441
50770459
50770463
50770469
50770471
50770477
50770493
50770541
50770543
50770553
50770571
50770583
50770589
50770597
50770613
50770627
50770691
50770703
50770711
50770757
50770801
50770813
50770859
50770861
50770871
50770877
50770879
50770883
50770897
50770921
50770939
50770949
50770957
50770961
50770969
50770987
50770991
50771041
50771057
50771099
50771101
50771117
50771137
50771213
50771263
50771269
50771293
50771309
50771317
50771321
50771323
50771351
50771359
50771423
50771443
50771471
50771491
50771531
50771533
50771549
50771561
50771569
50771587
50771593
50771597
50771599
50771621
50771627
50771647
50771657
50771689
50771713
50771737
50771771
50771803
50771849
50771909
50771921
50771927
50771939
50771951
50771969
50771983
50771989
50772019
50772041
50772049
50772053
50772061
50772077
50772101
50772119
50772133
50772151
50772209
50772223
50772233
50772257
50772269
50772283
50772287
50772289
50772299
50772311
50772329
50772341
50772349
50772377
50772433
50772437
50772457
50772461
50772467
50772479
50772481
50772487
50772497
50772499
50772517
50772521
50772529
50772539
50772577
50772583
50772593
50772641
50772653
50772671
50772691
50772713
50772721
50772791
50772811
50772817
50772833
50772847
50772871
50772877
50772889
50772893
50772899
50772901
50772907
50772919
50772929
50772941
50772961
50772971
50772973
50772979
50773027
50773031
50773057
50773097
50773109
50773117
50773127
50773183
50773199
50773201
50773223
50773231
50773241
50773243
50773267
50773279
50773291
50773321
50773367
50773409
50773427
50773439
50773451
50773469
50773483
50773487
50773517
50773561
50773589
50773603
50773607
50773631
50773637
50773661
50773741
50773759
50773813
50773829
50773837
50773847
50773859
50773913
50773963
50773967
50773979
50773993
50773997
50774029
50774039
50774051
50774057
50774069
50774077
50774089
50774093
50774107
50774123
50774149
50774153
50774173
50774183
50774197
50774209
50774231
50774237
50774287
50774299
50774303
50774341
50774351
50774369
50774401
50774413
50774453
50774459
50774483
50774519
50774527
50774531
50774533
50774569
50774573
50774579
50774587
50774609
50774611
50774657
50774729
50774741
50774743
50774749
50774761
50774771
50774809
50774813
50774819
50774837
50774863
50774881
50774921
50774923
50774939
50774947
50774951
50774953
50774957
50775013
50775017
50775029
50775047
50775059
50775083
50775089
50775091
50775103
50775121
50775161
50775187
50775229
50775247
50775253
50775269
50775287
50775289
50775293
50775313
50775323
50775349
50775367
50775377
50775383
50775397
50775401
50775409
50775443
50775457
50775497
50775503
50775511
50775521
50775541
50775553
50775611
50775649
50775653
50775689
50775691
50775701
50775707
50775757
50775761
50775779
50775793
50775811
50775817
50775833
50775869
50775871
50775919
50775929
50775947
50775971
50775979
50775983
50776001
50776003
50776031
50776043
50776079
50776091
50776169
50776207
50776237
50776241
50776259
50776273
50776333
50776337
50776367
50776423
50776441
50776459
50776471
50776483
50776487
50776519
50776613
50776643
50776673
50776681
50776699
50776717
50776723
50776741
50776763
50776771
50776787
50776823
50776861
50776867
50776871
50776907
50776919
50776927
50776933
50776951
50776997
50777003
50777009
50777029
50777033
50777047
50777059
50777093
50777099
50777107
50777131
50777143
50777149
50777161
50777179
50777191
50777213
50777227
50777239
50777273
50777299
50777327
50777333
50777383
50777407
50777417
50777459
50777479
50777497
50777509
50777513
50777527
50777563
50777569
50777581
50777591
50777593
50777627
50777647
50777669
50777687
50777693
50777707
50777723
50777729
50777761
50777777
50777807
50777809
50777821
50777833
50777843
50777863
50777873
50777897
50777911
50777917
50777939
50777941
50777953
50777957
50777959
50777981
50777983
50778017
50778059
50778061
50778113
50778121
50778139
50778151
50778163
50778193
50778251
50778263
50778271
50778307
50778331
50778347
50778359
50778367
50778373
50778397
50778401
50778421
50778437
50778443
50778451
50778461
50778491
50778499
50778517
50778529
50778547
50778551
50778649
50778671
50778709
50778817
50778839
50778851
50778857
50778859
50778863
50778877
50778919
50778947
50778953
50778977
50778979
50778989
50778991
50778997
50779013
50779021
50779037
50779073
50779109
50779111
50779121
50779139
50779159
50779163
50779171
50779199
50779237
50779241
50779243
50779291
50779301
50779307
50779327
50779373
50779387
50779397
50779409
50779441
50779447
50779489
50779499
50779513
50779543
50779549
50779567
50779579
50779583
50779591
50779621
50779637
50779657
50779679
50779681
50779691
50779733
50779753
50779763
50779793
50779801
50779811
50779907
50779909
50779931
50779933
50779961
50779979
50779987
50779991
50779997
50780011
50780029
50780083
50780089
50780101
50780117
50780129
50780143
50780153
50780161
50780203
50780221
50780231
50780239
50780267
50780269
50780273
50780287
50780299
50780311
50780321
50780329
50780341
50780347
50780383
50780393
50780399
50780417
50780419
50780441
50780461
50780467
50780501
50780507
50780579
50780603
50780617
50780623
50780627
50780629
50780657
50780659
50780663
50780669
50780699
50780701
50780713
50780729
50780753
50780767
50780773
50780777
50780789
50780791
50780801
50780843
50780861
50780879
50780923
50780927
50780929
50780959
50780993
50780999
50781011
50781037
50781043
50781061
50781119
50781127
50781139
50781161
50781169
50781173
50781191
50781223
50781229
50781239
50781251
50781253
50781257
50781271
50781277
50781293
50781299
50781301
50781347
50781373
50781439
50781443
50781517
50781553
50781557
50781559
50781571
50781589
50781593
50781607
50781611
50781617
50781629
50781671
50781691
50781701
50781719
50781727
50781749
50781767
50781799
50781811
50781817
50781823
50781847
50781893
50781917
50781919
50781923
50781931
50781959
50781971
50781977
50781989
50782001
50782007
50782013
50782021
50782033
50782049
50782051
50782057
50782063
50782129
50782159
50782163
50782169
50782177
50782187
50782189
50782217
50782223
50782261
50782271
50782273
50782279
50782289
50782327
50782331
50782343
50782469
50782493
50782499
50782531
50782547
50782549
50782577
50782603
50782609
50782631
50782651
50782661
50782709
50782727
50782729
50782747
50782769
50782789
50782793
50782817
50782829
50782841
50782843
50782861
50782883
50782903
50782913
50782931
50782937
50782951
50782967
50782987
50782997
50783039
50783069
50783087
50783093
50783111
50783113
50783123
50783141
50783153
50783167
50783179
50783207
50783231
50783237
50783281
50783309
50783323
50783353
50783393
50783401
50783423
50783449
50783479
50783527
50783533
50783569
50783581
50783597
50783627
50783651
50783683
50783687
50783693
50783737
50783741
50783753
50783767
50783771
50783773
50783779
50783809
50783833
50783849
50783851
50783857
50783881
50783891
50783893
50783917
50783933
50783963
50783987
50784001
50784007
50784011
50784029
50784053
50784061
50784079
50784101
50784109
50784127
50784137
50784143
50784157
50784163
50784179
50784187
50784197
50784257
50784259
50784277
50784301
50784311
50784317
50784329
50784341
50784353
50784361
50784367
50784401
50784403
50784407
50784413
50784451
50784493
50784521
50784523
50784551
50784571
50784583
50784599
50784607
50784611
50784619
50784649
50784659
50784673
50784689
50784697
50784703
50784707
50784709
50784737
50784749
50784751
50784761
50784787
50784791
50784803
50784821
50784857
50784907
50784917
50784919
50784949
50784973
50784991
50785027
50785057
50785067
50785087
50785109
50785139
50785153
50785159
50785187
50785213
50785247
50785249
50785313
50785337
50785363
50785381
50785391
50785439
50785463
50785481
50785487
50785543
50785547
50785591
50785597
50785601
50785627
50785663
50785667
50785673
50785697
50785711
50785723
50785739
50785741
50785751
50785753
50785811
50785829
50785837
50785849
50785853
50785859
50785871
50785877
50785883
50785907
50785913
50785927
50785951
50785979
50786033
50786041
50786051
50786063
50786077
50786081
50786083
50786101
50786111
50786117
50786129
50786143
50786147
50786149
50786189
50786207
50786209
50786227
50786233
50786257
50786269
50786287
50786317
50786347
50786363
50786383
50786389
50786423
50786431
50786467
50786471
50786503
50786521
50786539
50786557
50786579
50786597
50786623
50786641
50786647
50786683
50786699
50786713
50786719
50786731
50786759
50786761
50786789
50786807
50786819
50786821
50786843
50786851
50786863
50786881
50786891
50786893
50786899
50786909
50786927
50786929
50786947
50787001
50787029
50787043
50787053
50787101
50787103
50787127
50787131
50787157
50787161
50787167
50787179
50787181
50787221
50787239
50787241
50787251
50787263
50787277
50787281
50787299
50787311
50787329
50787349
50787353
50787379
50787383
50787419
50787431
50787433
50787461
50787467
50787523
50787533
50787571
50787577
50787593
50787623
50787631
50787637
50787661
50787677
50787689
50787691
50787701
50787707
50787713
50787719
50787733
50787767
50787799
50787851
50787883
50787917
50787953
50787973
50787977
50787983
50788021
50788039
50788043
50788063
50788079
50788097
50788109
50788139
50788141
50788147
50788187
50788219
50788267
50788277
50788279
50788313
50788337
50788343
50788351
50788369
50788399
50788411
50788427
50788429
50788433
50788453
50788459
50788511
50788519
50788561
50788567
50788583
50788589
50788601
50788603
50788649
50788663
50788667
50788687
50788693
50788711
50788721
50788739
50788813
50788841
50788861
50788883
50788897
50788937
50788949
50788963
50788973
50788981
50788987
50788993
50789003
50789023
50789059
50789087
50789113
50789117
50789153
50789171
50789203
50789213
50789269
50789273
50789293
50789311
50789327
50789329
50789341
50789351
50789357
50789371
50789381
50789399
50789429
50789449
50789461
50789467
50789477
50789483
50789521
50789537
50789539
50789561
50789581
50789587
50789593
50789597
50789623
50789647
50789663
50789671
50789699
50789723
50789729
50789731
50789801
50789803
50789813
50789833
50789839
50789891
50789899
50789951
50789987
50789989
50790023
50790031
50790041
50790053
50790083
50790119
50790133
50790137
50790149
50790151
50790163
50790191
50790217
50790239
50790251
50790263
50790269
50790277
50790283
50790301
50790317
50790329
50790331
50790359
50790379
50790391
