52363279
52363291
52363301
52363303
52363307
52363313
52363319
52363331
52363343
52363361
52363391
52363393
52363403
52363457
52363469
52363471
52363477
52363489
52363501
52363511
52363513
52363529
52363537
52363543
52363573
52363579
52363583
52363609
52363643
52363657
52363669
52363673
52363711
52363733
52363741
52363789
52363799
52363811
52363853
52363877
52363889
52363921
52363933
52363957
52363963
52363967
52364021
52364041
52364083
52364101
52364161
52364167
52364197
52364231
52364293
52364311
52364341
52364381
52364387
52364407
52364419
52364441
52364467
52364483
52364489
52364563
52364569
52364591
52364593
52364603
52364621
52364639
52364651
52364677
52364699
52364707
52364713
52364717
52364737
52364773
52364789
52364821
52364827
52364861
52364863
52364881
52364899
52364903
52364933
52364971
52364987
52364999
52365011
52365029
52365073
52365091
52365109
52365143
52365149
52365199
52365223
52365233
52365259
52365289
52365301
52365317
52365337
52365343
52365359
52365361
52365367
52365371
52365409
52365413
52365421
52365427
52365437
52365461
52365493
52365527
52365557
52365563
52365583
52365589
52365611
52365629
52365631
52365673
52365679
52365697
52365707
52365713
52365737
52365739
52365751
52365757
52365799
52365823
52365827
52365853
52365857
52365883
52365931
52365947
52365983
52365991
52365997
52366003
52366007
52366021
52366043
52366049
52366057
52366073
52366081
52366133
52366151
52366157
52366159
52366169
52366187
52366229
52366241
52366247
52366283
52366289
52366297
52366313
52366339
52366351
52366361
52366367
52366387
52366393
52366399
52366411
52366417
52366427
52366439
52366459
52366481
52366513
52366519
52366529
52366541
52366591
52366637
52366669
52366673
52366687
52366697
52366709
52366747
52366753
52366757
52366771
52366829
52366841
52366859
52366861
52366871
52366889
52366891
52366901
52366913
52366921
52366939
52366949
52366961
52366969
52366997
52367023
52367041
52367057
52367083
52367111
52367137
52367141
52367143
52367149
52367167
52367171
52367201
52367221
52367261
52367281
52367299
52367303
52367317
52367323
52367347
52367351
52367387
52367407
52367411
52367423
52367431
52367443
52367461
52367509
52367519
52367563
52367621
52367639
52367663
52367699
52367713
52367747
52367761
52367789
52367797
52367801
52367813
52367827
52367831
52367891
52367893
52367899
52367911
52367921
52367923
52367927
52367957
52367963
52367969
52367983
52367989
52368037
52368049
52368053
52368059
52368067
52368091
52368097
52368101
52368137
52368157
52368163
52368179
52368191
52368221
52368227
52368233
52368271
52368307
52368353
52368373
52368383
52368409
52368413
52368443
52368467
52368469
52368509
52368523
52368527
52368529
52368557
52368559
52368581
52368593
52368623
52368629
52368637
52368643
52368647
52368649
52368671
52368709
52368737
52368761
52368779
52368781
52368791
52368793
52368821
52368829
52368917
52368923
52368937
52368947
52368971
52368973
52368977
52368989
52368991
52369007
52369019
52369033
52369043
52369063
52369081
52369123
52369133
52369151
52369169
52369181
52369193
52369201
52369237
52369249
52369279
52369297
52369307
52369309
52369379
52369381
52369417
52369439
52369451
52369487
52369489
52369507
52369519
52369523
52369531
52369547
52369561
52369579
52369589
52369591
52369613
52369631
52369637
52369649
52369651
52369693
52369699
52369721
52369729
52369747
52369753
52369769
52369771
52369783
52369787
52369831
52369859
52369861
52369879
52369901
52369921
52369927
52369931
52369949
52369957
52369987
52370063
52370069
52370077
52370089
52370117
52370119
52370159
52370167
52370179
52370231
52370291
52370293
52370299
52370303
52370321
52370363
52370449
52370459
52370473
52370477
52370497
52370531
52370581
52370587
52370597
52370611
52370627
52370629
52370639
52370671
52370683
52370719
52370729
52370741
52370753
52370779
52370797
52370827
52370849
52370887
52370909
52370933
52370951
52370957
52370959
52370971
52370993
52371031
52371041
52371061
52371073
52371089
52371097
52371103
52371139
52371157
52371167
52371181
52371197
52371247
52371251
52371269
52371281
52371313
52371323
52371331
52371337
52371343
52371461
52371491
52371497
52371499
52371521
52371541
52371569
52371607
52371629
52371653
52371661
52371673
52371727
52371731
52371749
52371769
52371779
52371793
52371797
52371821
52371827
52371853
52371863
52371871
52371911
52371931
52371973
52372027
52372031
52372039
52372049
52372069
52372079
52372123
52372141
52372153
52372157
52372163
52372183
52372213
52372247
52372249
52372259
52372267
52372273
52372277
52372283
52372297
52372349
52372351
52372373
52372399
52372421
52372447
52372451
52372469
52372477
52372517
52372519
52372543
52372553
52372561
52372583
52372591
52372613
52372643
52372669
52372681
52372687
52372693
52372717
52372729
52372739
52372741
52372757
52372763
52372769
52372783
52372819
52372823
52372841
52372847
52372849
52372861
52372877
52372913
52372921
52372933
52372939
52372951
52372973
52373017
52373021
52373033
52373051
52373071
52373077
52373081
52373089
52373099
52373117
52373119
52373143
52373147
52373173
52373201
52373203
52373219
52373263
52373267
52373309
52373317
52373341
52373357
52373411
52373429
52373459
52373467
52373471
52373479
52373491
52373509
52373591
52373597
52373639
52373641
52373683
52373707
52373729
52373767
52373779
52373791
52373801
52373837
52373863
52373873
52373891
52373917
52373927
52373941
52373969
52373987
52373999
52374011
52374037
52374061
52374067
52374131
52374137
52374139
52374149
52374167
52374191
52374211
52374239
52374251
52374269
52374271
52374281
52374293
52374299
52374307
52374313
52374337
52374347
52374349
52374379
52374383
52374397
52374401
52374437
52374457
52374521
52374529
52374533
52374557
52374563
52374601
52374643
52374649
52374691
52374701
52374719
52374727
52374733
52374761
52374767
52374787
52374793
52374797
52374823
52374851
52374853
52374871
52374877
52374913
52374919
52374923
52374929
52374941
52374947
52374953
52374961
52374983
52374991
52375003
52375051
52375069
52375097
52375129
52375133
52375187
52375201
52375207
52375243
52375259
52375291
52375321
52375331
52375361
52375369
52375373
52375423
52375429
52375459
52375471
52375507
52375513
52375517
52375553
52375559
52375567
52375601
52375619
52375627
52375643
52375651
52375663
52375679
52375681
52375693
52375703
52375717
52375747
52375753
52375783
52375823
52375859
52375867
52375889
52375903
52375987
52376017
52376039
52376047
52376057
52376063
52376087
52376089
52376101
52376119
52376153
52376213
52376227
52376231
52376239
52376251
52376273
52376281
52376309
52376321
52376351
52376383
52376417
52376419
52376431
52376461
52376501
52376503
52376539
52376563
52376573
52376579
52376603
52376657
52376669
52376671
52376683
52376693
52376699
52376707
52376717
52376761
52376777
52376783
52376801
52376827
52376833
52376897
52376903
52376971
52377037
52377043
52377047
52377113
52377121
52377151
52377173
52377179
52377181
52377209
52377217
52377257
52377263
52377271
52377313
52377329
52377343
52377349
52377373
52377389
52377407
52377419
52377431
52377449
52377461
52377473
52377487
52377491
52377503
52377511
52377517
52377539
52377581
52377613
52377617
52377641
52377643
52377649
52377667
52377671
52377673
52377679
52377709
52377749
52377757
52377763
52377791
52377811
52377839
52377847
52377859
52377883
52377917
52377937
52377943
52377953
52377959
52377967
52377971
52378009
52378021
52378057
52378087
52378091
52378111
52378133
52378159
52378181
52378187
52378201
52378211
52378213
52378243
52378247
52378259
52378267
52378283
52378289
52378327
52378331
52378349
52378367
52378373
52378393
52378423
52378451
52378453
52378457
52378477
52378481
52378507
52378511
52378517
52378537
52378541
52378559
52378589
52378619
52378621
52378631
52378639
52378663
52378673
52378721
52378723
52378769
52378783
52378789
52378831
52378847
52378867
52378891
52378927
52378943
52378957
52378987
52379039
52379051
52379071
52379077
52379111
52379123
52379137
52379147
52379149
52379153
52379167
52379183
52379209
52379221
52379233
52379251
52379279
52379293
52379323
52379351
52379359
52379377
52379381
52379407
52379413
52379443
52379501
52379513
52379519
52379527
52379549
52379563
52379629
52379647
52379659
52379689
52379731
52379749
52379759
52379773
52379779
52379791
52379813
52379819
52379843
52379849
52379881
52379893
52379897
52379911
52379933
52379939
52379981
52379989
52380047
52380071
52380073
52380079
52380091
52380101
52380113
52380127
52380143
52380191
52380193
52380199
52380227
52380241
52380257
52380287
52380299
52380311
52380313
52380319
52380353
52380373
52380379
52380389
52380403
52380431
52380439
52380457
52380469
52380491
52380521
52380551
52380557
52380571
52380593
52380599
52380617
52380631
52380649
52380659
52380661
52380677
52380703
52380707
52380733
52380737
52380749
52380781
52380787
52380803
52380817
52380827
52380833
52380847
52380869
52380877
52380901
52380919
52380953
52380973
52380997
52381001
52381003
52381027
52381033
52381057
52381073
52381079
52381117
52381129
52381141
52381151
52381169
52381183
52381207
52381229
52381247
52381253
52381283
52381291
52381297
52381339
52381363
52381379
52381409
52381421
52381487
52381507
52381513
52381519
52381523
52381541
52381561
52381579
52381583
52381597
52381619
52381621
52381631
52381639
52381643
52381657
52381673
52381691
52381711
52381729
52381753
52381757
52381781
52381799
52381817
52381831
52381867
52381871
52381891
52381897
52381921
52381961
52381963
52381991
52381999
52382009
52382059
52382093
52382131
52382137
52382153
52382159
52382177
52382189
52382203
52382233
52382249
52382251
52382257
52382261
52382273
52382303
52382311
52382327
52382329
52382359
52382371
52382377
52382413
52382437
52382453
52382459
52382479
52382483
52382507
52382509
52382513
52382521
52382587
52382597
52382611
52382621
52382623
52382633
52382651
52382657
52382699
52382719
52382731
52382749
52382761
52382779
52382783
52382807
52382809
52382851
52382857
52382873
52382879
52382881
52382917
52382927
52382951
52382971
52382977
52382989
52383013
52383109
52383131
52383139
52383143
52383151
52383169
52383173
52383187
52383203
52383217
52383223
52383229
52383271
52383277
52383283
52383313
52383319
52383337
52383343
52383349
52383371
52383389
52383403
52383433
52383439
52383479
52383491
52383509
52383553
52383593
52383619
52383623
52383629
52383631
52383659
52383677
52383697
52383701
52383713
52383763
52383787
52383827
52383869
52383899
52383901
52383911
52383941
52383943
52383967
52383973
52384027
52384037
52384043
52384061
52384081
52384091
52384103
52384117
52384127
52384139
52384169
52384181
52384187
52384217
52384219
52384223
52384231
52384247
52384303
52384333
52384351
52384373
52384379
52384399
52384417
52384433
52384441
52384457
52384481
52384487
52384517
52384523
52384583
52384589
52384597
52384601
52384613
52384627
52384669
52384679
52384681
52384697
52384721
52384733
52384741
52384751
52384771
52384781
52384789
52384799
52384811
52384819
52384831
52384841
52384853
52384883
52384889
52384897
52384901
52384951
52384967
52384999
52385023
52385057
52385059
52385063
52385077
52385083
52385111
52385117
52385131
52385159
52385171
52385173
52385183
52385219
52385231
52385243
52385297
52385321
52385323
52385327
52385383
52385387
52385393
52385407
52385419
52385423
52385441
52385479
52385497
52385503
52385507
52385521
52385537
52385539
52385561
52385573
52385579
52385581
52385587
52385609
52385633
52385657
52385681
52385689
52385701
52385737
52385779
52385807
52385813
52385819
52385843
52385863
52385873
52385897
52385899
52385909
52385933
52385951
52385953
52385999
52386017
52386049
52386053
52386067
52386071
52386077
52386091
52386107
52386119
52386121
52386127
52386133
52386149
52386167
52386179
52386193
52386199
52386223
52386253
52386281
52386283
52386289
52386317
52386329
52386331
52386337
52386343
52386359
52386361
52386409
52386457
52386493
52386511
52386527
52386533
52386577
52386601
52386613
52386641
52386679
52386713
52386721
52386773
52386779
52386791
52386799
52386821
52386823
52386839
52386863
52386899
52386923
52386941
52386953
52386959
52386967
52386977
52386991
52387001
52387037
52387051
52387057
52387067
52387073
52387087
52387109
52387121
52387133
52387141
52387147
52387157
52387163
52387177
52387207
52387211
52387213
52387249
52387259
52387271
52387273
52387277
52387297
52387331
52387337
52387397
52387403
52387409
52387411
52387417
52387441
52387451
52387453
52387483
52387493
52387499
52387519
52387529
52387547
52387549
52387633
52387649
52387681
52387697
52387703
52387729
52387739
52387747
52387763
52387781
52387787
52387801
52387871
52387879
52387913
52387927
52387943
52387957
52387991
52388003
52388071
52388093
52388099
52388117
52388173
52388177
52388183
52388191
52388207
52388267
52388279
52388299
52388311
52388317
52388333
52388351
52388383
52388429
52388443
52388461
52388477
52388489
52388507
52388533
52388537
52388579
52388593
52388617
52388621
52388639
52388647
52388653
52388657
52388659
52388671
52388717
52388723
52388731
52388741
52388759
52388789
52388807
52388837
52388851
52388863
52388867
52388887
52388891
52388893
52388899
52388923
52388927
52388933
52388953
52388957
52388981
52388989
52389013
52389031
52389037
52389041
52389059
52389079
52389089
52389091
52389133
52389187
52389203
52389217
52389247
52389263
52389307
52389313
52389317
52389329
52389347
52389367
52389371
52389383
52389391
52389397
52389413
52389481
52389499
52389503
52389509
52389527
52389559
52389569
52389587
52389629
52389637
52389643
52389647
52389679
52389703
52389739
52389773
52389793
52389829
52389833
52389853
52389881
52389893
52389919
52389943
52389989
52390003
52390027
52390057
52390061
52390069
52390081
52390097
52390103
52390111
52390123
52390147
52390157
52390183
52390189
52390213
52390223
52390231
52390237
52390241
52390259
52390271
52390291
52390301
52390309
52390321
52390339
52390363
52390367
52390369
52390381
52390397
52390411
52390423
52390453
52390463
52390487
52390489
52390493
52390519
52390537
52390561
52390601
52390603
52390609
52390627
52390673
52390691
52390693
52390697
52390703
52390721
52390729
52390747
52390781
52390799
52390817
52390823
52390831
52390841
52390867
52390883
52390901
52390913
52390931
52390939
52390969
52391029
52391047
52391063
52391077
52391099
52391107
52391117
52391123
52391137
52391179
52391191
52391203
52391219
52391221
52391237
52391281
52391293
52391359
52391369
52391393
52391431
52391453
52391459
52391461
52391473
52391477
52391483
52391489
52391513
52391527
52391533
52391551
52391557
52391561
52391597
52391609
52391611
52391627
52391639
52391653
52391657
52391707
52391743
52391749
52391753
52391783
52391821
52391837
52391849
52391903
52391917
52391921
52391939
52391957
52391959
52392001
52392023
52392029
52392031
52392061
52392121
52392127
52392133
52392161
52392163
52392167
52392211
52392233
52392251
52392257
52392287
52392331
52392349
52392397
52392401
52392421
52392467
52392469
52392479
52392503
52392517
52392523
52392539
52392559
52392577
52392631
52392661
52392667
52392719
52392751
52392761
52392797
52392833
52392859
52392887
52392889
52392943
52392947
52392953
52392971
52392979
52393001
52393087
52393123
52393141
52393151
52393153
52393157
52393163
52393171
52393177
52393207
52393213
52393217
52393219
52393249
52393259
52393273
52393283
52393291
52393349
52393351
52393387
52393403
52393421
52393423
52393427
52393477
52393547
52393559
52393567
52393577
52393619
52393631
52393637
52393639
52393657
52393661
52393681
52393703
52393717
52393721
52393729
52393763
52393769
52393787
52393801
52393841
52393853
52393879
52393897
52393907
52393927
52393969
52393973
52393987
52393993
52393997
52394003
52394029
52394047
52394057
52394087
52394093
52394099
52394101
52394117
52394129
52394137
52394141
52394171
52394179
52394233
52394239
52394291
52394347
52394359
52394383
52394393
52394399
52394429
52394431
52394449
52394467
52394471
52394473
52394539
52394549
52394569
52394591
52394599
52394623
52394633
52394651
52394689
52394717
52394753
52394767
52394777
52394789
52394809
52394813
52394819
52394831
52394857
52394863
52394873
52394879
52394893
52394959
52394963
52394977
52394981
52394999
52395001
52395019
52395029
52395041
52395043
52395047
52395059
52395067
52395073
52395097
52395107
52395121
52395143
52395149
52395151
52395169
52395181
52395191
52395197
52395221
52395223
52395251
52395263
52395281
52395283
52395313
52395347
52395349
52395353
52395389
52395391
52395397
52395419
52395433
52395463
52395491
52395509
52395517
52395527
52395571
52395593
52395619
52395631
52395661
52395671
52395689
52395757
52395773
52395793
52395829
52395841
52395851
52395869
52395883
52395899
52395919
52395947
52395971
52396013
52396037
52396049
52396087
52396109
52396111
52396121
52396147
52396151
52396213
52396217
52396229
52396241
52396249
52396271
52396273
52396291
52396313
52396339
52396349
52396427
52396439
52396441
52396447
52396453
52396459
52396469
52396481
52396511
52396523
52396537
52396549
52396571
52396573
52396577
52396579
52396607
52396637
52396697
52396717
52396733
52396739
52396759
52396763
52396769
52396801
52396831
52396837
52396843
52396853
52396871
52396879
52396891
52396901
52396909
52396931
52396951
52396979
52396999
52397011
52397017
52397047
52397087
52397089
52397119
52397123
52397141
52397159
52397173
52397183
52397203
52397209
52397299
52397321
52397333
52397341
52397357
52397393
52397407
52397413
52397437
52397441
52397447
52397479
52397507
52397531
52397537
52397567
52397599
52397617
52397623
52397627
52397629
52397633
52397669
52397671
52397699
52397707
52397747
52397759
52397783
52397797
52397833
52397861
52397869
52397909
52397971
52397981
52397993
52398001
52398011
52398043
52398053
52398089
52398113
52398161
52398169
52398187
52398191
52398197
52398211
52398223
52398239
52398271
52398317
52398319
52398323
52398337
52398341
52398343
52398377
52398407
52398419
52398427
52398433
52398443
52398449
52398473
52398487
52398499
52398517
52398551
52398557
52398569
52398571
52398581
52398583
52398611
52398617
52398631
52398659
52398673
52398677
52398727
52398739
52398763
52398767
52398769
52398791
52398793
52398809
52398823
52398833
52398869
52398887
52398893
52398949
52398953
52398977
52398989
52399007
52399013
52399051
52399063
52399079
52399097
52399111
52399133
52399147
52399153
52399211
52399223
52399229
52399231
52399273
52399279
52399309
52399337
52399367
52399381
52399409
52399421
52399463
52399481
52399489
52399519
52399531
52399537
52399553
52399573
52399577
52399583
52399591
52399597
52399601
52399609
52399621
52399631
52399651
52399657
52399667
52399741
52399751
52399759
52399769
52399771
52399801
52399901
52399903
52399909
52399937
52399939
52399943
52399973
52399981
52399993
52400017
52400039
52400041
52400087
52400149
52400167
52400189
52400197
52400213
52400219
52400267
52400291
52400311
52400321
52400329
52400363
52400401
52400431
52400449
52400459
52400471
52400479
52400503
52400507
52400521
52400527
52400567
52400573
52400591
52400597
52400609
52400611
52400683
52400687
52400707
52400731
52400741
52400753
52400771
52400807
52400809
52400813
52400827
52400833
52400837
52400849
52400861
52400863
52400869
52400893
52400963
52400977
52400981
52400983
52401017
52401043
52401059
52401071
52401091
52401103
52401113
52401131
52401149
52401197
52401229
52401247
52401269
52401281
52401301
52401313
52401317
52401319
52401341
52401367
52401407
52401451
52401457
52401493
52401533
52401553
52401581
52401589
52401611
52401647
52401689
52401691
52401707
52401709
52401719
52401743
52401773
52401779
52401793
52401827
52401847
52401863
52401883
52401887
52401893
52401901
52401911
52401913
52401917
52401991
52402033
52402069
52402099
52402117
52402123
52402127
52402139
52402157
52402169
52402193
52402199
52402237
52402243
52402253
52402267
52402283
52402289
52402297
52402309
52402327
52402367
52402373
52402379
52402403
52402411
52402417
52402433
52402447
52402451
52402463
52402481
52402499
52402523
52402529
52402541
52402543
52402607
52402621
52402639
52402673
52402709
52402769
52402783
52402837
52402873
52402897
52402907
52402921
52402937
52402967
52402997
52403003
52403009
52403011
52403017
52403023
52403053
52403059
52403107
52403119
52403171
52403173
52403213
52403243
52403249
52403279
52403293
52403297
52403321
52403339
52403341
52403347
52403353
52403383
52403389
52403437
52403443
52403473
52403479
52403497
52403513
52403557
52403567
52403569
52403573
52403579
52403597
52403633
52403641
52403647
52403651
52403657
52403669
52403693
52403723
52403737
52403753
52403761
52403777
52403779
52403789
52403801
52403807
52403831
52403839
52403873
52403887
52403891
52403927
52403933
52403947
52403987
52404017
52404019
52404041
52404059
52404067
52404091
52404101
52404103
52404119
52404127
52404133
52404151
52404169
52404181
52404193
52404197
52404203
52404239
52404271
52404277
52404311
52404329
52404361
52404367
52404371
52404377
52404379
52404383
52404403
52404409
52404431
52404463
52404493
52404497
52404563
52404581
52404587
52404607
52404619
52404629
52404637
52404643
52404661
52404689
52404719
52404721
52404731
52404733
52404739
52404763
52404773
52404791
52404797
52404809
52404811
52404841
52404851
52404857
52404881
52404883
52404889
52404923
52404941
52404949
52404967
52404977
52404991
52404997
52405007
52405009
52405027
52405037
52405049
52405079
52405081
52405099
52405147
52405151
52405183
52405217
52405229
52405253
52405259
52405273
52405289
52405307
52405319
52405337
52405387
52405399
52405403
52405427
52405429
52405471
52405481
52405513
52405547
52405589
52405601
52405609
52405621
52405627
52405631
52405637
52405663
52405673
52405699
52405723
52405741
52405757
52405807
52405853
52405861
52405879
52405931
52405957
52405961
52405979
52405981
52406017
52406021
52406041
52406051
52406069
52406099
52406111
52406143
52406149
52406153
52406177
52406191
52406201
52406203
52406209
52406227
52406279
52406303
52406317
52406327
52406329
52406339
52406357
52406377
52406383
52406401
52406447
52406479
52406491
52406521
52406537
52406587
52406603
52406609
52406611
52406633
52406687
52406729
52406737
52406759
52406813
52406819
52406863
52406867
52406881
52406917
52406923
52406929
52406953
52406969
52406987
52406993
52406999
52407001
52407011
52407013
52407023
52407029
52407037
52407077
52407079
52407101
52407119
52407127
52407139
52407151
52407161
52407169
52407181
52407193
52407217
52407227
52407241
52407259
52407269
52407287
52407293
52407353
52407359
52407361
52407371
52407403
52407427
52407431
52407449
52407469
52407473
52407521
52407539
52407541
52407557
52407571
52407581
52407599
52407613
52407623
52407673
52407689
52407703
52407709
52407743
52407767
52407769
52407779
52407791
52407793
52407809
52407847
52407853
52407913
52407973
52407977
52407997
52408009
52408019
52408039
52408049
52408063
52408079
52408091
52408129
52408163
52408207
52408219
52408231
52408267
52408309
52408313
52408319
52408339
52408351
52408397
52408409
52408427
52408429
52408439
52408453
52408459
52408471
52408511
52408519
52408547
52408553
52408567
52408591
52408621
52408633
52408661
52408663
52408717
52408723
52408729
52408751
52408753
52408781
52408831
52408843
52408847
52408871
52408877
52408907
52408913
52408949
52408969
52408999
52409017
52409041
52409047
52409059
52409081
52409101
52409117
52409129
52409171
52409191
52409207
52409233
52409243
52409263
52409281
52409297
52409327
52409339
52409347
52409359
52409363
52409377
52409407
52409411
52409449
52409459
52409473
52409491
52409531
52409551
52409569
52409579
52409587
52409597
52409639
52409671
52409677
52409681
52409689
52409701
52409717
52409737
52409741
52409743
52409803
52409837
52409843
52409867
52409891
52409941
52409953
52409969
52409971
52409983
52409993
52410023
52410073
52410107
52410121
52410139
52410161
52410187
52410199
52410223
52410247
52410251
52410257
52410301
52410313
52410343
52410373
52410401
52410403
52410427
52410437
52410497
52410517
52410521
52410539
52410563
52410571
52410581
52410613
52410637
52410667
52410671
52410691
52410697
52410707
52410713
52410719
52410731
52410763
52410791
52410793
52410803
52410811
52410823
52410889
52410913
52410959
52410971
52410977
52410979
52410989
52410991
52411003
52411013
52411019
52411031
52411067
52411069
52411087
52411103
52411123
52411127
52411133
52411141
52411147
52411189
52411193
52411199
52411211
52411217
52411231
52411237
52411267
52411283
52411301
52411313
52411327
52411339
52411363
52411409
52411417
52411423
52411441
52411501
52411511
52411559
52411589
52411603
52411609
52411643
52411649
52411651
52411661
52411673
52411693
52411717
52411727
52411741
52411759
52411769
52411783
52411789
52411811
52411813
52411831
52411837
52411873
52411939
52411951
52411967
52411973
52412027
52412033
52412039
52412081
52412083
52412099
52412111
52412117
52412153
52412167
52412179
52412221
52412249
52412263
52412267
52412273
52412281
52412303
52412329
52412341
52412357
52412363
52412407
52412417
52412419
52412429
52412443
52412489
52412491
52412509
52412527
52412531
52412533
52412551
52412557
52412573
52412593
52412623
52412639
52412641
52412669
52412681
52412747
52412749
52412761
52412803
52412821
52412851
52412861
52412879
52412881
52412891
52412897
52412911
52412917
52412933
52412957
52412959
52413013
52413019
52413029
52413043
52413059
52413061
52413071
52413083
52413149
52413161
52413187
52413199
52413209
52413223
52413233
52413239
52413241
52413253
52413289
52413307
52413311
52413313
52413367
52413371
52413373
52413401
52413409
52413433
52413443
52413509
52413511
52413521
52413541
52413547
52413551
52413553
52413593
52413607
52413649
52413671
52413707
52413709
52413721
52413727
52413733
52413743
52413769
52413797
52413827
52413841
52413847
52413857
52413863
52413869
52413887
52413917
52413937
52413953
52413971
52413973
52414001
52414039
52414081
52414091
52414093
52414097
52414099
52414121
52414127
52414133
52414151
52414157
52414169
52414183
52414231
52414261
52414267
52414283
52414319
52414321
52414337
52414343
52414357
52414363
52414387
52414391
52414409
52414429
52414469
52414487
52414489
52414501
52414507
52414517
52414547
52414591
52414603
52414613
52414619
52414627
52414633
52414643
52414669
52414709
52414717
52414727
52414753
52414759
52414763
52414777
52414781
52414783
52414801
52414819
52414853
52414867
52414871
52414877
52414891
52414909
52414931
52414963
52414993
52414997
52415003
52415023
52415089
52415101
52415107
52415117
52415119
52415149
52415159
52415161
52415171
52415177
52415189
52415197
52415201
52415213
52415219
52415221
52415249
52415269
52415291
52415299
52415339
52415351
52415353
52415381
52415399
52415417
52415443
52415449
52415477
52415479
52415497
52415501
52415521
52415543
52415563
52415591
52415603
52415611
52415617
52415639
52415647
52415651
52415677
52415681
52415683
52415729
52415801
52415833
52415837
52415843
52415899
52415929
52415933
52415941
52415977
52416017
52416053
52416101
52416107
52416109
52416127
52416157
52416173
52416179
52416187
52416191
52416211
52416223
52416229
52416239
52416281
52416289
52416313
52416317
52416347
52416359
52416407
52416439
52416449
52416451
52416467
52416473
52416499
52416503
52416521
52416577
52416587
52416599
52416607
52416619
52416631
52416647
52416653
52416671
52416697
52416731
52416743
52416757
52416769
52416773
52416787
52416809
52416811
52416823
52416851
52416853
52416863
52416869
52416883
52416887
52416893
52416911
52416913
52416929
52416937
52416941
52416943
52416961
52416979
52417037
52417061
52417087
52417093
52417109
52417111
52417121
52417163
52417177
52417199
52417201
52417213
52417217
52417243
52417247
52417291
52417303
52417327
52417349
52417381
52417399
52417403
52417411
52417439
52417441
52417451
52417457
52417489
52417499
52417501
52417507
52417513
52417531
52417597
52417601
52417657
52417669
52417679
52417697
52417699
52417769
52417787
52417829
52417837
52417847
52417867
52417913
52417921
52417933
52417969
52417997
52418027
52418059
52418077
52418083
52418099
52418111
52418129
52418141
52418183
52418189
52418227
52418239
52418263
52418273
52418279
52418281
52418287
52418297
52418299
52418323
52418339
52418369
52418389
52418393
52418411
52418413
52418437
52418447
52418479
52418501
52418507
52418533
52418543
52418563
52418621
52418627
52418629
52418659
52418671
52418683
52418687
52418693
52418711
52418731
52418741
52418759
52418761
52418783
52418797
52418801
52418813
52418819
52418831
52418833
52418843
52418879
52418887
52418911
52418957
52418983
52419011
52419013
52419019
52419023
52419061
52419071
52419079
52419083
52419097
52419137
52419149
52419163
52419209
52419221
52419239
52419251
52419287
52419307
52419337
52419359
52419383
52419391
52419401
52419439
52419467
52419473
52419503
52419529
52419539
52419547
52419569
52419571
52419583
52419589
52419629
52419649
52419677
52419701
52419743
52419749
52419779
52419799
52419811
52419847
52419859
52419863
52419877
52419883
52419889
52419901
52419911
52419919
52419931
52419937
52419949
52419989
52420001
52420003
52420019
52420037
52420051
52420057
52420073
52420091
52420117
52420153
52420169
52420187
52420189
52420217
52420229
52420237
52420241
52420253
52420271
52420307
52420363
52420391
52420409
52420421
52420451
52420457
52420471
52420493
52420541
52420561
52420579
52420583
52420609
52420631
52420663
52420699
52420729
52420757
52420759
52420769
52420793
52420807
52420811
52420817
52420859
52420871
52420873
52420889
52420909
52420957
52420961
52420967
52420987
52421011
52421029
52421053
52421059
52421063
52421069
52421107
52421111
52421137
52421141
52421147
52421189
52421191
52421197
52421207
52421219
52421231
52421233
52421273
52421297
52421363
52421371
52421431
52421471
52421483
52421521
52421549
52421561
52421569
52421573
52421609
52421617
52421641
52421653
52421683
52421689
52421701
52421723
52421729
52421749
52421767
52421771
52421839
52421851
52421857
52421867
52421869
52421891
52421909
52421911
52421959
52421977
52421981
52421987
52422017
52422047
52422049
52422059
52422107
52422113
52422137
52422163
52422173
52422191
52422233
52422269
52422277
52422283
52422301
52422323
52422361
52422379
52422397
52422413
52422427
52422431
52422439
52422473
52422479
52422481
52422523
52422529
52422533
52422553
52422563
52422613
52422649
52422661
52422697
52422701
52422707
52422731
52422761
52422793
52422809
52422817
52422841
52422859
52422863
52422947
52422959
52422967
52423027
52423031
52423037
52423061
52423099
52423103
52423127
52423157
52423159
52423171
52423177
52423199
52423253
52423289
52423303
52423309
52423331
52423391
52423429
52423457
52423507
52423513
52423517
52423523
52423621
52423643
52423649
52423661
52423667
52423669
52423673
52423741
52423771
52423781
52423817
52423829
52423843
52423859
52423873
52423939
52423957
52423979
52423997
52424003
52424033
52424041
52424077
52424093
52424123
52424143
52424159
52424167
52424179
52424191
52424201
52424221
52424233
52424237
52424263
52424299
52424303
52424369
52424371
52424381
52424387
52424389
52424419
52424423
52424443
52424453
52424461
52424501
52424539
52424563
52424569
52424573
52424623
52424641
52424677
52424699
52424707
52424737
52424789
52424873
52424899
52424903
52424917
52424921
52424927
52424929
52424951
52424963
52424987
52424989
52424993
52425001
52425007
52425013
52425017
52425029
52425053
52425067
52425083
52425091
52425097
52425133
52425137
52425151
52425167
52425187
52425209
52425227
52425239
52425253
52425311
52425323
52425377
52425391
52425407
52425409
52425419
52425449
52425481
52425491
52425521
52425553
52425563
52425577
52425589
52425623
52425641
52425647
52425673
52425677
52425697
52425701
52425713
52425787
52425797
52425803
52425811
52425829
52425833
52425859
52425869
52425907
52425917
52425931
52425937
52425973
52426013
52426021
52426091
52426117
52426123
52426141
52426163
52426207
52426211
52426243
52426259
52426261
52426271
52426273
52426289
52426313
52426333
52426343
52426379
52426393
52426399
52426421
52426427
52426433
52426441
52426459
52426513
52426523
52426541
52426547
52426571
52426579
52426601
52426603
52426651
52426663
52426679
52426721
52426739
52426771
52426799
52426813
52426883
52426889
52426919
52426931
52426937
52426939
52426943
52426951
52426961
52426973
52426981
52427003
52427071
52427101
52427149
52427153
52427161
52427171
52427173
52427183
52427257
52427267
52427317
52427357
52427393
52427407
52427437
52427467
52427471
52427491
52427519
52427581
52427591
52427597
52427623
52427659
52427663
52427671
52427681
52427689
52427699
52427717
52427719
52427729
52427857
52427861
52427873
52427887
52427899
52427923
52427933
52427953
52427957
52427959
52427981
52427993
52428007
52428023
52428043
52428059
52428091
52428107
52428121
52428139
52428151
52428157
52428179
52428197
52428227
52428241
52428263
52428281
52428283
52428287
52428301
52428307
52428319
52428367
52428373
52428377
52428379
52428401
52428407
52428413
52428419
52428451
52428457
52428469
52428479
52428511
52428517
52428553
52428557
52428583
52428589
52428613
52428617
52428637
52428659
52428679
52428683
52428703
52428721
52428749
52428763
52428767
