54132773
54132781
54132809
54132817
54132839
54132847
54132853
54132877
54132893
54132899
54132901
54132929
54132941
54132943
54132959
54132973
54132979
54132983
54133019
54133043
54133061
54133067
54133103
54133127
54133141
54133153
54133187
54133207
54133213
54133229
54133231
54133297
54133319
54133327
54133357
54133379
54133393
54133397
54133403
54133481
54133487
54133493
54133537
54133561
54133567
54133669
54133711
54133733
54133747
54133753
54133787
54133811
54133841
54133853
54133867
54133883
54133889
54133909
54133921
54133931
54133943
54133951
54133957
54133979
54133987
54133993
54133999
54134027
54134053
54134089
54134107
54134117
54134123
54134149
54134207
54134209
54134251
54134257
54134261
54134281
54134303
54134321
54134347
54134351
54134357
54134383
54134411
54134413
54134417
54134449
54134453
54134461
54134467
54134489
54134491
54134501
54134519
54134533
54134573
54134603
54134623
54134627
54134651
54134653
54134657
54134701
54134713
54134753
54134767
54134779
54134803
54134863
54134867
54134879
54134881
54134903
54134911
54134917
54134923
54134947
54134957
54135001
54135019
54135073
54135113
54135119
54135163
54135167
54135203
54135217
54135227
54135233
54135241
54135247
54135253
54135271
54135311
54135337
54135377
54135379
54135421
54135439
54135449
54135467
54135469
54135479
54135511
54135527
54135553
54135569
54135593
54135607
54135611
54135623
54135643
54135647
54135661
54135673
54135677
54135689
54135709
54135751
54135791
54135821
54135857
54135937
54135943
54135947
54135967
54135971
54135979
54135989
54136037
54136063
54136091
54136133
54136139
54136141
54136171
54136189
54136193
54136207
54136213
54136231
54136241
54136283
54136321
54136331
54136337
54136349
54136351
54136361
54136363
54136387
54136393
54136399
54136403
54136421
54136427
54136429
54136451
54136493
54136499
54136507
54136541
54136559
54136597
54136601
54136627
54136631
54136637
54136651
54136657
54136669
54136723
54136729
54136751
54136763
54136777
54136787
54136799
54136813
54136843
54136867
54136877
54136879
54136889
54136931
54136967
54136969
54136987
54137011
54137029
54137033
54137047
54137053
54137077
54137087
54137093
54137107
54137117
54137123
54137131
54137141
54137159
54137183
54137189
54137207
54137219
54137233
54137243
54137257
54137263
54137267
54137269
54137309
54137323
54137341
54137359
54137381
54137389
54137393
54137411
54137443
54137459
54137533
54137579
54137597
54137599
54137609
54137621
54137627
54137641
54137647
54137651
54137689
54137719
54137729
54137773
54137779
54137801
54137803
54137813
54137833
54137849
54137887
54137921
54137953
54137957
54137959
54137969
54138001
54138037
54138043
54138079
54138083
54138089
54138109
54138143
54138173
54138191
54138193
54138197
54138209
54138257
54138269
54138317
54138361
54138373
54138397
54138439
54138443
54138473
54138509
54138521
54138533
54138559
54138583
54138589
54138607
54138629
54138631
54138641
54138649
54138653
54138697
54138709
54138719
54138731
54138787
54138817
54138823
54138857
54138859
54138871
54138899
54138913
54138919
54138947
54139003
54139031
54139069
54139081
54139093
54139109
54139117
54139153
54139187
54139207
54139213
54139223
54139231
54139243
54139277
54139301
54139313
54139331
54139357
54139367
54139369
54139381
54139439
54139457
54139469
54139471
54139487
54139499
54139511
54139517
54139529
54139571
54139573
54139583
54139601
54139619
54139633
54139637
54139643
54139649
54139651
54139667
54139669
54139681
54139693
54139697
54139703
54139751
54139763
54139783
54139801
54139837
54139847
54139867
54139903
54139909
54139937
54140011
54140017
54140029
54140033
54140041
54140057
54140089
54140117
54140143
54140159
54140171
54140197
54140237
54140239
54140243
54140249
54140263
54140267
54140293
54140297
54140299
54140323
54140369
54140389
54140399
54140407
54140473
54140479
54140503
54140521
54140531
54140543
54140561
54140573
54140591
54140617
54140687
54140693
54140717
54140729
54140743
54140759
54140761
54140809
54140813
54140843
54140857
54140887
54140897
54140921
54140923
54140959
54140981
54141019
54141029
54141049
54141053
54141067
54141079
54141083
54141119
54141169
54141181
54141187
54141211
54141239
54141299
54141301
54141319
54141331
54141337
54141341
54141359
54141371
54141391
54141401
54141449
54141457
54141467
54141487
54141523
54141533
54141539
54141541
54141553
54141569
54141611
54141629
54141653
54141671
54141677
54141713
54141727
54141739
54141743
54141749
54141761
54141797
54141809
54141823
54141827
54141833
54141877
54141883
54141937
54141949
54141961
54142003
54142007
54142009
54142013
54142019
54142051
54142061
54142087
54142091
54142103
54142133
54142141
54142147
54142157
54142163
54142183
54142219
54142247
54142271
54142273
54142303
54142313
54142339
54142351
54142357
54142369
54142373
54142411
54142423
54142453
54142519
54142531
54142553
54142559
54142573
54142597
54142639
54142687
54142691
54142703
54142717
54142727
54142741
54142747
54142763
54142783
54142793
54142801
54142817
54142843
54142849
54142853
54142871
54142931
54142937
54142939
54142981
54142987
54142993
54142999
54143003
54143009
54143059
54143069
54143071
54143077
54143101
54143123
54143129
54143191
54143207
54143209
54143213
54143227
54143231
54143269
54143273
54143281
54143333
54143339
54143387
54143399
54143429
54143477
54143497
54143501
54143503
54143549
54143567
54143569
54143591
54143603
54143627
54143647
54143653
54143659
54143669
54143681
54143689
54143699
54143707
54143723
54143729
54143737
54143753
54143767
54143807
54143809
54143851
54143893
54143911
54143927
54143959
54143981
54144007
54144023
54144049
54144059
54144089
54144109
54144121
54144157
54144161
54144163
54144179
54144187
54144227
54144229
54144263
54144287
54144301
54144317
54144373
54144379
54144397
54144401
54144427
54144443
54144449
54144463
54144481
54144487
54144491
54144581
54144583
54144593
54144613
54144617
54144659
54144689
54144703
54144709
54144719
54144749
54144751
54144763
54144767
54144781
54144803
54144821
54144823
54144877
54144899
54144901
54144917
54144919
54144929
54144947
54144971
54144973
54144977
54144991
54145009
54145031
54145033
54145037
54145043
54145057
54145073
54145111
54145121
54145123
54145129
54145139
54145159
54145163
54145181
54145183
54145199
54145207
54145219
54145249
54145261
54145271
54145309
54145321
54145331
54145337
54145339
54145361
54145373
54145387
54145397
54145409
54145433
54145439
54145463
54145477
54145501
54145513
54145517
54145537
54145577
54145579
54145589
54145591
54145601
54145603
54145661
54145669
54145673
54145699
54145709
54145717
54145723
54145727
54145753
54145769
54145781
54145811
54145823
54145843
54145891
54145907
54145937
54145943
54145951
54145997
54146009
54146023
54146063
54146111
54146137
54146149
54146189
54146291
54146293
54146299
54146311
54146327
54146329
54146341
54146353
54146357
54146359
54146369
54146383
54146401
54146413
54146423
54146431
54146437
54146459
54146471
54146489
54146501
54146539
54146551
54146563
54146569
54146611
54146633
54146657
54146663
54146671
54146681
54146707
54146723
54146737
54146753
54146759
54146767
54146777
54146839
54146843
54146849
54146861
54146879
54146881
54146891
54146923
54146927
54146957
54146969
54146971
54146999
54147007
54147011
54147013
54147059
54147061
54147109
54147127
54147139
54147151
54147161
54147187
54147217
54147257
54147281
54147287
54147293
54147307
54147319
54147341
54147349
54147371
54147377
54147389
54147403
54147407
54147461
54147463
54147479
54147481
54147487
54147491
54147493
54147517
54147521
54147523
54147529
54147551
54147559
54147563
54147571
54147581
54147647
54147649
54147659
54147661
54147719
54147733
54147749
54147763
54147767
54147787
54147791
54147811
54147833
54147869
54147871
54147881
54147883
54147893
54147953
54148001
54148007
54148013
54148091
54148097
54148123
54148153
54148169
54148181
54148189
54148207
54148229
54148243
54148319
54148321
54148337
54148379
54148387
54148403
54148429
54148433
54148447
54148469
54148477
54148483
54148487
54148517
54148531
54148543
54148547
54148573
54148639
54148643
54148657
54148667
54148673
54148681
54148711
54148729
54148769
54148793
54148811
54148813
54148817
54148819
54148837
54148873
54148883
54148889
54148949
54148973
54148999
54149009
54149021
54149027
54149059
54149101
54149149
54149159
54149191
54149201
54149203
54149209
54149213
54149237
54149269
54149287
54149317
54149321
54149327
54149339
54149363
54149393
54149401
54149413
54149461
54149483
54149489
54149507
54149509
54149527
54149531
54149549
54149621
54149629
54149633
54149651
54149731
54149737
54149773
54149789
54149801
54149861
54149891
54149911
54149923
54149929
54149933
54149957
54149993
54149999
54150007
54150011
54150043
54150071
54150079
54150097
54150101
54150121
54150139
54150143
54150179
54150193
54150233
54150269
54150281
54150301
54150307
54150319
54150353
54150379
54150401
54150419
54150427
54150431
54150433
54150449
54150461
54150517
54150529
54150587
54150599
54150619
54150637
54150643
54150653
54150659
54150727
54150749
54150773
54150793
54150821
54150823
54150827
54150839
54150851
54150853
54150857
54150871
54150883
54150913
54150923
54150937
54150953
54150959
54150961
54150973
54150977
54150979
54151057
54151067
54151127
54151129
54151151
54151169
54151183
54151187
54151243
54151247
54151267
54151277
54151289
54151303
54151333
54151351
54151367
54151369
54151373
54151393
54151411
54151417
54151421
54151457
54151483
54151507
54151553
54151571
54151589
54151621
54151633
54151639
54151649
54151651
54151667
54151709
54151717
54151723
54151739
54151777
54151781
54151813
54151819
54151837
54151847
54151861
54151871
54151873
54151883
54151897
54151901
54151949
54151997
54152003
54152011
54152039
54152047
54152081
54152083
54152099
54152107
54152117
54152141
54152171
54152173
54152207
54152221
54152233
54152249
54152297
54152303
54152311
54152341
54152347
54152363
54152369
54152377
54152389
54152447
54152467
54152479
54152491
54152509
54152521
54152537
54152561
54152563
54152587
54152611
54152621
54152639
54152647
54152653
54152663
54152687
54152699
54152713
54152723
54152731
54152743
54152779
54152783
54152797
54152801
54152821
54152863
54152873
54152887
54152897
54152929
54152993
54153013
54153023
54153031
54153037
54153061
54153067
54153107
54153119
54153131
54153137
54153199
54153269
54153301
54153317
54153331
54153343
54153349
54153389
54153391
54153397
54153403
54153413
54153443
54153457
54153461
54153467
54153479
54153481
54153493
54153511
54153529
54153587
54153611
54153613
54153623
54153637
54153647
54153679
54153713
54153731
54153733
54153751
54153761
54153763
54153767
54153769
54153779
54153791
54153797
54153811
54153821
54153851
54153871
54153881
54153893
54153923
54153929
54153949
54153961
54153973
54153997
54154057
54154081
54154099
54154109
54154127
54154141
54154159
54154169
54154171
54154229
54154253
54154279
54154283
54154297
54154301
54154337
54154343
54154349
54154357
54154369
54154379
54154381
54154391
54154403
54154417
54154423
54154439
54154447
54154487
54154511
54154531
54154543
54154549
54154553
54154561
54154567
54154577
54154603
54154609
54154621
54154637
54154697
54154729
54154739
54154747
54154777
54154787
54154801
54154823
54154829
54154847
54154873
54154879
54154907
54154913
54154937
54154943
54154967
54154981
54154993
54155011
54155021
54155027
54155039
54155063
54155071
54155077
54155083
54155099
54155131
54155147
54155159
54155173
54155203
54155207
54155279
54155293
54155303
54155323
54155341
54155371
54155393
54155399
54155407
54155411
54155417
54155449
54155459
54155461
54155473
54155477
54155503
54155513
54155537
54155539
54155579
54155587
54155597
54155603
54155611
54155653
54155657
54155677
54155683
54155749
54155767
54155819
54155821
54155837
54155851
54155873
54155879
54155921
54155939
54155953
54156019
54156029
54156103
54156133
54156139
54156143
54156181
54156187
54156209
54156211
54156247
54156257
54156259
54156269
54156281
54156313
54156337
54156341
54156343
54156353
54156371
54156383
54156397
54156409
54156413
54156433
54156451
54156461
54156463
54156469
54156481
54156491
54156497
54156499
54156521
54156523
54156533
54156539
54156551
54156563
54156581
54156617
54156653
54156667
54156671
54156673
54156677
54156701
54156709
54156731
54156757
54156769
54156779
54156799
54156827
54156847
54156857
54156899
54156901
54156923
54156967
54156997
54157003
54157009
54157013
54157063
54157067
54157069
54157079
54157099
54157127
54157133
54157139
54157183
54157199
54157211
54157219
54157247
54157267
54157273
54157283
54157321
54157343
54157379
54157409
54157463
54157469
54157483
54157487
54157541
54157547
54157561
54157567
54157577
54157591
54157633
54157643
54157673
54157681
54157711
54157721
54157759
54157777
54157781
54157799
54157853
54157907
54157921
54157951
54157979
54157981
54158009
54158011
54158017
54158021
54158029
54158033
54158059
54158063
54158131
54158173
54158183
54158197
54158201
54158207
54158231
54158233
54158239
54158257
54158297
54158317
54158323
54158339
54158347
54158389
54158407
54158411
54158437
54158443
54158453
54158459
54158477
54158479
54158483
54158497
54158501
54158509
54158539
54158561
54158593
54158647
54158693
54158701
54158707
54158723
54158737
54158803
54158807
54158809
54158833
54158837
54158843
54158879
54158893
54158917
54158947
54158959
54158963
54158971
54159011
54159031
54159041
54159067
54159103
54159107
54159113
54159121
54159169
54159221
54159223
54159233
54159239
54159257
54159289
54159299
54159307
54159311
54159337
54159349
54159353
54159359
54159373
54159377
54159389
54159421
54159473
54159491
54159509
54159541
54159577
54159583
54159613
54159629
54159667
54159713
54159751
54159827
54159857
54159863
54159881
54159929
54159947
54159949
54159983
54159997
54160003
54160021
54160033
54160061
54160063
54160129
54160199
54160201
54160207
54160217
54160219
54160243
54160259
54160273
54160277
54160319
54160333
54160343
54160361
54160363
54160367
54160373
54160391
54160397
54160399
54160409
54160411
54160417
54160427
54160439
54160459
54160471
54160493
54160501
54160517
54160531
54160559
54160573
54160577
54160597
54160651
54160669
54160681
54160709
54160739
54160781
54160829
54160853
54160871
54160891
54160907
54160927
54160949
54160969
54160993
54161027
54161047
54161087
54161089
54161101
54161111
54161117
54161141
54161147
54161161
54161213
54161221
54161227
54161231
54161243
54161257
54161281
54161291
54161293
54161333
54161339
54161347
54161353
54161383
54161413
54161441
54161453
54161461
54161479
54161483
54161491
54161509
54161521
54161539
54161593
54161603
54161633
54161687
54161699
54161713
54161749
54161759
54161777
54161797
54161827
54161831
54161843
54161851
54161869
54161893
54161909
54161911
54161923
54161953
54161963
54161977
54161981
54162007
54162011
54162013
54162019
54162023
54162037
54162041
54162047
54162067
54162077
54162089
54162091
54162109
54162113
54162133
54162139
54162149
54162151
54162167
54162253
54162257
54162281
54162287
54162307
54162319
54162347
54162349
54162373
54162379
54162389
54162431
54162461
54162467
54162533
54162547
54162557
54162587
54162613
54162617
54162623
54162683
54162727
54162737
54162739
54162751
54162791
54162793
54162803
54162809
54162817
54162839
54162853
54162869
54162893
54162917
54162919
54162949
54162971
54162973
54162991
54163027
54163033
54163049
54163051
54163093
54163099
54163117
54163133
54163141
54163163
54163171
54163177
54163189
54163201
54163211
54163253
54163267
54163279
54163283
54163313
54163379
54163397
54163423
54163429
54163451
54163453
54163457
54163463
54163469
54163511
54163519
54163553
54163601
54163607
54163631
54163639
54163657
54163663
54163667
54163673
54163723
54163729
54163757
54163763
54163783
54163799
54163817
54163831
54163843
54163861
54163867
54163871
54163877
54163897
54163931
54163943
54163969
54163973
54163979
54163999
54164009
54164021
54164053
54164081
54164087
54164101
54164111
54164113
54164119
54164137
54164191
54164213
54164221
54164291
54164293
54164311
54164339
54164359
54164377
54164387
54164413
54164441
54164479
54164483
54164503
54164531
54164543
54164581
54164603
54164623
54164651
54164653
54164807
54164827
54164833
54164881
54164893
54164921
54164923
54164933
54164951
54164959
54164983
54164989
54165017
54165031
54165037
54165061
54165073
54165107
54165109
54165131
54165173
54165203
54165211
54165217
54165229
54165233
54165239
54165259
54165263
54165271
54165283
54165289
54165313
54165329
54165341
54165367
54165407
54165421
54165427
54165457
54165467
54165491
54165493
54165497
54165539
54165563
54165607
54165619
54165641
54165653
54165679
54165691
54165701
54165719
54165721
54165733
54165737
54165739
54165763
54165803
54165809
54165871
54165889
54165899
54165901
54165911
54165913
54165919
54165973
54165977
54165983
54166003
54166027
54166037
54166067
54166069
54166087
54166103
54166121
54166139
54166141
54166157
54166163
54166181
54166183
54166213
54166303
54166309
54166337
54166339
54166363
54166373
54166391
54166421
54166433
54166447
54166457
54166459
54166499
54166507
54166537
54166571
54166591
54166601
54166613
54166639
54166669
54166711
54166729
54166747
54166759
54166769
54166789
54166829
54166843
54166873
54166921
54166961
54166991
54167017
54167023
54167051
54167053
54167089
54167111
54167147
54167153
54167159
54167189
54167221
54167237
54167257
54167279
54167339
54167353
54167357
54167363
54167381
54167383
54167413
54167417
54167429
54167459
54167479
54167483
54167513
54167569
54167587
54167623
54167629
54167639
54167653
54167657
54167699
54167719
54167731
54167779
54167801
54167821
54167843
54167873
54167887
54167903
54167909
54167951
54167957
54167989
54168029
54168053
54168091
54168097
54168109
54168113
54168119
54168133
54168139
54168157
54168187
54168199
54168209
54168217
54168229
54168241
54168251
54168271
54168319
54168349
54168353
54168383
54168437
54168451
54168461
54168463
54168467
54168469
54168479
54168493
54168497
54168529
54168533
54168547
54168551
54168559
54168571
54168577
54168589
54168619
54168637
54168659
54168689
54168713
54168743
54168757
54168767
54168773
54168787
54168797
54168823
54168827
54168853
54168859
54168869
54168889
54168911
54168973
54168977
54168991
54169001
54169007
54169009
54169067
54169079
54169081
54169091
54169109
54169169
54169189
54169201
54169211
54169223
54169231
54169243
54169267
54169279
54169343
54169351
54169387
54169411
54169421
54169469
54169481
54169483
54169501
54169523
54169537
54169561
54169571
54169573
54169613
54169639
54169673
54169693
54169711
54169751
54169757
54169781
54169783
54169799
54169849
54169873
54169877
54169903
54169909
54169963
54169987
54170009
54170021
54170023
54170027
54170029
54170059
54170087
54170099
54170111
54170119
54170147
54170167
54170189
54170191
54170209
54170213
54170227
54170251
54170261
54170287
54170297
54170309
54170323
54170327
54170351
54170353
54170357
54170377
54170393
54170407
54170419
54170447
54170477
54170489
54170509
54170533
54170561
54170563
54170603
54170617
54170621
54170629
54170659
54170713
54170723
54170737
54170741
54170761
54170777
54170801
54170803
54170807
54170827
54170833
54170839
54170903
54170953
54170983
54170999
54171001
54171017
54171077
54171079
54171121
54171133
54171151
54171157
54171181
54171203
54171239
54171259
54171269
54171277
54171281
54171287
54171301
54171311
54171319
54171349
54171389
54171407
54171419
54171421
54171427
54171457
54171479
54171517
54171521
54171563
54171613
54171659
54171727
54171731
54171743
54171749
54171757
54171773
54171779
54171839
54171863
54171889
54171893
54171899
54171919
54171937
54171991
54172003
54172007
54172039
54172049
54172051
54172093
54172099
54172103
54172123
54172127
54172133
54172163
54172177
54172189
54172213
54172229
54172241
54172273
54172277
54172297
54172309
54172333
54172343
54172369
54172373
54172399
54172427
54172441
54172451
54172471
54172501
54172513
54172543
54172549
54172583
54172589
54172621
54172631
54172633
54172637
54172639
54172681
54172687
54172691
54172753
54172763
54172771
54172801
54172813
54172831
54172861
54172871
54172901
54172919
54172939
54172949
54172967
54172969
54172997
54173011
54173029
54173057
54173083
54173107
54173117
54173129
54173149
54173153
54173179
54173209
54173219
54173221
54173233
54173267
54173279
54173309
54173311
54173333
54173377
54173411
54173419
54173437
54173447
54173491
54173531
54173557
54173597
54173629
54173633
54173659
54173663
54173687
54173689
54173699
54173729
54173737
54173783
54173789
54173803
54173837
54173839
54173863
54173869
54173887
54173893
54173927
54173941
54173963
54174007
54174011
54174049
54174061
54174067
54174097
54174137
54174139
54174157
54174167
54174173
54174181
54174193
54174251
54174259
54174293
54174313
54174317
54174319
54174343
54174383
54174433
54174443
54174469
54174473
54174509
54174511
54174551
54174559
54174569
54174583
54174599
54174607
54174611
54174613
54174619
54174629
54174661
54174671
54174677
54174689
54174709
54174713
54174721
54174727
54174737
54174751
54174773
54174779
54174781
54174787
54174811
54174823
54174859
54174889
54174931
54174943
54174977
54175001
54175007
54175021
54175027
54175057
54175151
54175153
54175171
54175211
54175223
54175237
54175241
54175273
54175307
54175361
54175367
54175409
54175411
54175421
54175423
54175453
54175483
54175489
54175523
54175547
54175553
54175559
54175573
54175579
54175601
54175607
54175609
54175663
54175687
54175697
54175711
54175717
54175729
54175757
54175777
54175789
54175841
54175853
54175861
54175873
54175903
54175907
54175921
54175949
54175951
54175981
54175997
54176021
54176033
54176071
54176081
54176099
54176107
54176117
54176119
54176131
54176141
54176153
54176167
54176183
54176207
54176209
54176257
54176279
54176323
54176333
54176387
54176393
54176407
54176411
54176417
54176459
54176471
54176489
54176497
54176503
54176509
54176531
54176533
54176557
54176587
54176627
54176641
54176651
54176659
54176687
54176693
54176701
54176713
54176719
54176729
54176741
54176761
54176777
54176783
54176813
54176821
54176827
54176849
54176851
54176879
54176887
54176921
54176939
54176951
54176953
54176957
54176963
54177001
54177091
54177103
54177187
54177209
54177217
54177239
54177247
54177257
54177269
54177271
54177293
54177329
54177349
54177353
54177371
54177373
54177391
54177401
54177413
54177421
54177427
54177433
54177449
54177479
54177499
54177527
54177587
54177601
54177611
54177619
54177649
54177653
54177661
54177667
54177707
54177727
54177791
54177833
54177841
54177853
54177881
54177901
54177917
54177919
54177923
54177931
54177941
54177967
54177983
54178013
54178021
54178037
54178043
54178079
54178129
54178147
54178171
54178199
54178207
54178211
54178213
54178217
54178219
54178301
54178331
54178373
54178387
54178403
54178417
54178433
54178441
54178459
54178463
54178489
54178493
54178511
54178513
54178517
54178529
54178567
54178571
54178573
54178577
54178603
54178613
54178627
54178673
54178687
54178727
54178741
54178759
54178763
54178769
54178781
54178783
54178799
54178819
54178829
54178843
54178853
54178903
54178907
54178963
54178981
54178991
54179009
54179023
54179029
54179039
54179087
54179101
54179107
54179113
54179117
54179123
54179131
54179141
54179159
54179161
54179171
54179189
54179201
54179207
54179219
54179233
54179239
54179249
54179267
54179291
54179299
54179347
54179353
54179371
54179381
54179383
54179401
54179417
54179429
54179443
54179449
54179471
54179473
54179479
54179533
54179591
54179677
54179681
54179689
54179693
54179747
54179761
54179779
54179791
54179809
54179813
54179831
54179863
54179869
54179893
54179911
54179929
54179959
54179981
54179999
54180013
54180031
54180073
54180079
54180109
54180121
54180167
54180179
54180193
54180197
54180221
54180239
54180283
54180293
54180299
54180307
54180317
54180361
54180391
54180407
54180409
54180431
54180437
54180443
54180481
54180487
54180493
54180509
54180517
54180523
54180551
54180589
54180601
54180629
54180641
54180667
54180677
54180701
54180719
54180757
54180767
54180769
54180793
54180809
54180811
54180827
54180851
54180859
54180883
54180899
54180937
54180947
54180977
54180983
54181007
54181009
54181013
54181021
54181033
54181051
54181063
54181067
54181069
54181073
54181081
54181139
54181187
54181189
54181201
54181219
54181223
54181241
54181243
54181277
54181291
54181319
54181327
54181339
54181409
54181417
54181429
54181447
54181453
54181471
54181507
54181571
54181573
54181609
54181639
54181643
54181663
54181667
54181679
54181681
54181693
54181709
54181717
54181739
54181747
54181759
54181823
54181867
54181877
54181891
54181909
54181921
54181931
54181943
54181961
54181999
54182003
54182027
54182039
54182041
54182069
54182081
54182101
54182131
54182153
54182189
54182209
54182231
54182239
54182251
54182263
54182269
54182309
54182329
54182351
54182363
54182369
54182371
54182407
54182419
54182423
54182449
54182459
54182497
54182521
54182543
54182563
54182567
54182573
54182581
54182593
54182603
54182629
54182633
54182647
54182651
54182659
54182663
54182677
54182693
54182707
54182729
54182743
54182749
54182789
54182797
54182803
54182819
54182839
54182867
54182873
54182879
54182903
54182941
54182951
54182959
54182969
54182987
54183001
54183023
54183061
54183083
54183091
54183109
54183113
54183149
54183169
54183187
54183191
54183203
54183209
54183211
54183229
54183247
54183251
54183271
54183277
54183293
54183329
54183343
54183347
54183361
54183391
54183401
54183431
54183439
54183473
54183487
54183491
54183499
54183517
54183533
54183541
54183551
54183553
54183557
54183581
54183589
54183599
54183601
54183631
54183643
54183667
54183671
54183697
54183713
54183719
54183733
54183757
54183761
54183769
54183793
54183797
54183817
54183841
54183847
54183869
54183881
54183887
54183893
54183901
54183937
54183989
54184003
54184019
54184033
54184069
54184079
54184087
54184099
54184127
54184129
54184133
54184139
54184157
54184183
54184211
54184223
54184237
54184241
54184261
54184301
54184303
54184313
54184327
54184331
54184337
54184349
54184363
54184399
54184421
54184433
54184451
54184477
54184483
54184511
54184513
54184519
54184541
54184549
54184567
54184607
54184633
54184639
54184643
54184649
54184651
54184667
54184679
54184717
54184747
54184759
54184771
54184777
54184813
54184817
54184853
54184873
54184877
54184919
54184961
54184997
54185009
54185023
54185051
54185059
54185063
54185071
54185077
54185083
54185129
54185177
54185213
54185227
54185233
54185237
54185291
54185297
54185323
54185357
54185371
54185393
54185419
54185429
54185431
54185533
54185597
54185609
54185611
54185617
54185657
54185669
54185671
54185687
54185699
54185707
54185713
54185731
54185759
54185767
54185779
54185821
54185827
54185837
54185869
54185933
54185939
54185951
54185983
54186001
54186023
54186059
54186079
54186107
54186113
54186169
54186203
54186211
54186217
54186227
54186257
54186263
54186287
54186289
54186313
54186359
54186373
54186397
54186409
54186427
54186437
54186443
54186469
54186491
54186521
54186523
54186563
54186589
54186637
54186673
54186677
54186733
54186739
54186763
54186773
54186779
54186793
54186809
54186857
54186863
54186959
54186989
54187019
54187033
54187043
54187079
54187123
54187139
54187151
54187157
54187169
54187187
54187213
54187247
54187249
54187291
54187303
54187307
54187319
54187327
54187339
54187387
54187391
54187433
54187453
54187489
54187513
54187537
54187559
54187603
54187607
54187633
54187643
54187669
54187699
54187723
54187729
54187741
54187751
54187781
54187787
54187799
54187811
54187817
54187831
54187841
54187843
54187849
54187853
54187871
54187897
54187927
54187957
54187967
54187997
54187999
54188033
54188051
54188053
54188063
54188077
54188083
54188087
54188107
54188143
54188149
54188179
54188219
54188237
54188243
54188261
54188291
54188311
54188317
54188339
54188353
54188357
54188377
54188383
54188389
54188413
54188441
54188447
54188467
54188473
54188479
54188507
54188521
54188539
54188567
54188573
54188579
54188581
54188599
54188623
54188647
54188657
54188663
54188669
54188671
54188681
54188747
54188749
54188753
54188773
54188891
54188903
54188909
54188929
54188941
54188971
54188999
54189001
54189017
54189019
54189049
54189061
54189071
54189077
54189097
54189101
54189103
54189137
54189193
54189203
54189229
54189253
54189257
54189269
54189277
54189283
54189293
54189301
54189307
54189323
54189337
54189347
54189389
54189397
54189407
54189419
54189427
54189439
54189461
54189469
54189481
54189493
54189529
54189547
54189559
54189563
54189593
54189601
54189607
54189617
54189623
54189673
54189703
54189739
54189769
54189791
54189803
54189809
54189869
54189887
54189901
54189911
54189913
54189917
54189929
54189943
54189977
54189979
54189991
54190027
54190039
54190091
54190099
54190127
54190141
54190153
54190177
54190187
54190189
54190207
54190217
54190243
54190247
54190267
54190273
54190313
54190333
54190343
54190429
54190447
54190453
54190457
54190481
54190523
54190541
54190547
54190567
54190571
54190583
54190597
54190613
54190627
54190637
54190651
54190663
54190667
54190687
54190709
54190723
54190727
54190757
54190769
54190771
54190777
54190811
54190819
54190837
54190841
54190847
54190933
54190973
54190979
54190993
54191003
54191009
54191023
54191041
54191063
54191089
54191101
54191117
54191129
54191149
54191153
54191161
54191167
54191171
54191177
54191183
54191209
54191213
54191231
54191251
54191261
54191279
54191303
54191311
54191353
54191369
54191377
54191399
54191407
54191411
54191419
54191437
54191471
54191479
54191491
54191497
54191507
54191521
54191537
54191573
54191603
54191659
54191671
54191681
54191701
54191707
54191719
54191723
54191737
54191741
54191771
54191773
54191777
54191783
54191827
54191843
54191861
54191941
54191989
54191993
54192007
54192029
54192041
54192053
54192059
54192067
54192113
54192133
54192137
54192143
54192157
54192167
54192197
54192223
54192227
54192233
54192253
54192263
54192287
54192289
54192319
54192323
54192331
54192337
54192349
54192361
54192373
54192377
54192403
54192407
54192409
54192419
54192421
54192449
54192451
54192469
54192521
54192539
54192563
54192571
54192581
54192587
54192601
54192613
54192629
54192631
54192701
54192703
54192727
54192751
54192779
54192811
54192829
54192839
54192841
54192869
54192877
54192881
54192907
54192917
54192989
54193001
54193019
54193043
54193067
54193081
54193091
54193109
54193171
54193207
54193231
54193241
54193247
54193277
54193283
54193291
54193309
54193319
54193343
54193357
54193361
54193387
54193421
54193423
54193441
54193457
54193481
54193483
54193541
54193577
54193583
54193591
54193597
54193621
54193639
54193669
54193691
54193693
54193697
54193747
54193781
54193787
54193793
54193823
54193829
54193831
54193849
54193877
54193883
54193897
54193903
54193907
54193913
54193933
54193939
54193963
54193987
54193999
54194017
54194029
54194039
54194053
54194057
54194059
54194071
54194083
54194093
54194123
54194167
54194197
54194201
54194221
54194263
54194297
54194303
54194311
54194321
54194341
54194363
54194369
54194383
54194389
54194401
54194443
54194447
54194449
54194467
54194471
54194489
54194507
54194519
54194551
54194557
54194561
54194563
54194573
54194587
54194611
54194617
54194629
54194633
54194641
54194653
54194683
54194731
54194737
54194747
54194753
54194761
54194771
54194801
54194843
54194873
54194887
54194891
54194947
54194951
54194971
54194977
54194983
54194993
54195077
54195079
54195083
54195103
54195109
54195131
54195137
54195151
54195157
54195209
54195221
54195247
54195263
54195283
54195299
54195319
54195377
54195397
54195433
54195457
54195469
54195487
54195503
54195509
54195527
54195529
54195553
54195587
54195593
54195629
54195641
54195667
54195671
54195709
54195731
54195761
54195767
54195773
54195811
54195833
54195871
54195887
54195907
54195931
54195941
54195989
54196001
54196013
54196061
54196081
54196097
54196111
54196117
54196127
54196139
54196169
54196183
54196193
54196199
54196201
54196223
54196253
54196267
54196271
54196309
54196313
54196319
54196327
54196333
54196399
54196411
54196421
54196433
54196451
54196489
54196507
54196529
54196537
54196567
54196573
54196591
54196603
54196613
54196627
54196631
54196651
54196693
54196699
54196729
54196739
54196777
54196783
54196787
54196811
54196837
54196841
54196843
54196861
54196913
54196937
54196939
54196943
54196951
54196973
54196979
54196981
54196991
54197009
54197023
54197029
54197051
54197093
54197107
54197141
54197159
54197161
54197179
54197183
54197197
54197279
54197281
54197293
54197333
54197347
54197359
54197371
54197383
54197387
54197401
54197419
54197447
54197461
54197477
54197483
54197497
54197503
54197551
54197567
54197569
54197593
54197597
54197599
54197617
54197621
54197639
54197653
54197669
54197687
54197699
54197701
54197719
54197749
54197753
54197761
54197789
54197809
54197831
54197833
54197837
54197863
54197873
54197881
54197911
54197981
54197987
54197993
54197999
54198031
54198037
54198041
54198107
54198121
54198149
54198161
54198163
54198169
54198173
54198197
54198211
54198217
54198223
54198257
54198259
