52297733
52297769
52297771
52297783
52297807
52297811
52297859
52297871
52297879
52297891
52297897
52297907
52297943
52297963
52297979
52297997
52298017
52298039
52298041
52298047
52298063
52298093
52298101
52298111
52298119
52298143
52298153
52298161
52298189
52298287
52298293
52298347
52298359
52298369
52298377
52298381
52298399
52298413
52298417
52298429
52298437
52298453
52298459
52298471
52298483
52298489
52298539
52298551
52298563
52298567
52298591
52298599
52298633
52298641
52298677
52298689
52298717
52298731
52298747
52298789
52298809
52298819
52298843
52298867
52298923
52298933
52298989
52299017
52299029
52299041
52299043
52299059
52299073
52299083
52299101
52299103
52299119
52299127
52299131
52299133
52299179
52299187
52299197
52299227
52299253
52299271
52299283
52299301
52299319
52299323
52299349
52299397
52299409
52299431
52299461
52299487
52299491
52299529
52299563
52299581
52299593
52299607
52299619
52299649
52299661
52299679
52299703
52299721
52299749
52299763
52299791
52299809
52299823
52299881
52299889
52299893
52299899
52299941
52299943
52299977
52299983
52299991
52300009
52300033
52300037
52300067
52300081
52300097
52300099
52300111
52300121
52300147
52300159
52300189
52300219
52300223
52300231
52300247
52300249
52300273
52300319
52300327
52300337
52300349
52300357
52300361
52300387
52300397
52300403
52300411
52300421
52300429
52300439
52300447
52300463
52300477
52300481
52300531
52300537
52300603
52300621
52300657
52300667
52300679
52300681
52300691
52300733
52300741
52300747
52300763
52300769
52300799
52300817
52300819
52300847
52300883
52300889
52300903
52300967
52301003
52301009
52301047
52301059
52301063
52301077
52301101
52301111
52301141
52301153
52301173
52301189
52301191
52301213
52301219
52301261
52301303
52301311
52301323
52301329
52301341
52301351
52301377
52301399
52301411
52301467
52301519
52301573
52301581
52301603
52301611
52301617
52301629
52301663
52301723
52301729
52301731
52301779
52301783
52301791
52301801
52301807
52301861
52301891
52301903
52301917
52301923
52301959
52301969
52301981
52301983
52301989
52302011
52302017
52302031
52302037
52302049
52302059
52302067
52302077
52302083
52302119
52302139
52302157
52302169
52302179
52302181
52302191
52302199
52302223
52302227
52302241
52302247
52302259
52302317
52302359
52302373
52302401
52302407
52302409
52302431
52302449
52302479
52302517
52302527
52302539
52302581
52302583
52302589
52302617
52302619
52302629
52302641
52302703
52302709
52302743
52302751
52302773
52302779
52302799
52302847
52302889
52302893
52302907
52302919
52302937
52302961
52303001
52303019
52303021
52303039
52303051
52303061
52303109
52303123
52303133
52303159
52303171
52303177
52303189
52303213
52303217
52303241
52303247
52303261
52303267
52303343
52303379
52303387
52303393
52303397
52303399
52303423
52303429
52303439
52303463
52303469
52303481
52303513
52303571
52303591
52303597
52303613
52303663
52303687
52303717
52303793
52303799
52303837
52303859
52303871
52303877
52303879
52303891
52303919
52303931
52303939
52303943
52303949
52303957
52303991
52304009
52304011
52304029
52304033
52304059
52304101
52304123
52304129
52304137
52304159
52304167
52304173
52304177
52304179
52304183
52304191
52304293
52304303
52304311
52304341
52304377
52304381
52304387
52304401
52304407
52304411
52304419
52304431
52304443
52304453
52304509
52304519
52304531
52304611
52304617
52304627
52304639
52304669
52304711
52304713
52304723
52304729
52304731
52304741
52304743
52304761
52304771
52304789
52304797
52304803
52304821
52304827
52304927
52304933
52304947
52304969
52304977
52304983
52305007
52305037
52305049
52305103
52305133
52305163
52305179
52305181
52305221
52305229
52305247
52305257
52305259
52305293
52305307
52305361
52305371
52305373
52305377
52305391
52305419
52305431
52305467
52305479
52305497
52305511
52305523
52305527
52305529
52305557
52305571
52305581
52305593
52305599
52305607
52305619
52305637
52305691
52305707
52305713
52305733
52305751
52305767
52305817
52305823
52305833
52305857
52305863
52305871
52305881
52305893
52305907
52305943
52305949
52305973
52305983
52306027
52306043
52306063
52306081
52306087
52306091
52306099
52306109
52306129
52306153
52306171
52306217
52306223
52306291
52306327
52306333
52306337
52306349
52306357
52306363
52306379
52306409
52306417
52306427
52306451
52306469
52306511
52306543
52306549
52306559
52306613
52306621
52306649
52306663
52306679
52306717
52306733
52306747
52306757
52306759
52306801
52306831
52306847
52306873
52306879
52306883
52306921
52306931
52306957
52306973
52306979
52306987
52306993
52306997
52306999
52307023
52307027
52307033
52307063
52307071
52307077
52307089
52307093
52307107
52307117
52307119
52307141
52307149
52307161
52307179
52307183
52307207
52307231
52307251
52307273
52307291
52307303
52307309
52307327
52307341
52307389
52307429
52307441
52307443
52307461
52307471
52307483
52307491
52307501
52307537
52307539
52307557
52307611
52307641
52307653
52307669
52307687
52307693
52307707
52307711
52307713
52307719
52307729
52307753
52307777
52307789
52307797
52307809
52307831
52307887
52307891
52307897
52307933
52307939
52307947
52307971
52307989
52307999
52308017
52308019
52308071
52308073
52308097
52308101
52308131
52308163
52308209
52308239
52308259
52308283
52308301
52308329
52308353
52308367
52308383
52308391
52308407
52308413
52308433
52308437
52308449
52308461
52308467
52308481
52308499
52308517
52308521
52308523
52308527
52308533
52308559
52308569
52308583
52308617
52308623
52308629
52308631
52308649
52308667
52308671
52308679
52308703
52308719
52308727
52308731
52308757
52308761
52308797
52308821
52308863
52308911
52308917
52308931
52308959
52308973
52309001
52309021
52309043
52309067
52309087
52309091
52309097
52309151
52309163
52309171
52309207
52309241
52309253
52309259
52309273
52309343
52309351
52309363
52309373
52309381
52309393
52309409
52309441
52309447
52309469
52309487
52309507
52309547
52309559
52309573
52309589
52309597
52309619
52309627
52309633
52309639
52309651
52309681
52309693
52309703
52309709
52309711
52309721
52309723
52309729
52309739
52309769
52309787
52309841
52309849
52309853
52309861
52309913
52309921
52309949
52309987
52309991
52310023
52310047
52310057
52310077
52310101
52310129
52310143
52310161
52310189
52310233
52310239
52310261
52310281
52310327
52310329
52310333
52310339
52310347
52310351
52310353
52310369
52310371
52310381
52310387
52310393
52310407
52310429
52310443
52310459
52310471
52310509
52310537
52310543
52310549
52310567
52310593
52310617
52310623
52310633
52310663
52310681
52310689
52310701
52310707
52310767
52310777
52310807
52310831
52310837
52310861
52310873
52310891
52310897
52310927
52310941
52310959
52311011
52311013
52311019
52311029
52311037
52311059
52311067
52311089
52311097
52311107
52311151
52311169
52311179
52311191
52311197
52311209
52311211
52311239
52311277
52311283
52311317
52311319
52311323
52311359
52311409
52311433
52311439
52311461
52311463
52311481
52311527
52311547
52311559
52311629
52311647
52311691
52311697
52311719
52311733
52311739
52311751
52311757
52311761
52311767
52311811
52311823
52311851
52311863
52311869
52311871
52311899
52311977
52311989
52311991
52312021
52312031
52312033
52312049
52312061
52312063
52312067
52312087
52312103
52312109
52312121
52312133
52312151
52312157
52312171
52312177
52312199
52312207
52312223
52312229
52312231
52312279
52312307
52312313
52312343
52312357
52312397
52312399
52312411
52312423
52312427
52312459
52312499
52312501
52312517
52312573
52312577
52312609
52312619
52312669
52312693
52312703
52312727
52312747
52312751
52312753
52312769
52312817
52312823
52312837
52312861
52312867
52312889
52312891
52312907
52312913
52312937
52312943
52312969
52312993
52313033
52313047
52313083
52313101
52313111
52313113
52313119
52313123
52313141
52313143
52313159
52313161
52313179
52313189
52313197
52313231
52313243
52313249
52313269
52313309
52313321
52313329
52313341
52313381
52313411
52313467
52313473
52313483
52313507
52313519
52313531
52313551
52313561
52313567
52313603
52313617
52313627
52313659
52313683
52313687
52313699
52313711
52313719
52313731
52313747
52313759
52313797
52313831
52313857
52313869
52313873
52313903
52313923
52313939
52313951
52313953
52313969
52313977
52314013
52314023
52314047
52314077
52314079
52314089
52314091
52314103
52314109
52314113
52314133
52314139
52314169
52314181
52314191
52314211
52314217
52314281
52314293
52314299
52314307
52314343
52314371
52314407
52314439
52314461
52314469
52314481
52314487
52314503
52314517
52314529
52314553
52314569
52314583
52314589
52314629
52314643
52314649
52314671
52314677
52314697
52314721
52314737
52314767
52314799
52314841
52314883
52314907
52314917
52314931
52314947
52314959
52314971
52314979
52314989
52314991
52315009
52315033
52315049
52315061
52315063
52315093
52315099
52315127
52315147
52315157
52315163
52315169
52315181
52315223
52315261
52315267
52315283
52315297
52315331
52315337
52315349
52315381
52315387
52315397
52315423
52315429
52315433
52315441
52315453
52315457
52315463
52315489
52315499
52315519
52315553
52315561
52315573
52315597
52315609
52315619
52315621
52315633
52315643
52315651
52315661
52315699
52315709
52315729
52315733
52315763
52315771
52315787
52315789
52315799
52315819
52315843
52315859
52315909
52315937
52315943
52315951
52315969
52315981
52316051
52316057
52316071
52316083
52316111
52316119
52316129
52316161
52316171
52316179
52316183
52316197
52316207
52316227
52316233
52316281
52316309
52316321
52316351
52316387
52316389
52316419
52316431
52316471
52316489
52316491
52316501
52316543
52316549
52316581
52316587
52316647
52316669
52316689
52316707
52316741
52316773
52316801
52316807
52316827
52316851
52316857
52316879
52316897
52316909
52316921
52316941
52316963
52316981
52316987
52316993
52317053
52317169
52317173
52317179
52317193
52317227
52317229
52317253
52317263
52317277
52317289
52317311
52317319
52317337
52317359
52317379
52317401
52317403
52317407
52317427
52317451
52317457
52317497
52317509
52317521
52317527
52317547
52317563
52317589
52317607
52317623
52317631
52317647
52317689
52317701
52317703
52317737
52317743
52317761
52317803
52317833
52317911
52317913
52317917
52317919
52317949
52317961
52317973
52317977
52318033
52318043
52318051
52318067
52318081
52318087
52318093
52318109
52318121
52318127
52318139
52318157
52318177
52318187
52318193
52318207
52318213
52318219
52318237
52318249
52318271
52318283
52318319
52318339
52318363
52318369
52318391
52318417
52318423
52318433
52318439
52318463
52318489
52318507
52318531
52318543
52318549
52318621
52318667
52318681
52318687
52318709
52318727
52318751
52318753
52318771
52318787
52318789
52318807
52318873
52318879
52318883
52318901
52318919
52318921
52318969
52318991
52319011
52319023
52319039
52319051
52319053
52319077
52319083
52319087
52319101
52319117
52319123
52319129
52319143
52319167
52319171
52319177
52319203
52319207
52319213
52319233
52319243
52319249
52319257
52319279
52319291
52319303
52319329
52319357
52319363
52319383
52319389
52319417
52319419
52319431
52319437
52319453
52319459
52319467
52319479
52319497
52319513
52319539
52319543
52319551
52319573
52319593
52319609
52319621
52319623
52319627
52319653
52319669
52319713
52319719
52319747
52319753
52319783
52319801
52319821
52319833
52319837
52319893
52319921
52319923
52319929
52319933
52319941
52319951
52319989
52320001
52320007
52320013
52320019
52320029
52320061
52320077
52320083
52320137
52320139
52320161
52320179
52320181
52320227
52320253
52320269
52320277
52320283
52320287
52320299
52320311
52320347
52320349
52320361
52320391
52320409
52320413
52320419
52320421
52320427
52320449
52320451
52320473
52320491
52320503
52320557
52320589
52320613
52320641
52320643
52320647
52320683
52320703
52320731
52320739
52320743
52320761
52320811
52320841
52320869
52320893
52320899
52320907
52320913
52320937
52320941
52320971
52320977
52320991
52321001
52321057
52321069
52321081
52321109
52321151
52321169
52321177
52321187
52321253
52321309
52321319
52321327
52321331
52321351
52321369
52321403
52321429
52321433
52321471
52321487
52321513
52321517
52321519
52321523
52321537
52321541
52321543
52321559
52321561
52321567
52321571
52321627
52321639
52321657
52321679
52321697
52321727
52321729
52321739
52321741
52321747
52321751
52321777
52321813
52321847
52321861
52321883
52321891
52321901
52321909
52321921
52321931
52321949
52321961
52321979
52321981
52321993
52322021
52322041
52322047
52322057
52322059
52322069
52322111
52322113
52322131
52322159
52322161
52322173
52322189
52322197
52322227
52322261
52322279
52322339
52322363
52322381
52322399
52322407
52322441
52322449
52322471
52322497
52322509
52322533
52322537
52322573
52322587
52322591
52322653
52322657
52322659
52322663
52322671
52322681
52322737
52322741
52322749
52322759
52322801
52322849
52322869
52322971
52322981
52322983
52322987
52323013
52323041
52323049
52323053
52323067
52323077
52323097
52323101
52323109
52323119
52323121
52323149
52323157
52323197
52323199
52323203
52323239
52323241
52323247
52323251
52323253
52323259
52323277
52323289
52323307
52323329
52323343
52323347
52323371
52323373
52323377
52323391
52323457
52323461
52323493
52323499
52323527
52323541
52323571
52323577
52323589
52323599
52323611
52323613
52323653
52323659
52323679
52323707
52323709
52323721
52323763
52323769
52323797
52323811
52323823
52323829
52323839
52323857
52323881
52323893
52323907
52323911
52323937
52323949
52323989
52324003
52324009
52324039
52324073
52324087
52324121
52324123
52324133
52324169
52324171
52324193
52324199
52324211
52324229
52324243
52324247
52324297
52324313
52324319
52324339
52324367
52324399
52324411
52324417
52324427
52324457
52324529
52324543
52324567
52324603
52324619
52324633
52324661
52324663
52324667
52324669
52324711
52324739
52324751
52324757
52324801
52324823
52324843
52324847
52324907
52324913
52324933
52324957
52324981
52324991
52324999
52325003
52325029
52325041
52325047
52325051
52325059
52325071
52325081
52325087
52325093
52325111
52325173
52325177
52325209
52325213
52325219
52325239
52325243
52325249
52325261
52325263
52325267
52325293
52325321
52325323
52325347
52325353
52325359
52325381
52325393
52325419
52325423
52325443
52325447
52325467
52325479
52325491
52325549
52325561
52325573
52325591
52325629
52325641
52325683
52325687
52325699
52325747
52325789
52325821
52325827
52325839
52325857
52325873
52325891
52325909
52325921
52325929
52325941
52325951
52325953
52326013
52326023
52326031
52326041
52326067
52326083
52326091
52326107
52326139
52326143
52326151
52326167
52326193
52326199
52326223
52326229
52326259
52326269
52326283
52326299
52326301
52326319
52326331
52326347
52326389
52326427
52326433
52326467
52326497
52326499
52326517
52326539
52326563
52326581
52326583
52326601
52326607
52326613
52326623
52326641
52326647
52326653
52326691
52326707
52326709
52326713
52326719
52326721
52326761
52326773
52326803
52326811
52326821
52326823
52326881
52326887
52326949
52326961
52326971
52326973
52326979
52326997
52327019
52327021
52327061
52327063
52327069
52327073
52327091
52327097
52327103
52327109
52327117
52327123
52327127
52327129
52327141
52327169
52327181
52327183
52327199
52327211
52327217
52327243
52327313
52327321
52327381
52327417
52327421
52327453
52327477
52327487
52327489
52327493
52327529
52327531
52327543
52327559
52327567
52327573
52327609
52327621
52327637
52327673
52327679
52327711
52327733
52327747
52327753
52327777
52327799
52327831
52327837
52327841
52327889
52327901
52327903
52327909
52327939
52327949
52327963
52327987
52327991
52328009
52328011
52328051
52328083
52328117
52328123
52328131
52328167
52328183
52328189
52328219
52328233
52328251
52328293
52328317
52328369
52328389
52328399
52328411
52328447
52328449
52328453
52328467
52328503
52328509
52328537
52328569
52328581
52328621
52328623
52328659
52328677
52328743
52328777
52328819
52328821
52328849
52328879
52328923
52328951
52328959
52328971
52328987
52328993
52328999
52329007
52329029
52329041
52329049
52329061
52329083
52329103
52329107
52329113
52329119
52329127
52329131
52329133
52329143
52329157
52329169
52329181
52329187
52329197
52329203
52329217
52329227
52329257
52329293
52329331
52329337
52329367
52329371
52329379
52329437
52329449
52329467
52329481
52329499
52329523
52329547
52329583
52329619
52329647
52329677
52329691
52329707
52329727
52329733
52329737
52329749
52329751
52329773
52329799
52329841
52329863
52329869
52329883
52329889
52329913
52329931
52329943
52329967
52329973
52329983
52329997
52330013
52330021
52330051
52330067
52330073
52330081
52330087
52330111
52330147
52330151
52330189
52330193
52330207
52330211
52330217
52330231
52330241
52330249
52330259
52330277
52330307
52330319
52330331
52330357
52330363
52330381
52330429
52330457
52330459
52330483
52330493
52330507
52330517
52330549
52330571
52330583
52330591
52330601
52330609
52330633
52330643
52330651
52330657
52330667
52330669
52330687
52330717
52330771
52330793
52330823
52330841
52330847
52330867
52330891
52330903
52330931
52330933
52330961
52330969
52330979
52331017
52331023
52331033
52331039
52331063
52331077
52331093
52331099
52331113
52331161
52331177
52331203
52331207
52331249
52331261
52331267
52331273
52331281
52331303
52331353
52331359
52331369
52331381
52331393
52331443
52331459
52331479
52331483
52331497
52331549
52331551
52331561
52331569
52331599
52331603
52331611
52331651
52331683
52331701
52331707
52331759
52331771
52331809
52331819
52331827
52331861
52331869
52331957
52331963
52331977
52332013
52332017
52332019
52332043
52332047
52332053
52332127
52332151
52332173
52332191
52332193
52332209
52332223
52332257
52332263
52332311
52332331
52332347
52332361
52332377
52332391
52332407
52332421
52332457
52332461
52332481
52332491
52332503
52332547
52332583
52332589
52332607
52332611
52332641
52332691
52332727
52332739
52332773
52332799
52332803
52332827
52332877
52332881
52332883
52332901
52332913
52332989
52333007
52333009
52333013
52333033
52333051
52333079
52333093
52333103
52333109
52333117
52333129
52333187
52333199
52333223
52333283
52333289
52333297
52333339
52333367
52333381
52333399
52333433
52333447
52333459
52333469
52333483
52333511
52333529
52333553
52333571
52333573
52333601
52333613
52333621
52333663
52333703
52333739
52333789
52333811
52333819
52333823
52333829
52333849
52333861
52333867
52333891
52333903
52333969
52333979
52334011
52334017
52334027
52334063
52334083
52334099
52334101
52334123
52334167
52334201
52334207
52334209
52334213
52334221
52334237
52334251
52334257
52334263
52334281
52334323
52334333
52334351
52334371
52334383
52334389
52334393
52334423
52334461
52334467
52334489
52334561
52334599
52334617
52334629
52334657
52334669
52334671
52334693
52334719
52334743
52334771
52334803
52334809
52334831
52334861
52334917
52334921
52334951
52334969
52334977
52334981
52335001
52335043
52335067
52335071
52335079
52335103
52335109
52335119
52335121
52335137
52335149
52335167
52335181
52335187
52335193
52335203
52335251
52335263
52335277
52335313
52335317
52335323
52335331
52335341
52335359
52335383
52335389
52335397
52335421
52335457
52335463
52335497
52335529
52335541
52335583
52335589
52335637
52335653
52335667
52335677
52335697
52335739
52335779
52335847
52335851
52335853
52335883
52335887
52335931
52335949
52335961
52335973
52335989
52336001
52336021
52336027
52336057
52336061
52336073
52336111
52336121
52336129
52336139
52336169
52336171
52336187
52336243
52336259
52336267
52336303
52336307
52336321
52336337
52336343
52336351
52336357
52336367
52336369
52336373
52336379
52336381
52336409
52336411
52336423
52336441
52336451
52336457
52336499
52336511
52336513
52336519
52336549
52336607
52336639
52336643
52336663
52336667
52336673
52336679
52336681
52336703
52336721
52336723
52336747
52336771
52336777
52336783
52336807
52336813
52336819
52336831
52336853
52336873
52336919
52336939
52336943
52336957
52336961
52336987
52336997
52337027
52337041
52337099
52337107
52337119
52337147
52337183
52337209
52337221
52337249
52337309
52337323
52337353
52337357
52337377
52337399
52337449
52337471
52337473
52337477
52337497
52337501
52337539
52337557
52337561
52337563
52337599
52337603
52337617
52337639
52337693
52337707
52337717
52337731
52337741
52337759
52337773
52337783
52337797
52337821
52337851
52337867
52337881
52337899
52337911
52337927
52337947
52337993
52338043
52338047
52338049
52338067
52338071
52338073
52338089
52338101
52338107
52338109
52338113
52338149
52338151
52338163
52338191
52338227
52338233
52338277
52338283
52338287
52338311
52338337
52338343
52338367
52338397
52338437
52338443
52338449
52338463
52338467
52338469
52338493
52338499
52338511
52338541
52338569
52338577
52338607
52338623
52338647
52338653
52338661
52338677
52338679
52338691
52338701
52338703
52338739
52338743
52338751
52338809
52338817
52338827
52338829
52338833
52338877
52338889
52338899
52338917
52338929
52338947
52338953
52338989
52339003
52339009
52339013
52339019
52339087
52339097
52339103
52339117
52339169
52339187
52339193
52339207
52339211
52339241
52339267
52339279
52339291
52339307
52339333
52339369
52339393
52339409
52339429
52339451
52339457
52339459
52339487
52339499
52339517
52339531
52339537
52339543
52339579
52339591
52339597
52339601
52339603
52339627
52339649
52339681
52339691
52339747
52339783
52339823
52339829
52339831
52339877
52339897
52339907
52339913
52339919
52339933
52339943
52339967
52339979
52340017
52340047
52340053
52340063
52340069
52340077
52340081
52340177
52340179
52340201
52340221
52340251
52340287
52340293
52340317
52340329
52340401
52340411
52340413
52340429
52340443
52340461
52340471
52340473
52340513
52340527
52340537
52340543
52340549
52340551
52340579
52340591
52340593
52340597
52340599
52340647
52340707
52340711
52340719
52340749
52340753
52340797
52340831
52340833
52340837
52340857
52340863
52340917
52340921
52340947
52340971
52340993
52341001
52341017
52341041
52341049
52341053
52341097
52341101
52341109
52341119
52341139
52341151
52341187
52341193
52341197
52341203
52341217
52341241
52341253
52341269
52341287
52341301
52341313
52341329
52341343
52341349
52341389
52341397
52341403
52341439
52341451
52341463
52341467
52341469
52341557
52341563
52341571
52341587
52341631
52341649
52341659
52341661
52341683
52341719
52341743
52341749
52341787
52341797
52341811
52341823
52341833
52341851
52341853
52341869
52341889
52341893
52341911
52341917
52341931
52341943
52341959
52342001
52342009
52342019
52342033
52342039
52342049
52342091
52342097
52342109
52342141
52342177
52342189
52342193
52342211
52342219
52342237
52342243
52342249
52342253
52342327
52342351
52342369
52342403
52342421
52342427
52342441
52342469
52342471
52342483
52342513
52342517
52342519
52342547
52342573
52342597
52342603
52342621
52342627
52342637
52342649
52342681
52342727
52342729
52342811
52342859
52342861
52342867
52342877
52342889
52342897
52342903
52342909
52342919
52342943
52342957
52342987
52342991
52343003
52343021
52343023
52343033
52343041
52343059
52343077
52343111
52343113
52343129
52343131
52343201
52343219
52343227
52343251
52343257
52343279
52343293
52343299
52343321
52343353
52343363
52343371
52343387
52343413
52343449
52343471
52343479
52343503
52343507
52343509
52343519
52343569
52343573
52343591
52343597
52343633
52343639
52343671
52343677
52343713
52343729
52343743
52343749
52343761
52343773
52343783
52343813
52343821
52343831
52343843
52343861
52343873
52343881
52343891
52343897
52343911
52343953
52343959
52343981
52343983
52343989
52344007
52344049
52344059
52344077
52344119
52344137
52344143
52344163
52344169
52344179
52344181
52344191
52344211
52344223
52344239
52344277
52344289
52344311
52344317
52344329
52344359
52344379
52344403
52344407
52344419
52344427
52344451
52344469
52344473
52344493
52344517
52344521
52344533
52344541
52344553
52344559
52344571
52344583
52344599
52344613
52344637
52344653
52344661
52344707
52344737
52344763
52344767
52344769
52344779
52344781
52344839
52344857
52344907
52344911
52344923
52344931
52344947
52344953
52344991
52344997
52345003
52345021
52345031
52345039
52345099
52345109
52345127
52345187
52345201
52345211
52345219
52345229
52345231
52345253
52345273
52345277
52345289
52345313
52345327
52345351
52345367
52345369
52345387
52345393
52345409
52345411
52345427
52345457
52345477
52345481
52345511
52345529
52345543
52345571
52345583
52345591
52345603
52345607
52345613
52345681
52345687
52345697
52345721
52345739
52345751
52345753
52345757
52345789
52345801
52345819
52345829
52345831
52345837
52345847
52345849
52345879
52345883
52345901
52345967
52345981
52346003
52346023
52346027
52346029
52346071
52346087
52346101
52346123
52346141
52346143
52346153
52346207
52346221
52346237
52346279
52346291
52346323
52346369
52346401
52346407
52346419
52346429
52346431
52346449
52346473
52346491
52346509
52346521
52346549
52346561
52346633
52346639
52346677
52346681
52346687
52346713
52346737
52346753
52346759
52346761
52346771
52346773
52346807
52346813
52346831
52346849
52346851
52346857
52346891
52346909
52346929
52346933
52346947
52346977
52346981
52346989
52346993
52346999
52347007
52347013
52347017
52347023
52347047
52347067
52347077
52347079
52347083
52347091
52347107
52347121
52347181
52347203
52347227
52347259
52347263
52347293
52347329
52347367
52347371
52347389
52347401
52347409
52347419
52347433
52347439
52347443
52347457
52347467
52347473
52347481
52347487
52347509
52347511
52347521
52347541
52347571
52347599
52347601
52347619
52347629
52347649
52347667
52347719
52347721
52347739
52347751
52347761
52347767
52347773
52347787
52347791
52347829
52347847
52347853
52347863
52347881
52347917
52347923
52347949
52347973
52348001
52348019
52348027
52348031
52348033
52348067
52348091
52348129
52348133
52348141
52348147
52348171
52348189
52348193
52348201
52348213
52348223
52348237
52348279
52348297
52348301
52348313
52348327
52348357
52348381
52348397
52348421
52348427
52348433
52348441
52348463
52348469
52348487
52348489
52348537
52348601
52348607
52348609
52348619
52348633
52348657
52348663
52348687
52348691
52348693
52348721
52348733
52348837
52348843
52348853
52348859
52348861
52348883
52348921
52348927
52348949
52348951
52348963
52348991
52348993
52349039
52349053
52349083
52349119
52349131
52349149
52349153
52349201
52349203
52349221
52349257
52349261
52349279
52349287
52349293
52349329
52349369
52349371
52349383
52349387
52349393
52349419
52349459
52349467
52349489
52349491
52349509
52349519
52349573
52349593
52349597
52349603
52349621
52349641
52349663
52349683
52349699
52349701
52349723
52349729
52349747
52349767
52349789
52349797
52349813
52349819
52349831
52349837
52349861
52349873
52349881
52349897
52349911
52349939
52349977
52349993
52350007
52350013
52350031
52350083
52350091
52350097
52350101
52350113
52350143
52350197
52350203
52350209
52350211
52350223
52350239
52350247
52350281
52350283
52350299
52350313
52350329
52350343
52350367
52350371
52350373
52350391
52350401
52350409
52350437
52350451
52350469
52350503
52350511
52350533
52350541
52350593
52350607
52350611
52350637
52350647
52350707
52350733
52350751
52350763
52350817
52350841
52350863
52350869
52350889
52350899
52350901
52350917
52350931
52350943
52350953
52350983
52351021
52351031
52351043
52351049
52351063
52351067
52351093
52351097
52351163
52351181
52351193
52351207
52351217
52351223
52351249
52351259
52351297
52351303
52351319
52351331
52351363
52351367
52351379
52351391
52351417
52351423
52351447
52351451
52351457
52351463
52351469
52351471
52351487
52351513
52351531
52351567
52351571
52351573
52351577
52351601
52351613
52351667
52351679
52351697
52351727
52351759
52351801
52351837
52351879
52351889
52351909
52352017
52352021
52352059
52352081
52352099
52352107
52352123
52352147
52352171
52352173
52352191
52352227
52352243
52352249
52352263
52352269
52352281
52352297
52352303
52352317
52352327
52352341
52352351
52352357
52352359
52352369
52352387
52352473
52352507
52352513
52352533
52352567
52352603
52352617
52352659
52352683
52352717
52352719
52352759
52352767
52352803
52352813
52352819
52352837
52352851
52352857
52352863
52352869
52352921
52352933
52352939
52352953
52352957
52352981
52353011
52353031
52353053
52353061
52353073
52353089
52353097
52353101
52353107
52353127
52353157
52353167
52353173
52353179
52353193
52353209
52353211
52353229
52353283
52353289
52353349
52353443
52353461
52353479
52353503
52353527
52353529
52353577
52353619
52353641
52353643
52353689
52353701
52353731
52353781
52353793
52353803
52353809
52353811
52353841
52353859
52353871
52353881
52353883
52353887
52353901
52353913
52353937
52353941
52353971
52353979
52353989
52353991
52353997
52354013
52354021
52354031
52354037
52354039
52354073
52354079
52354087
52354097
52354109
52354111
52354153
52354157
52354163
52354189
52354201
52354207
52354231
52354243
52354249
52354261
52354277
52354283
52354303
52354307
52354321
52354331
52354391
52354411
52354427
52354429
52354433
52354447
52354487
52354493
52354507
52354573
52354579
52354583
52354597
52354609
52354649
52354661
52354669
52354697
52354699
52354703
52354727
52354751
52354763
52354787
52354789
52354807
52354811
52354829
52354837
52354847
52354891
52354901
52354919
52354921
52354927
52354931
52354933
52354979
52354999
52355021
52355029
52355033
52355041
52355057
52355099
52355113
52355129
52355131
52355143
52355159
52355213
52355221
52355267
52355287
52355293
52355297
52355299
52355327
52355351
52355371
52355417
52355447
52355449
52355477
52355489
52355491
52355503
52355519
52355543
52355549
52355551
52355557
52355593
52355627
52355651
52355657
52355671
52355687
52355711
52355713
52355731
52355741
52355747
52355789
52355803
52355813
52355857
52355881
52355911
52355921
52355923
52355929
52355957
52355959
52355977
52356013
52356019
52356043
52356061
52356071
52356091
52356097
52356113
52356121
52356127
52356133
52356149
52356169
52356173
52356233
52356259
52356319
52356371
52356373
52356383
52356389
52356407
52356497
52356509
52356523
52356529
52356553
52356559
52356589
52356593
52356599
52356611
52356641
52356643
52356691
52356709
52356721
52356743
52356751
52356779
52356781
52356797
52356827
52356839
52356859
52356911
52356917
52356937
52356973
52356979
52357001
52357003
52357021
52357037
52357051
52357073
52357091
52357117
52357157
52357159
52357189
52357213
52357219
52357231
52357241
52357247
52357301
52357309
52357343
52357363
52357373
52357379
52357397
52357423
52357447
52357463
52357469
52357477
52357489
52357507
52357517
52357537
52357549
52357567
52357573
52357583
52357621
52357631
52357639
52357649
52357699
52357733
52357741
52357757
52357763
52357769
52357771
52357817
52357829
52357843
52357871
52357883
52357889
52357919
52357937
52357951
52357967
52358023
52358029
52358063
52358081
52358099
52358149
52358161
52358183
52358227
52358237
52358239
52358261
52358269
52358291
52358297
52358321
52358333
52358347
52358359
52358363
52358377
52358387
52358399
52358431
52358443
52358461
52358479
52358489
52358491
52358531
52358533
52358549
52358561
52358567
52358569
52358587
52358591
52358609
52358617
52358629
52358687
52358689
52358693
52358707
52358729
52358731
52358771
52358791
52358809
52358819
52358837
52358843
52358849
52358863
52358881
52358899
52358921
52358939
52358983
52358989
52359001
52359037
52359049
52359053
52359103
52359113
52359119
52359127
52359149
52359169
52359187
52359199
52359211
52359221
52359253
52359257
52359271
52359287
52359299
52359301
52359313
52359317
52359319
52359331
52359347
52359367
52359379
52359397
52359409
52359427
52359451
52359467
52359479
52359553
52359557
52359581
52359607
52359617
52359623
52359631
52359641
52359653
52359673
52359683
52359691
52359709
52359719
52359733
52359743
52359751
52359781
52359787
52359809
52359821
52359823
52359863
52359869
52359883
52359887
52359889
52359913
52359917
52359929
52359959
52359973
52359977
52360013
52360057
52360093
52360103
52360123
52360127
52360151
52360159
52360169
52360171
52360193
52360211
52360229
52360241
52360261
52360267
52360277
52360279
52360337
52360339
52360349
52360379
52360381
52360411
52360417
52360421
52360453
52360463
52360487
52360531
52360547
52360579
52360597
52360613
52360619
52360639
52360667
52360669
52360687
52360691
52360729
52360733
52360739
52360741
52360757
52360787
52360793
52360807
52360817
52360823
52360849
52360853
52360871
52360877
52360879
52360909
52360937
52360939
52360951
52360967
52360993
52361039
52361047
52361051
52361053
52361081
52361083
52361117
52361123
52361129
52361137
52361159
52361171
52361203
52361209
52361249
52361251
52361273
52361291
52361299
52361333
52361341
52361357
52361369
52361381
52361399
52361417
52361423
52361429
52361453
52361483
52361489
52361527
52361539
52361557
52361563
52361579
52361597
52361611
52361651
52361677
52361693
52361707
52361711
52361723
52361779
52361789
52361809
52361833
52361839
52361867
52361873
52361893
52361909
52361923
52361927
52361941
52361983
52361987
52361999
52362001
52362019
52362031
52362061
52362073
52362109
52362151
52362181
52362187
52362203
52362209
52362221
52362223
52362229
52362239
52362259
52362281
52362301
52362307
52362319
52362337
52362391
52362439
52362449
52362451
52362469
52362473
52362491
52362517
52362521
52362523
52362529
52362539
52362547
52362553
52362581
52362587
52362599
52362643
52362679
52362707
52362721
52362763
52362769
52362773
52362787
52362799
52362809
52362811
52362823
52362833
52362851
52362899
52362923
52362929
52362931
52362943
52362967
52362971
52362977
52362991
52363007
52363021
52363033
52363057
52363063
52363093
52363097
52363127
52363133
52363141
52363151
52363153
52363169
52363211
52363229
52363231
