54460429
54460447
54460493
54460501
54460519
54460531
54460561
54460589
54460591
54460597
54460603
54460607
54460643
54460649
54460657
54460663
54460667
54460687
54460709
54460727
54460771
54460787
54460799
54460801
54460807
54460829
54460873
54460937
54460943
54460949
54460951
54460963
54461021
54461027
54461053
54461059
54461063
54461089
54461093
54461107
54461111
54461117
54461123
54461129
54461131
54461153
54461191
54461207
54461219
54461233
54461237
54461249
54461261
54461293
54461311
54461317
54461339
54461347
54461371
54461411
54461417
54461423
54461461
54461479
54461483
54461497
54461509
54461527
54461531
54461567
54461597
54461599
54461621
54461639
54461663
54461707
54461711
54461753
54461783
54461807
54461839
54461879
54461893
54461909
54461917
54461933
54461941
54461963
54461969
54461987
54461993
54462011
54462017
54462053
54462059
54462097
54462167
54462173
54462181
54462197
54462253
54462259
54462269
54462277
54462281
54462293
54462301
54462311
54462329
54462337
54462347
54462349
54462371
54462389
54462403
54462427
54462437
54462449
54462451
54462461
54462469
54462481
54462503
54462517
54462523
54462581
54462587
54462593
54462623
54462659
54462673
54462703
54462731
54462739
54462757
54462767
54462769
54462809
54462823
54462833
54462839
54462847
54462869
54462871
54462913
54462923
54462929
54462971
54462977
54462979
54463007
54463021
54463039
54463043
54463093
54463111
54463127
54463151
54463163
54463169
54463181
54463217
54463219
54463229
54463231
54463243
54463259
54463289
54463303
54463309
54463369
54463399
54463403
54463411
54463433
54463441
54463447
54463511
54463547
54463567
54463571
54463583
54463589
54463601
54463613
54463637
54463649
54463663
54463681
54463691
54463723
54463727
54463751
54463753
54463781
54463819
54463837
54463891
54463897
54463909
54463919
54463951
54463987
54463991
54464027
54464063
54464071
54464083
54464131
54464147
54464153
54464159
54464183
54464197
54464227
54464251
54464321
54464329
54464339
54464363
54464383
54464387
54464411
54464467
54464479
54464491
54464503
54464519
54464533
54464537
54464539
54464561
54464567
54464569
54464573
54464593
54464603
54464609
54464623
54464647
54464677
54464689
54464701
54464717
54464731
54464743
54464747
54464749
54464783
54464801
54464831
54464833
54464863
54464873
54464911
54464939
54464941
54464947
54464951
54464959
54464981
54465007
54465017
54465029
54465041
54465043
54465053
54465067
54465091
54465121
54465137
54465139
54465163
54465167
54465193
54465197
54465199
54465211
54465223
54465251
54465269
54465287
54465293
54465349
54465353
54465371
54465377
54465379
54465407
54465409
54465427
54465431
54465479
54465487
54465491
54465493
54465511
54465539
54465553
54465557
54465577
54465581
54465611
54465623
54465643
54465659
54465689
54465701
54465709
54465713
54465721
54465727
54465737
54465781
54465787
54465797
54465823
54465869
54465871
54465877
54465893
54465919
54465923
54465947
54465959
54466003
54466007
54466019
54466043
54466057
54466073
54466099
54466117
54466123
54466127
54466157
54466193
54466199
54466201
54466211
54466213
54466261
54466271
54466289
54466333
54466361
54466367
54466397
54466421
54466439
54466441
54466459
54466481
54466501
54466513
54466523
54466543
54466547
54466583
54466591
54466603
54466651
54466661
54466663
54466667
54466729
54466747
54466751
54466771
54466777
54466799
54466807
54466817
54466823
54466831
54466847
54466859
54466877
54466879
54466891
54466927
54466931
54466933
54466943
54466949
54466957
54467003
54467051
54467087
54467117
54467123
54467131
54467141
54467159
54467177
54467183
54467213
54467233
54467239
54467263
54467291
54467297
54467317
54467363
54467431
54467459
54467489
54467513
54467521
54467531
54467587
54467599
54467629
54467653
54467659
54467681
54467683
54467701
54467719
54467723
54467747
54467759
54467761
54467767
54467789
54467827
54467843
54467849
54467857
54467867
54467873
54467923
54467951
54467953
54467977
54467981
54467989
54468013
54468031
54468053
54468077
54468083
54468121
54468133
54468137
54468157
54468191
54468217
54468233
54468251
54468257
54468277
54468287
54468311
54468319
54468343
54468353
54468371
54468389
54468397
54468413
54468433
54468437
54468443
54468451
54468461
54468509
54468523
54468539
54468571
54468647
54468677
54468691
54468707
54468781
54468803
54468809
54468811
54468823
54468863
54468907
54468929
54468941
54468943
54468949
54468961
54468971
54469007
54469027
54469031
54469043
54469049
54469061
54469073
54469081
54469087
54469091
54469097
54469117
54469123
54469127
54469147
54469187
54469211
54469229
54469237
54469249
54469271
54469297
54469301
54469339
54469357
54469379
54469391
54469399
54469427
54469463
54469469
54469487
54469517
54469529
54469549
54469553
54469559
54469577
54469619
54469643
54469721
54469733
54469739
54469747
54469769
54469787
54469817
54469823
54469837
54469841
54469843
54469847
54469867
54469871
54469897
54469907
54469937
54469939
54469973
54469991
54469997
54469999
54470027
54470071
54470083
54470107
54470113
54470123
54470147
54470153
54470183
54470201
54470219
54470231
54470249
54470267
54470291
54470387
54470399
54470453
54470477
54470501
54470527
54470539
54470543
54470569
54470573
54470599
54470639
54470651
54470653
54470677
54470687
54470707
54470749
54470761
54470797
54470821
54470827
54470833
54470861
54470869
54470879
54470881
54470917
54470959
54470971
54471013
54471023
54471031
54471037
54471041
54471089
54471097
54471113
54471139
54471143
54471161
54471169
54471173
54471191
54471217
54471229
54471259
54471269
54471343
54471377
54471419
54471457
54471467
54471479
54471563
54471581
54471607
54471617
54471629
54471643
54471647
54471671
54471679
54471701
54471709
54471721
54471749
54471779
54471787
54471799
54471811
54471853
54471869
54471877
54471899
54471913
54471953
54471979
54471983
54471997
54472007
54472021
54472037
54472039
54472043
54472057
54472079
54472081
54472091
54472109
54472111
54472133
54472141
54472151
54472157
54472189
54472213
54472217
54472219
54472247
54472261
54472277
54472307
54472321
54472351
54472367
54472391
54472409
54472421
54472447
54472501
54472511
54472519
54472531
54472543
54472553
54472567
54472591
54472597
54472657
54472669
54472681
54472687
54472697
54472721
54472727
54472741
54472751
54472783
54472793
54472799
54472841
54472853
54472861
54472909
54472919
54472927
54472931
54472937
54472973
54473011
54473021
54473071
54473087
54473123
54473137
54473147
54473173
54473197
54473203
54473227
54473233
54473249
54473267
54473273
54473299
54473327
54473333
54473359
54473369
54473371
54473387
54473411
54473431
54473467
54473477
54473501
54473519
54473533
54473537
54473539
54473557
54473567
54473609
54473633
54473641
54473651
54473669
54473677
54473693
54473701
54473711
54473717
54473723
54473759
54473761
54473767
54473791
54473801
54473843
54473869
54473891
54473911
54473957
54473999
54474019
54474029
54474041
54474073
54474107
54474109
54474113
54474127
54474131
54474139
54474157
54474179
54474181
54474221
54474229
54474241
54474247
54474257
54474271
54474293
54474377
54474389
54474391
54474439
54474479
54474481
54474487
54474509
54474547
54474559
54474569
54474583
54474599
54474601
54474611
54474631
54474659
54474661
54474671
54474689
54474697
54474709
54474727
54474733
54474737
54474751
54474793
54474799
54474811
54474839
54474859
54474869
54474887
54474907
54474929
54474943
54474961
54474983
54474997
54475007
54475049
54475051
54475081
54475093
54475111
54475117
54475121
54475129
54475133
54475151
54475163
54475177
54475181
54475199
54475217
54475229
54475237
54475243
54475273
54475279
54475321
54475357
54475373
54475409
54475417
54475423
54475457
54475481
54475483
54475493
54475513
54475529
54475537
54475541
54475549
54475579
54475583
54475609
54475613
54475621
54475627
54475643
54475657
54475691
54475697
54475709
54475723
54475763
54475781
54475783
54475787
54475801
54475807
54475843
54475847
54475859
54475873
54475919
54476011
54476027
54476047
54476053
54476063
54476069
54476087
54476131
54476179
54476183
54476189
54476197
54476221
54476231
54476263
54476299
54476341
54476353
54476371
54476377
54476407
54476417
54476419
54476437
54476441
54476467
54476479
54476491
54476497
54476507
54476519
54476531
54476533
54476537
54476549
54476557
54476563
54476567
54476573
54476593
54476603
54476663
54476671
54476689
54476693
54476707
54476731
54476749
54476791
54476797
54476833
54476861
54476867
54476881
54476887
54476897
54476909
54476911
54476923
54476953
54476977
54476999
54477011
54477037
54477083
54477103
54477121
54477139
54477221
54477223
54477239
54477257
54477263
54477287
54477289
54477301
54477307
54477343
54477347
54477349
54477361
54477383
54477391
54477403
54477419
54477439
54477443
54477461
54477487
54477551
54477581
54477583
54477589
54477623
54477671
54477677
54477679
54477691
54477721
54477733
54477737
54477779
54477781
54477811
54477817
54477851
54477859
54477893
54477919
54477937
54477953
54477967
54477977
54478001
54478003
54478009
54478027
54478031
54478051
54478079
54478093
54478133
54478139
54478141
54478147
54478199
54478201
54478213
54478241
54478247
54478271
54478331
54478337
54478343
54478351
54478427
54478441
54478469
54478477
54478481
54478483
54478493
54478507
54478511
54478519
54478537
54478547
54478553
54478607
54478621
54478631
54478649
54478667
54478679
54478691
54478703
54478751
54478777
54478783
54478813
54478817
54478841
54478861
54478877
54478901
54478903
54478913
54478933
54478961
54478967
54478993
54479011
54479021
54479041
54479053
54479057
54479077
54479093
54479129
54479141
54479143
54479147
54479153
54479171
54479179
54479263
54479273
54479279
54479287
54479297
54479309
54479351
54479357
54479377
54479417
54479419
54479443
54479449
54479473
54479483
54479489
54479497
54479519
54479531
54479561
54479563
54479587
54479591
54479599
54479609
54479629
54479641
54479647
54479657
54479671
54479683
54479701
54479731
54479749
54479767
54479779
54479807
54479851
54479861
54479863
54479869
54479881
54479921
54479941
54479959
54479969
54479977
54479981
54479987
54479993
54480017
54480037
54480061
54480073
54480089
54480091
54480109
54480143
54480199
54480229
54480247
54480253
54480263
54480329
54480337
54480373
54480383
54480389
54480401
54480407
54480421
54480463
54480469
54480497
54480499
54480521
54480523
54480551
54480553
54480593
54480599
54480623
54480667
54480683
54480737
54480749
54480757
54480773
54480779
54480791
54480799
54480817
54480851
54480887
54480889
54480893
54480901
54480913
54480973
54481003
54481033
54481061
54481067
54481079
54481081
54481099
54481103
54481109
54481121
54481127
54481139
54481153
54481157
54481159
54481199
54481213
54481223
54481237
54481241
54481321
54481327
54481351
54481363
54481373
54481381
54481393
54481409
54481421
54481451
54481463
54481513
54481529
54481561
54481571
54481577
54481591
54481613
54481627
54481681
54481703
54481709
54481711
54481727
54481741
54481751
54481769
54481771
54481783
54481811
54481853
54481859
54481877
54481879
54481891
54481897
54481909
54481919
54481937
54481943
54481951
54481969
54481993
54481997
54482069
54482081
54482117
54482137
54482149
54482171
54482203
54482209
54482231
54482237
54482249
54482257
54482287
54482293
54482303
54482321
54482341
54482359
54482411
54482413
54482437
54482459
54482509
54482513
54482539
54482551
54482573
54482609
54482621
54482627
54482647
54482651
54482657
54482683
54482693
54482707
54482711
54482713
54482719
54482723
54482731
54482737
54482741
54482749
54482761
54482803
54482819
54482839
54482843
54482867
54482927
54482933
54482947
54482957
54482963
54482969
54482999
54483001
54483017
54483029
54483043
54483049
54483071
54483097
54483101
54483103
54483139
54483161
54483173
54483211
54483259
54483263
54483269
54483271
54483281
54483287
54483307
54483313
54483329
54483347
54483361
54483391
54483421
54483433
54483439
54483463
54483467
54483479
54483493
54483497
54483503
54483551
54483557
54483571
54483577
54483581
54483617
54483641
54483661
54483673
54483677
54483703
54483731
54483799
54483809
54483829
54483839
54483901
54483907
54483911
54483959
54483983
54483991
54484007
54484057
54484097
54484103
54484169
54484187
54484237
54484259
54484277
54484291
54484307
54484351
54484357
54484373
54484393
54484399
54484403
54484429
54484433
54484459
54484471
54484511
54484513
54484537
54484589
54484607
54484627
54484637
54484657
54484663
54484673
54484679
54484687
54484693
54484697
54484709
54484733
54484739
54484751
54484783
54484811
54484817
54484819
54484853
54484867
54484879
54484883
54484889
54484931
54484943
54484961
54484967
54484987
54485021
54485033
54485059
54485077
54485089
54485099
54485107
54485111
54485117
54485131
54485213
54485237
54485239
54485243
54485281
54485297
54485303
54485371
54485381
54485393
54485411
54485441
54485443
54485477
54485513
54485573
54485591
54485609
54485621
54485633
54485647
54485657
54485671
54485699
54485713
54485797
54485839
54485911
54485917
54485929
54485933
54485947
54485953
54486013
54486017
54486043
54486049
54486079
54486119
54486137
54486151
54486239
54486269
54486283
54486293
54486317
54486337
54486349
54486391
54486401
54486403
54486413
54486427
54486449
54486463
54486473
54486493
54486511
54486521
54486527
54486529
54486541
54486557
54486587
54486613
54486617
54486631
54486637
54486659
54486671
54486713
54486763
54486781
54486787
54486791
54486821
54486863
54486877
54486881
54486907
54486917
54486919
54486941
54486953
54486979
54486983
54486997
54487001
54487019
54487049
54487061
54487067
54487087
54487123
54487129
54487157
54487187
54487211
54487219
54487249
54487271
54487291
54487297
54487333
54487337
54487343
54487351
54487361
54487369
54487399
54487403
54487409
54487427
54487441
54487453
54487463
54487501
54487507
54487513
54487541
54487547
54487571
54487577
54487603
54487613
54487627
54487633
54487637
54487663
54487679
54487681
54487733
54487789
54487819
54487859
54487871
54487879
54487883
54487891
54487913
54487921
54487933
54487957
54487963
54487967
54487981
54488011
54488039
54488041
54488053
54488069
54488107
54488113
54488131
54488167
54488183
54488191
54488201
54488209
54488233
54488237
54488243
54488249
54488251
54488321
54488327
54488407
54488411
54488431
54488437
54488459
54488471
54488491
54488503
54488507
54488513
54488521
54488527
54488563
54488579
54488597
54488617
54488627
54488641
54488659
54488663
54488699
54488701
54488747
54488761
54488807
54488809
54488843
54488867
54488897
54488923
54488963
54488971
54488977
54488983
54488989
54489007
54489011
54489013
54489031
54489059
54489067
54489073
54489077
54489079
54489101
54489109
54489137
54489143
54489167
54489179
54489181
54489187
54489191
54489217
54489221
54489257
54489263
54489269
54489311
54489313
54489343
54489349
54489367
54489373
54489389
54489467
54489469
54489499
54489527
54489541
54489563
54489571
54489577
54489593
54489623
54489629
54489647
54489649
54489667
54489703
54489713
54489727
54489733
54489751
54489763
54489767
54489769
54489791
54489797
54489871
54489881
54489887
54489893
54489907
54489917
54489923
54489949
54489991
54490031
54490063
54490087
54490103
54490127
54490133
54490153
54490211
54490237
54490291
54490297
54490349
54490361
54490369
54490393
54490439
54490459
54490463
54490477
54490481
54490547
54490549
54490567
54490573
54490577
54490607
54490619
54490633
54490649
54490663
54490679
54490691
54490697
54490717
54490757
54490759
54490771
54490781
54490789
54490829
54490859
54490871
54490883
54490897
54490903
54490921
54490937
54490951
54490957
54490981
54491023
54491027
54491039
54491057
54491113
54491147
54491159
54491201
54491207
54491231
54491249
54491251
54491257
54491263
54491287
54491291
54491351
54491357
54491387
54491401
54491413
54491431
54491447
54491461
54491467
54491497
54491527
54491539
54491543
54491581
54491603
54491627
54491641
54491663
54491693
54491699
54491711
54491729
54491737
54491743
54491771
54491779
54491803
54491821
54491873
54491903
54491917
54491923
54491929
54491947
54491951
54491977
54491989
54492001
54492007
54492071
54492121
54492143
54492149
54492167
54492169
54492173
54492181
54492187
54492283
54492289
54492299
54492311
54492331
54492343
54492371
54492377
54492419
54492439
54492443
54492461
54492469
54492509
54492517
54492523
54492539
54492547
54492553
54492583
54492619
54492629
54492643
54492673
54492679
54492733
54492743
54492793
54492797
54492799
54492847
54492863
54492877
54492887
54492899
54492901
54492917
54492923
54492929
54492937
54492941
54492959
54492961
54492989
54493027
54493039
54493051
54493073
54493081
54493091
54493099
54493151
54493181
54493183
54493189
54493199
54493207
54493247
54493253
54493301
54493343
54493367
54493391
54493399
54493409
54493429
54493433
54493447
54493451
54493457
54493471
54493477
54493499
54493519
54493529
54493547
54493553
54493559
54493573
54493583
54493589
54493591
54493597
54493627
54493643
54493651
54493667
54493717
54493723
54493741
54493793
54493799
54493837
54493853
54493867
54493897
54493903
54493909
54493913
54493927
54493931
54493949
54493973
54493979
54494003
54494039
54494047
54494053
54494087
54494117
54494119
54494173
54494179
54494189
54494203
54494221
54494233
54494257
54494263
54494267
54494269
54494317
54494327
54494329
54494339
54494357
54494369
54494381
54494399
54494423
54494467
54494471
54494477
54494483
54494491
54494549
54494579
54494591
54494593
54494597
54494623
54494633
54494647
54494663
54494669
54494677
54494689
54494711
54494743
54494749
54494767
54494773
54494833
54494849
54494887
54494897
54494929
54494933
54494953
54494959
54494963
54494989
54495017
54495019
54495029
54495113
54495121
54495131
54495163
54495169
54495197
54495229
54495253
54495277
54495293
54495307
54495317
54495361
54495373
54495383
54495403
54495407
54495431
54495443
54495451
54495457
54495461
54495481
54495521
54495541
54495583
54495587
54495619
54495647
54495653
54495697
54495731
54495733
54495751
54495757
54495769
54495803
54495811
54495823
54495839
54495851
54495871
54495899
54495907
54495937
54495943
54496019
54496021
54496037
54496061
54496073
54496087
54496103
54496129
54496147
54496157
54496159
54496207
54496217
54496261
54496283
54496319
54496327
54496331
54496411
54496433
54496483
54496487
54496501
54496511
54496549
54496567
54496573
54496583
54496619
54496627
54496633
54496639
54496643
54496657
54496669
54496681
54496691
54496709
54496727
54496751
54496753
54496777
54496787
54496801
54496837
54496847
54496861
54496889
54496891
54496901
54496907
54496927
54496961
54496969
54496987
54496993
54496999
54497011
54497029
54497033
54497059
54497071
54497083
54497117
54497129
54497141
54497147
54497161
54497167
54497171
54497173
54497203
54497213
54497227
54497239
54497243
54497251
54497269
54497279
54497309
54497321
54497329
54497353
54497357
54497363
54497407
54497423
54497431
54497447
54497483
54497507
54497519
54497549
54497579
54497623
54497647
54497687
54497743
54497747
54497749
54497789
54497797
54497851
54497881
54497893
54497921
54497923
54497951
54497977
54497987
54497999
54498007
54498013
54498089
54498097
54498133
54498149
54498179
54498181
54498187
54498211
54498253
54498263
54498313
54498317
54498319
54498331
54498343
54498377
54498397
54498401
54498419
54498443
54498449
54498487
54498533
54498539
54498571
54498581
54498599
54498601
54498607
54498623
54498637
54498659
54498683
54498733
54498739
54498749
54498757
54498781
54498791
54498797
54498809
54498811
54498827
54498853
54498863
54498869
54498901
54498929
54498943
54498971
54499001
54499009
54499031
54499037
54499069
54499141
54499157
54499199
54499217
54499219
54499223
54499241
54499243
54499279
54499301
54499307
54499321
54499337
54499339
54499349
54499369
54499427
54499441
54499451
54499453
54499507
54499513
54499517
54499553
54499579
54499583
54499589
54499663
54499667
54499693
54499699
54499703
54499717
54499723
54499747
54499759
54499777
54499789
54499801
54499817
54499843
54499859
54499871
54499889
54499937
54499957
54499969
54499979
54499987
54499993
54500003
54500009
54500021
54500053
54500071
54500099
54500123
54500137
54500183
54500197
54500219
54500269
54500273
54500291
54500293
54500321
54500339
54500353
54500429
54500447
54500461
54500471
54500473
54500489
54500491
54500503
54500507
54500543
54500561
54500591
54500597
54500627
54500629
54500659
54500669
54500671
54500687
54500689
54500707
54500713
54500717
54500753
54500783
54500791
54500839
54500857
54500863
54500879
54500891
54500893
54500899
54500921
54500959
54500993
54501017
54501023
54501047
54501049
54501061
54501067
54501079
54501103
54501127
54501149
54501151
54501163
54501173
54501229
54501241
54501257
54501281
54501287
54501311
54501347
54501373
54501449
54501479
54501509
54501563
54501571
54501589
54501613
54501637
54501647
54501661
54501673
54501679
54501691
54501739
54501757
54501763
54501773
54501787
54501791
54501793
54501803
54501857
54501859
54501877
54501883
54501901
54501907
54501913
54501919
54501947
54501959
54501961
54501977
54502009
54502043
54502067
54502081
54502103
54502109
54502117
54502139
54502159
54502171
54502183
54502207
54502211
54502213
54502237
54502271
54502297
54502313
54502321
54502333
54502351
54502361
54502373
54502379
54502381
54502417
54502421
54502429
54502453
54502471
54502477
54502501
54502519
54502577
54502579
54502589
54502597
54502601
54502627
54502649
54502699
54502711
54502727
54502729
54502741
54502753
54502757
54502769
54502771
54502781
54502783
54502807
54502831
54502837
54502871
54502879
54502907
54502909
54502979
54503047
54503051
54503069
54503083
54503089
54503117
54503129
54503143
54503147
54503149
54503159
54503219
54503237
54503269
54503279
54503287
54503291
54503297
54503311
54503321
54503329
54503357
54503359
54503387
54503401
54503413
54503417
54503459
54503461
54503507
54503563
54503573
54503587
54503651
54503671
54503677
54503699
54503737
54503773
54503783
54503807
54503821
54503851
54503861
54503873
54503881
54503893
54503947
54503959
54503993
54504001
54504017
54504019
54504041
54504053
54504113
54504143
54504167
54504221
54504239
54504257
54504269
54504283
54504287
54504301
54504313
54504323
54504337
54504341
54504361
54504371
54504379
54504389
54504419
54504421
54504449
54504451
54504467
54504481
54504487
54504493
54504497
54504557
54504563
54504599
54504643
54504649
54504661
54504677
54504679
54504683
54504719
54504761
54504763
54504767
54504773
54504797
54504799
54504803
54504841
54504847
54504859
54504869
54504893
54504899
54504943
54504973
54505001
54505057
54505063
54505093
54505109
54505117
54505133
54505141
54505159
54505177
54505183
54505189
54505229
54505249
54505273
54505279
54505303
54505307
54505333
54505343
54505379
54505387
54505393
54505411
54505421
54505447
54505453
54505459
54505489
54505499
54505511
54505531
54505537
54505573
54505579
54505589
54505601
54505603
54505609
54505613
54505637
54505681
54505691
54505697
54505721
54505727
54505729
54505747
54505751
54505771
54505799
54505817
54505823
54505831
54505873
54505903
54505909
54505937
54505939
54505973
54505981
54505999
54506009
54506027
54506047
54506077
54506093
54506099
54506119
54506141
54506149
54506197
54506201
54506219
54506237
54506239
54506273
54506281
54506311
54506357
54506363
54506371
54506429
54506447
54506483
54506533
54506561
54506581
54506593
54506597
54506609
54506623
54506633
54506653
54506657
54506677
54506701
54506713
54506719
54506723
54506731
54506741
54506783
54506791
54506797
54506807
54506819
54506821
54506827
54506857
54506861
54506869
54506891
54506899
54506911
54506927
54506939
54506971
54506989
54506993
54507023
54507041
54507053
54507073
54507121
54507127
54507137
54507139
54507149
54507157
54507239
54507251
54507259
54507293
54507337
54507353
54507361
54507367
54507403
54507407
54507413
54507433
54507437
54507473
54507487
54507499
54507547
54507571
54507577
54507589
54507611
54507613
54507647
54507653
54507671
54507701
54507707
54507721
54507727
54507743
54507757
54507767
54507811
54507821
54507851
54507853
54507857
54507883
54507931
54507977
54507989
54507991
54508007
54508021
54508031
54508033
54508039
54508061
54508063
54508117
54508163
54508211
54508217
54508241
54508243
54508247
54508249
54508291
54508303
54508309
54508339
54508343
54508357
54508361
54508369
54508381
54508417
54508427
54508451
54508457
54508463
54508469
54508481
54508513
54508523
54508529
54508537
54508541
54508547
54508561
54508567
54508607
54508609
54508621
54508627
54508631
54508651
54508679
54508691
54508697
54508723
54508793
54508799
54508801
54508843
54508847
54508871
54508877
54508889
54508921
54508933
54508957
54508997
54509033
54509083
54509087
54509111
54509113
54509137
54509141
54509159
54509167
54509197
54509209
54509219
54509227
54509239
54509243
54509261
54509269
54509303
54509311
54509317
54509321
54509341
54509401
54509431
54509437
54509449
54509467
54509489
54509491
54509527
54509549
54509551
54509579
54509591
54509593
54509597
54509603
54509629
54509639
54509657
54509677
54509683
54509711
54509723
54509729
54509771
54509773
54509809
54509827
54509831
54509849
54509857
54509867
54509899
54509909
54509933
54509953
54509963
54510019
54510067
54510089
54510091
54510119
54510133
54510151
54510163
54510173
54510193
54510233
54510241
54510251
54510257
54510263
54510289
54510301
54510317
54510319
54510331
54510349
54510359
54510367
54510371
54510383
54510389
54510413
54510419
54510439
54510451
54510457
54510479
54510497
54510527
54510539
54510569
54510629
54510641
54510671
54510697
54510719
54510739
54510751
54510767
54510787
54510817
54510839
54510887
54510893
54510899
54510901
54510961
54510979
54510983
54510991
54511001
54511033
54511063
54511073
54511091
54511109
54511123
54511139
54511153
54511157
54511159
54511201
54511207
54511243
54511253
54511273
54511277
54511291
54511297
54511307
54511309
54511337
54511351
54511393
54511409
54511421
54511433
54511439
54511441
54511447
54511451
54511463
54511511
54511519
54511529
54511531
54511559
54511579
54511603
54511631
54511643
54511651
54511697
54511711
54511727
54511729
54511739
54511757
54511759
54511763
54511777
54511783
54511789
54511861
54511901
54511903
54511913
54511939
54511957
54511987
54511999
54512011
54512021
54512027
54512039
54512041
54512053
54512069
54512077
54512119
54512131
54512147
54512173
54512179
54512191
54512207
54512209
54512221
54512243
54512267
54512281
54512287
54512303
54512321
54512333
54512363
54512371
54512377
54512389
54512399
54512407
54512413
54512417
54512429
54512453
54512509
54512537
54512543
54512551
54512561
54512587
54512597
54512611
54512651
54512681
54512699
54512701
54512719
54512723
54512743
54512749
54512771
54512807
54512851
54512867
54512869
54512879
54512893
54512917
54512959
54512977
54512981
54512993
54513001
54513007
54513023
54513031
54513047
54513049
54513061
54513083
54513089
54513103
54513113
54513131
54513133
54513163
54513191
54513209
54513233
54513241
54513257
54513269
54513281
54513317
54513341
54513343
54513367
54513419
54513439
54513449
54513461
54513493
54513497
54513517
54513523
54513541
54513583
54513623
54513629
54513647
54513659
54513661
54513671
54513689
54513721
54513727
54513731
54513743
54513751
54513757
54513773
54513787
54513821
54513827
54513847
54513863
54513923
54513929
54513961
54513967
54513973
54514001
54514073
54514079
54514091
54514093
54514099
54514127
54514139
54514169
54514177
54514181
54514199
54514217
54514237
54514241
54514247
54514303
54514309
54514321
54514331
54514333
54514351
54514367
54514373
54514381
54514433
54514451
54514463
54514489
54514513
54514517
54514571
54514589
54514601
54514613
54514673
54514739
54514763
54514787
54514799
54514883
54514891
54514909
54514919
54514931
54514939
54514951
54514961
54514969
54515003
54515017
54515033
54515051
54515059
54515089
54515101
54515189
54515191
54515203
54515213
54515231
54515269
54515303
54515309
54515317
54515339
54515341
54515353
54515371
54515387
54515401
54515423
54515431
54515449
54515471
54515473
54515477
54515491
54515507
54515509
54515533
54515551
54515557
54515567
54515569
54515599
54515603
54515633
54515653
54515663
54515683
54515687
54515729
54515759
54515771
54515779
54515789
54515801
54515831
54515899
54515917
54515927
54515947
54516013
54516017
54516041
54516047
54516053
54516067
54516071
54516079
54516089
54516107
54516151
54516157
54516167
54516169
54516173
54516191
54516211
54516223
54516227
54516239
54516247
54516251
54516289
54516299
54516323
54516353
54516361
54516367
54516373
54516379
54516391
54516439
54516443
54516461
54516479
54516487
54516499
54516541
54516551
54516571
54516599
54516611
54516613
54516629
54516653
54516659
54516661
54516673
54516697
54516727
54516751
54516797
54516809
54516811
54516881
54516883
54516887
54516893
54516899
54516907
54516929
54516953
54516961
54516989
54517009
54517037
54517063
54517069
54517081
54517087
54517097
54517109
54517117
54517123
54517157
54517159
54517171
54517193
54517207
54517219
54517223
54517237
54517259
54517261
54517271
54517273
54517301
54517387
54517409
54517427
54517433
54517439
54517447
54517457
54517459
54517511
54517523
54517531
54517537
54517543
54517553
54517559
54517571
54517627
54517649
54517693
54517717
54517721
54517733
54517739
54517753
54517777
54517807
54517811
54517817
54517819
54517873
54517901
54517907
54517913
54517921
54517943
54517993
54518033
54518063
54518077
54518089
54518111
54518117
54518141
54518143
54518147
54518159
54518197
54518207
54518213
54518251
54518287
54518293
54518311
54518327
54518329
54518333
54518351
54518357
54518377
54518389
54518393
54518417
54518459
54518461
54518531
54518549
54518551
54518573
54518593
54518599
54518617
54518623
54518627
54518683
54518693
54518707
54518741
54518749
54518759
54518767
54518837
54518839
54518851
54518861
54518897
54518899
54518903
54518909
54518911
54518929
54518939
54518963
54518977
54519001
54519011
54519029
54519061
54519071
54519077
54519097
54519103
54519121
54519133
54519137
54519149
54519161
54519193
54519197
54519203
54519229
54519251
54519277
54519281
54519317
54519329
54519331
54519337
54519343
54519347
54519373
54519383
54519397
54519403
54519419
54519461
54519467
54519469
54519503
54519533
54519541
54519581
54519589
54519593
54519601
54519617
54519631
54519649
54519691
54519701
54519713
54519749
54519757
54519763
54519779
54519781
54519809
54519841
54519847
54519851
54519889
54519893
54519931
54519937
54519967
54520013
54520019
54520021
54520027
54520043
54520049
54520057
54520073
54520157
54520159
54520171
54520181
54520183
54520217
54520231
54520267
54520303
54520313
54520337
54520339
54520363
54520391
54520393
54520399
54520409
54520439
54520451
54520469
54520471
54520483
54520489
54520523
54520553
54520567
54520577
54520607
54520619
54520643
54520663
54520691
54520733
54520769
54520771
54520813
54520859
54520867
54520877
54520883
54520891
54520903
54520913
54520933
54520951
54520967
54520969
54520979
54520993
54520997
54521003
54521009
54521029
54521039
54521041
54521053
54521059
54521083
54521107
54521143
54521161
54521167
54521177
54521191
54521197
54521209
54521237
54521287
54521303
54521309
54521321
54521323
54521333
54521353
54521359
54521399
54521407
54521443
54521447
54521449
54521459
54521497
54521501
54521503
54521543
54521557
54521563
54521573
54521581
54521603
54521611
54521639
54521641
54521651
54521657
54521693
54521699
54521713
54521791
54521813
54521837
54521843
54521869
54521881
54521897
54521933
54521947
54521977
54521981
54522007
54522011
54522019
54522037
54522049
54522071
54522101
54522103
54522109
54522131
54522133
54522173
54522197
54522203
54522217
54522239
54522241
54522253
54522257
54522263
54522269
54522289
54522317
54522337
54522341
54522427
54522463
54522467
54522487
54522539
54522547
54522577
54522607
54522619
54522623
54522631
54522641
54522649
54522653
54522659
54522683
54522701
54522703
54522709
54522737
54522763
54522779
54522821
54522823
54522841
54522847
54522851
54522883
54522887
54522899
54522901
54522953
54522967
54522971
54522977
54522991
54522997
54523009
54523013
54523019
54523031
54523057
54523109
54523121
54523129
54523151
54523159
54523169
54523181
54523187
54523201
54523211
54523247
54523253
54523279
54523349
54523373
54523453
54523457
54523463
54523487
54523499
54523519
54523523
54523529
54523543
54523561
54523577
54523589
54523621
54523643
54523649
54523657
54523687
54523717
54523747
54523751
54523753
54523757
54523759
54523769
54523789
54523801
54523817
54523831
54523837
54523841
54523867
54523933
54523943
54523949
54523979
54523999
54524003
54524011
54524023
54524039
54524047
54524087
54524149
54524153
54524161
54524177
54524189
54524203
54524207
54524221
54524251
54524291
54524293
54524339
54524359
54524369
54524401
54524419
54524447
54524453
54524461
54524489
54524507
54524531
54524537
54524539
54524549
54524551
54524581
54524677
54524681
54524713
54524759
54524803
54524809
54524849
54524857
54524867
54524879
54524887
54524891
54524893
54524971
54524993
54525067
54525071
54525077
54525109
54525131
54525197
54525199
54525223
54525259
54525271
54525281
54525283
54525301
54525313
54525319
54525323
54525329
54525347
54525353
54525371
54525389
54525407
54525431
54525451
54525467
54525473
54525487
54525517
54525533
54525547
54525623
54525631
54525661
54525689
54525701
54525719
54525733
54525803
54525841
54525871
54525881
54525899
54525907
54525917
