52101131
52101167
52101193
52101227
52101229
52101253
52101271
52101293
52101299
52101323
52101367
52101373
52101383
52101391
52101409
52101419
52101431
52101437
52101443
52101457
52101473
52101479
52101499
52101523
52101541
52101547
52101551
52101559
52101571
52101589
52101593
52101613
52101631
52101649
52101653
52101683
52101691
52101799
52101811
52101817
52101823
52101871
52101887
52101911
52101913
52101937
52101941
52101953
52102007
52102013
52102049
52102051
52102147
52102151
52102157
52102181
52102187
52102201
52102207
52102213
52102243
52102247
52102261
52102277
52102279
52102307
52102319
52102321
52102361
52102387
52102423
52102459
52102471
52102507
52102511
52102543
52102553
52102571
52102573
52102577
52102591
52102619
52102643
52102663
52102679
52102727
52102741
52102753
52102811
52102849
52102861
52102867
52102873
52102891
52102961
52102979
52103039
52103063
52103101
52103131
52103189
52103209
52103231
52103237
52103243
52103291
52103297
52103299
52103309
52103321
52103327
52103341
52103347
52103371
52103383
52103393
52103407
52103449
52103461
52103483
52103489
52103501
52103507
52103539
52103561
52103587
52103599
52103641
52103651
52103663
52103687
52103729
52103767
52103789
52103791
52103797
52103801
52103819
52103837
52103867
52103869
52103873
52103879
52103911
52103921
52103983
52103999
52104001
52104037
52104047
52104049
52104053
52104067
52104077
52104113
52104161
52104179
52104191
52104193
52104233
52104253
52104259
52104293
52104307
52104319
52104323
52104343
52104373
52104379
52104383
52104389
52104391
52104401
52104421
52104443
52104449
52104463
52104487
52104491
52104497
52104571
52104589
52104601
52104607
52104641
52104667
52104709
52104719
52104733
52104757
52104763
52104781
52104791
52104889
52104907
52104911
52104929
52104937
52104971
52104977
52104979
52105007
52105019
52105021
52105043
52105061
52105099
52105127
52105129
52105147
52105171
52105177
52105231
52105237
52105241
52105259
52105279
52105303
52105309
52105337
52105343
52105367
52105397
52105399
52105439
52105453
52105457
52105481
52105483
52105523
52105541
52105589
52105601
52105609
52105661
52105727
52105759
52105763
52105777
52105811
52105819
52105831
52105841
52105849
52105883
52105891
52105931
52105997
52106053
52106059
52106083
52106143
52106147
52106149
52106177
52106179
52106183
52106209
52106269
52106279
52106281
52106287
52106297
52106311
52106347
52106357
52106387
52106401
52106413
52106419
52106423
52106437
52106491
52106501
52106507
52106521
52106611
52106623
52106689
52106711
52106729
52106731
52106783
52106807
52106837
52106843
52106863
52106867
52106869
52106893
52106903
52106917
52106947
52106959
52106963
52106969
52107017
52107037
52107047
52107049
52107053
52107059
52107071
52107073
52107103
52107119
52107127
52107149
52107163
52107191
52107199
52107217
52107221
52107239
52107241
52107247
52107257
52107281
52107323
52107331
52107337
52107353
52107371
52107379
52107383
52107449
52107457
52107479
52107487
52107493
52107511
52107541
52107563
52107571
52107589
52107593
52107599
52107607
52107613
52107637
52107641
52107647
52107661
52107667
52107697
52107733
52107743
52107749
52107763
52107779
52107791
52107793
52107817
52107821
52107859
52107863
52107883
52107889
52107893
52107901
52107919
52107943
52107947
52107967
52107971
52108019
52108061
52108079
52108081
52108093
52108123
52108129
52108141
52108159
52108183
52108201
52108211
52108229
52108261
52108267
52108291
52108351
52108367
52108373
52108403
52108411
52108471
52108493
52108517
52108523
52108541
52108559
52108601
52108619
52108681
52108687
52108717
52108739
52108769
52108831
52108871
52108873
52108879
52108883
52108891
52108897
52108907
52108937
52108949
52108951
52108957
52108993
52108997
52109011
52109023
52109033
52109051
52109069
52109081
52109093
52109117
52109137
52109147
52109149
52109173
52109203
52109231
52109251
52109257
52109287
52109297
52109327
52109333
52109341
52109353
52109377
52109383
52109413
52109423
52109429
52109459
52109479
52109489
52109501
52109509
52109531
52109537
52109581
52109587
52109597
52109599
52109623
52109627
52109671
52109683
52109689
52109711
52109741
52109819
52109821
52109843
52109867
52109917
52109923
52109929
52109933
52109983
52110001
52110007
52110011
52110017
52110067
52110073
52110089
52110133
52110137
52110143
52110161
52110167
52110181
52110197
52110209
52110229
52110239
52110241
52110257
52110271
52110283
52110313
52110337
52110353
52110427
52110439
52110449
52110469
52110493
52110497
52110503
52110547
52110577
52110589
52110599
52110677
52110701
52110703
52110719
52110731
52110781
52110809
52110823
52110833
52110841
52110853
52110857
52110859
52110869
52110871
52110923
52110931
52110953
52110991
52111009
52111027
52111039
52111067
52111079
52111097
52111121
52111127
52111159
52111177
52111201
52111223
52111229
52111237
52111259
52111271
52111277
52111291
52111361
52111379
52111393
52111417
52111421
52111427
52111439
52111441
52111447
52111453
52111513
52111519
52111523
52111531
52111559
52111567
52111621
52111643
52111663
52111679
52111687
52111711
52111723
52111727
52111757
52111771
52111777
52111793
52111831
52111841
52111907
52111921
52111937
52111957
52111963
52111967
52111973
52111979
52111981
52111991
52111993
52112017
52112029
52112057
52112059
52112069
52112077
52112111
52112119
52112149
52112161
52112171
52112219
52112251
52112257
52112261
52112267
52112279
52112299
52112311
52112339
52112381
52112387
52112393
52112407
52112419
52112443
52112447
52112461
52112513
52112521
52112527
52112551
52112561
52112609
52112639
52112657
52112663
52112677
52112699
52112713
52112737
52112773
52112777
52112789
52112813
52112821
52112857
52112873
52112881
52112911
52112923
52112933
52112987
52112993
52113023
52113031
52113073
52113079
52113121
52113133
52113169
52113179
52113199
52113223
52113247
52113283
52113323
52113329
52113349
52113359
52113367
52113379
52113401
52113421
52113437
52113473
52113487
52113491
52113527
52113533
52113547
52113563
52113569
52113577
52113613
52113629
52113631
52113641
52113643
52113673
52113707
52113749
52113757
52113767
52113769
52113779
52113799
52113811
52113833
52113847
52113863
52113877
52113889
52113907
52113913
52113917
52113923
52113953
52113973
52113977
52114003
52114031
52114033
52114057
52114087
52114147
52114199
52114219
52114253
52114259
52114261
52114267
52114273
52114277
52114291
52114301
52114339
52114351
52114429
52114453
52114459
52114471
52114487
52114499
52114501
52114547
52114561
52114589
52114603
52114607
52114613
52114637
52114651
52114661
52114697
52114703
52114709
52114723
52114729
52114747
52114789
52114793
52114823
52114837
52114841
52114859
52114861
52114871
52114873
52114883
52114897
52114913
52114927
52114973
52115017
52115023
52115029
52115053
52115069
52115087
52115111
52115177
52115191
52115209
52115281
52115303
52115311
52115317
52115321
52115363
52115383
52115417
52115419
52115429
52115443
52115449
52115471
52115477
52115507
52115519
52115521
52115549
52115561
52115579
52115587
52115603
52115629
52115653
52115663
52115669
52115683
52115717
52115719
52115737
52115771
52115773
52115779
52115807
52115831
52115839
52115881
52115887
52115891
52115893
52115909
52115923
52115963
52115969
52115977
52115981
52116023
52116037
52116073
52116083
52116109
52116121
52116131
52116133
52116149
52116157
52116173
52116187
52116193
52116217
52116241
52116247
52116269
52116283
52116287
52116299
52116319
52116341
52116377
52116397
52116401
52116409
52116443
52116457
52116469
52116481
52116499
52116503
52116517
52116523
52116527
52116541
52116587
52116607
52116619
52116629
52116641
52116653
52116667
52116697
52116721
52116739
52116761
52116787
52116793
52116851
52116871
52116881
52116893
52116899
52116901
52116907
52116913
52116923
52116931
52116949
52117003
52117049
52117061
52117067
52117081
52117097
52117099
52117123
52117159
52117181
52117213
52117253
52117259
52117267
52117271
52117283
52117297
52117319
52117343
52117367
52117397
52117441
52117451
52117463
52117469
52117477
52117487
52117489
52117511
52117523
52117537
52117561
52117567
52117577
52117619
52117661
52117679
52117687
52117711
52117721
52117739
52117753
52117757
52117799
52117811
52117859
52117883
52117909
52117927
52117939
52117963
52117981
52117987
52117991
52117993
52117997
52118009
52118029
52118041
52118051
52118057
52118071
52118111
52118113
52118147
52118149
52118167
52118173
52118179
52118293
52118303
52118327
52118329
52118357
52118369
52118383
52118411
52118497
52118531
52118551
52118567
52118579
52118581
52118611
52118669
52118683
52118699
52118741
52118747
52118777
52118783
52118791
52118809
52118813
52118839
52118849
52118867
52118909
52118933
52118939
52118947
52118953
52118993
52118999
52119017
52119043
52119073
52119097
52119101
52119107
52119121
52119163
52119187
52119209
52119211
52119217
52119253
52119271
52119281
52119307
52119313
52119317
52119341
52119349
52119359
52119371
52119377
52119407
52119439
52119461
52119469
52119491
52119497
52119517
52119523
52119563
52119577
52119581
52119607
52119611
52119619
52119623
52119629
52119653
52119659
52119667
52119677
52119689
52119707
52119709
52119721
52119731
52119763
52119779
52119787
52119799
52119811
52119839
52119853
52119871
52119877
52119887
52119901
52119919
52119929
52119941
52119973
52119997
52120027
52120031
52120067
52120109
52120111
52120121
52120183
52120193
52120213
52120219
52120241
52120247
52120261
52120267
52120273
52120297
52120301
52120303
52120339
52120381
52120427
52120433
52120451
52120463
52120483
52120547
52120559
52120561
52120567
52120583
52120609
52120619
52120631
52120669
52120681
52120693
52120699
52120709
52120711
52120729
52120751
52120769
52120771
52120807
52120847
52120853
52120879
52120907
52120909
52120919
52120993
52121011
52121021
52121053
52121081
52121093
52121141
52121143
52121177
52121191
52121213
52121219
52121221
52121257
52121273
52121281
52121287
52121309
52121317
52121327
52121339
52121347
52121357
52121383
52121411
52121437
52121441
52121467
52121471
52121479
52121521
52121527
52121533
52121549
52121557
52121561
52121569
52121591
52121599
52121621
52121639
52121647
52121683
52121687
52121723
52121743
52121747
52121753
52121767
52121791
52121801
52121809
52121821
52121827
52121851
52121857
52121879
52121899
52121911
52121917
52121929
52121941
52121969
52121981
52121987
52122001
52122053
52122097
52122101
52122113
52122127
52122131
52122139
52122143
52122157
52122173
52122211
52122229
52122241
52122269
52122277
52122281
52122283
52122293
52122299
52122313
52122319
52122341
52122361
52122379
52122397
52122401
52122431
52122437
52122443
52122463
52122481
52122503
52122533
52122557
52122559
52122613
52122619
52122661
52122683
52122709
52122713
52122727
52122743
52122769
52122787
52122817
52122823
52122839
52122881
52122887
52122913
52122943
52122977
52122979
52122989
52123007
52123021
52123033
52123051
52123069
52123079
52123081
52123091
52123111
52123133
52123153
52123163
52123229
52123243
52123249
52123273
52123297
52123319
52123333
52123361
52123391
52123399
52123427
52123447
52123457
52123481
52123501
52123507
52123523
52123531
52123537
52123549
52123559
52123571
52123573
52123579
52123601
52123607
52123613
52123633
52123637
52123657
52123661
52123663
52123667
52123711
52123723
52123733
52123739
52123763
52123769
52123801
52123807
52123831
52123889
52123891
52123901
52123913
52123919
52123937
52123943
52123949
52123999
52124047
52124053
52124063
52124071
52124099
52124119
52124123
52124131
52124167
52124173
52124179
52124183
52124221
52124291
52124309
52124311
52124321
52124323
52124327
52124341
52124351
52124357
52124389
52124393
52124461
52124491
52124531
52124537
52124549
52124591
52124641
52124651
52124659
52124711
52124713
52124717
52124797
52124827
52124837
52124843
52124851
52124879
52124903
52124929
52124951
52124957
52125001
52125011
52125019
52125053
52125067
52125083
52125089
52125091
52125097
52125103
52125121
52125149
52125169
52125187
52125197
52125221
52125251
52125257
52125277
52125287
52125301
52125317
52125319
52125323
52125347
52125373
52125389
52125401
52125407
52125427
52125433
52125439
52125449
52125461
52125467
52125523
52125527
52125599
52125617
52125629
52125641
52125677
52125691
52125707
52125739
52125767
52125779
52125793
52125803
52125809
52125833
52125907
52125937
52125947
52125959
52125971
52125989
52125991
52126031
52126049
52126051
52126057
52126069
52126099
52126103
52126117
52126133
52126153
52126157
52126163
52126169
52126223
52126271
52126273
52126289
52126339
52126357
52126379
52126381
52126387
52126409
52126423
52126429
52126439
52126483
52126493
52126511
52126517
52126537
52126541
52126553
52126577
52126589
52126631
52126639
52126661
52126663
52126667
52126681
52126693
52126699
52126721
52126727
52126729
52126741
52126759
52126771
52126783
52126799
52126801
52126813
52126829
52126831
52126847
52126853
52126897
52126909
52126933
52126939
52126951
52126979
52127017
52127029
52127057
52127087
52127093
52127099
52127107
52127111
52127171
52127189
52127197
52127209
52127221
52127227
52127261
52127263
52127293
52127303
52127323
52127347
52127353
52127357
52127401
52127417
52127437
52127443
52127447
52127477
52127479
52127483
52127519
52127521
52127533
52127539
52127549
52127557
52127609
52127617
52127623
52127633
52127657
52127701
52127707
52127711
52127717
52127731
52127737
52127741
52127749
52127759
52127813
52127837
52127839
52127861
52127879
52127891
52127893
52127921
52127927
52127947
52127951
52127953
52127983
52128017
52128031
52128047
52128049
52128061
52128073
52128107
52128113
52128119
52128127
52128149
52128151
52128161
52128163
52128247
52128259
52128287
52128289
52128299
52128347
52128361
52128379
52128383
52128389
52128397
52128407
52128421
52128467
52128469
52128473
52128493
52128551
52128563
52128623
52128667
52128677
52128679
52128719
52128737
52128743
52128767
52128779
52128793
52128823
52128847
52128889
52128899
52128929
52128931
52128941
52128959
52128997
52129001
52129003
52129087
52129117
52129127
52129151
52129159
52129183
52129213
52129219
52129243
52129249
52129271
52129279
52129307
52129333
52129351
52129367
52129381
52129387
52129421
52129423
52129447
52129453
52129457
52129471
52129481
52129487
52129489
52129537
52129541
52129543
52129547
52129591
52129601
52129607
52129613
52129619
52129621
52129669
52129723
52129729
52129751
52129771
52129801
52129813
52129829
52129853
52129873
52129897
52129949
52129969
52129997
52130011
52130017
52130021
52130027
52130047
52130069
52130083
52130101
52130119
52130149
52130179
52130201
52130207
52130261
52130291
52130303
52130329
52130339
52130359
52130363
52130387
52130389
52130399
52130411
52130413
52130423
52130431
52130461
52130503
52130527
52130563
52130591
52130597
52130621
52130633
52130647
52130657
52130671
52130677
52130681
52130693
52130711
52130713
52130717
52130759
52130773
52130791
52130797
52130821
52130831
52130843
52130861
52130863
52130879
52130899
52130917
52130941
52130957
52130963
52130983
52130999
52131017
52131019
52131047
52131059
52131091
52131139
52131143
52131169
52131199
52131217
52131227
52131229
52131257
52131259
52131281
52131283
52131311
52131323
52131329
52131337
52131419
52131449
52131451
52131461
52131479
52131481
52131487
52131509
52131517
52131551
52131587
52131671
52131683
52131691
52131697
52131721
52131733
52131769
52131773
52131799
52131803
52131817
52131841
52131847
52131907
52131917
52131929
52131941
52131943
52131949
52131967
52132037
52132063
52132109
52132141
52132159
52132177
52132207
52132253
52132277
52132291
52132313
52132351
52132363
52132391
52132393
52132417
52132427
52132441
52132477
52132481
52132501
52132529
52132547
52132571
52132583
52132601
52132631
52132643
52132699
52132711
52132739
52132757
52132777
52132781
52132783
52132819
52132837
52132859
52132909
52132921
52132991
52133027
52133057
52133063
52133077
52133113
52133129
52133143
52133149
52133161
52133173
52133177
52133183
52133233
52133239
52133251
52133261
52133267
52133269
52133273
52133299
52133317
52133327
52133357
52133369
52133371
52133381
52133401
52133447
52133449
52133483
52133491
52133507
52133519
52133573
52133579
52133581
52133597
52133603
52133623
52133647
52133651
52133657
52133659
52133687
52133689
52133707
52133729
52133737
52133749
52133779
52133789
52133831
52133867
52133869
52133923
52133933
52133941
52133947
52133953
52133957
52133959
52133981
52133987
52133989
52134007
52134011
52134041
52134101
52134133
52134163
52134179
52134193
52134197
52134239
52134259
52134283
52134289
52134293
52134301
52134317
52134319
52134349
52134367
52134371
52134403
52134413
52134469
52134473
52134487
52134497
52134503
52134521
52134527
52134539
52134557
52134559
52134569
52134587
52134601
52134611
52134637
52134659
52134679
52134683
52134749
52134751
52134757
52134829
52134847
52134853
52134857
52134883
52134889
52134893
52134899
52134941
52134967
52134983
52134991
52135033
52135051
52135081
52135091
52135099
52135103
52135121
52135123
52135129
52135133
52135157
52135177
52135207
52135219
52135247
52135253
52135271
52135309
52135333
52135337
52135423
52135427
52135441
52135451
52135483
52135507
52135529
52135543
52135561
52135571
52135597
52135607
52135609
52135621
52135631
52135637
52135667
52135673
52135693
52135717
52135739
52135747
52135777
52135807
52135817
52135841
52135843
52135859
52135891
52135927
52136011
52136027
52136041
52136083
52136107
52136131
52136137
52136159
52136197
52136221
52136243
52136261
52136267
52136269
52136281
52136303
52136311
52136317
52136321
52136341
52136363
52136393
52136401
52136407
52136417
52136429
52136443
52136473
52136477
52136521
52136549
52136563
52136587
52136593
52136599
52136629
52136647
52136687
52136701
52136729
52136743
52136767
52136783
52136831
52136863
52136873
52136891
52136897
52136911
52136923
52136951
52136963
52137013
52137023
52137049
52137073
52137101
52137103
52137139
52137161
52137167
52137187
52137191
52137203
52137221
52137223
52137229
52137247
52137263
52137269
52137277
52137287
52137301
52137313
52137341
52137361
52137367
52137391
52137401
52137473
52137499
52137511
52137517
52137571
52137581
52137601
52137641
52137647
52137661
52137667
52137671
52137689
52137703
52137719
52137731
52137763
52137779
52137781
52137797
52137809
52137821
52137829
52137851
52137857
52137871
52137907
52137913
52137923
52137947
52137949
52137979
52137989
52137991
52138003
52138043
52138049
52138067
52138081
52138111
52138129
52138139
52138159
52138169
52138189
52138213
52138237
52138243
52138253
52138271
52138283
52138301
52138319
52138343
52138357
52138363
52138367
52138381
52138409
52138417
52138423
52138441
52138459
52138517
52138531
52138543
52138547
52138561
52138573
52138577
52138579
52138627
52138687
52138721
52138729
52138741
52138753
52138763
52138771
52138777
52138787
52138817
52138819
52138841
52138843
52138859
52138871
52138901
52138937
52138987
52139011
52139029
52139033
52139053
52139069
52139077
52139081
52139083
52139089
52139093
52139107
52139111
52139141
52139147
52139161
52139207
52139233
52139239
52139251
52139261
52139267
52139291
52139293
52139359
52139369
52139377
52139383
52139411
52139429
52139431
52139449
52139453
52139473
52139491
52139501
52139509
52139531
52139569
52139579
52139599
52139609
52139611
52139621
52139639
52139653
52139683
52139699
52139707
52139749
52139761
52139777
52139783
52139797
52139803
52139807
52139809
52139821
52139839
52139851
52139887
52139891
52139897
52139909
52139947
52139953
52139963
52140043
52140059
52140073
52140089
52140097
52140131
52140133
52140157
52140163
52140191
52140211
52140293
52140317
52140329
52140337
52140349
52140353
52140359
52140367
52140391
52140409
52140457
52140461
52140497
52140523
52140533
52140559
52140577
52140589
52140619
52140623
52140631
52140653
52140677
52140679
52140689
52140691
52140703
52140721
52140743
52140749
52140757
52140821
52140833
52140841
52140857
52140871
52140877
52140901
52140919
52140937
52140953
52140961
52141003
52141007
52141021
52141049
52141079
52141097
52141099
52141109
52141123
52141127
52141129
52141139
52141151
52141157
52141231
52141249
52141279
52141289
52141307
52141319
52141321
52141337
52141361
52141367
52141393
52141409
52141417
52141429
52141433
52141457
52141493
52141549
52141561
52141571
52141577
52141589
52141603
52141631
52141633
52141657
52141693
52141699
52141711
52141717
52141723
52141787
52141813
52141823
52141829
52141841
52141867
52141883
52141889
52141891
52141919
52141927
52141933
52141963
52141967
52141993
52141997
52142039
52142047
52142071
52142141
52142143
52142171
52142191
52142197
52142239
52142249
52142257
52142267
52142309
52142333
52142339
52142347
52142353
52142413
52142459
52142533
52142543
52142557
52142561
52142567
52142569
52142627
52142639
52142647
52142663
52142687
52142711
52142729
52142737
52142743
52142749
52142759
52142773
52142801
52142803
52142813
52142851
52142887
52142891
52142903
52142921
52142929
52142947
52142971
52142977
52143017
52143019
52143067
52143089
52143127
52143137
52143151
52143167
52143187
52143241
52143251
52143313
52143319
52143337
52143341
52143383
52143401
52143449
52143473
52143499
52143503
52143517
52143521
52143527
52143557
52143569
52143571
52143589
52143601
52143629
52143631
52143659
52143683
52143697
52143703
52143731
52143761
52143779
52143781
52143803
52143823
52143851
52143857
52143859
52143881
52143887
52143893
52143899
52143901
52143919
52143937
52143991
52144031
52144039
52144051
52144061
52144073
52144091
52144093
52144153
52144159
52144163
52144177
52144181
52144199
52144207
52144217
52144223
52144229
52144231
52144241
52144271
52144273
52144277
52144297
52144319
52144343
52144357
52144361
52144369
52144373
52144403
52144441
52144451
52144453
52144513
52144517
52144537
52144541
52144553
52144577
52144591
52144597
52144643
52144649
52144663
52144699
52144711
52144717
52144723
52144727
52144733
52144777
52144783
52144787
52144793
52144811
52144817
52144847
52144879
52144909
52144913
52144921
52144931
52144957
52144993
52144997
52145003
52145017
52145029
52145039
52145053
52145129
52145147
52145183
52145207
52145213
52145227
52145237
52145251
52145257
52145263
52145267
52145279
52145281
52145299
52145323
52145333
52145339
52145389
52145407
52145413
52145417
52145447
52145449
52145459
52145461
52145521
52145537
52145573
52145591
52145641
52145659
52145677
52145719
52145777
52145791
52145831
52145881
52145903
52145909
52145921
52145923
52145957
52145959
52145963
52145981
52145993
52146001
52146019
52146023
52146041
52146043
52146047
52146049
52146053
52146067
52146131
52146139
52146169
52146181
52146187
52146197
52146233
52146239
52146271
52146287
52146299
52146307
52146337
52146349
52146373
52146377
52146389
52146397
52146403
52146407
52146427
52146439
52146443
52146461
52146473
52146481
52146503
52146509
52146511
52146529
52146539
52146571
52146593
52146607
52146631
52146649
52146671
52146673
52146709
52146719
52146779
52146781
52146821
52146833
52146847
52146869
52146877
52146881
52146883
52146907
52146931
52146947
52146953
52146961
52146979
52147019
52147033
52147057
52147061
52147087
52147093
52147129
52147159
52147163
52147181
52147201
52147219
52147237
52147247
52147289
52147321
52147349
52147357
52147369
52147399
52147427
52147429
52147439
52147471
52147499
52147567
52147573
52147607
52147621
52147633
52147639
52147643
52147679
52147709
52147727
52147759
52147783
52147787
52147811
52147853
52147861
52147871
52147873
52147883
52147897
52147933
52147937
52147939
52147961
52147967
52147999
52148039
52148053
52148069
52148077
52148081
52148093
52148099
52148113
52148167
52148171
52148183
52148191
52148203
52148221
52148233
52148263
52148287
52148309
52148323
52148329
52148347
52148387
52148399
52148413
52148419
52148431
52148441
52148443
52148477
52148519
52148527
52148531
52148557
52148561
52148563
52148573
52148581
52148587
52148599
52148653
52148669
52148671
52148687
52148731
52148777
52148779
52148783
52148807
52148819
52148827
52148857
52148869
52148879
52148891
52148903
52148909
52148953
52149017
52149029
52149061
52149101
52149103
52149107
52149109
52149127
52149137
52149151
52149157
52149173
52149193
52149199
52149241
52149269
52149271
52149289
52149311
52149313
52149341
52149359
52149389
52149407
52149443
52149463
52149467
52149469
52149473
52149491
52149551
52149563
52149577
52149593
52149631
52149637
52149653
52149673
52149677
52149679
52149689
52149709
52149751
52149787
52149791
52149803
52149821
52149833
52149857
52149871
52149887
52149893
52149907
52149949
52149961
52149971
52149973
52149989
52150031
52150061
52150081
52150121
52150123
52150129
52150151
52150171
52150201
52150211
52150243
52150247
52150261
52150289
52150297
52150313
52150327
52150367
52150369
52150387
52150393
52150411
52150471
52150481
52150489
52150519
52150541
52150559
52150597
52150601
52150603
52150619
52150627
52150633
52150639
52150661
52150667
52150673
52150699
52150717
52150727
52150757
52150771
52150783
52150793
52150807
52150817
52150829
52150843
52150859
52150907
52150909
52150919
52150921
52150933
52150937
52150979
52151009
52151017
52151027
52151039
52151069
52151081
52151089
52151107
52151123
52151137
52151147
52151149
52151171
52151173
52151179
52151191
52151201
52151233
52151237
52151287
52151321
52151329
52151347
52151381
52151383
52151399
52151423
52151441
52151459
52151497
52151501
52151509
52151513
52151521
52151531
52151551
52151569
52151573
52151581
52151591
52151669
52151683
52151689
52151707
52151719
52151753
52151783
52151791
52151797
52151807
52151809
52151821
52151839
52151849
52151863
52151893
52151899
52151909
52151917
52151921
52151923
52151933
52151989
52152019
52152059
52152143
52152151
52152161
52152167
52152173
52152193
52152211
52152223
52152227
52152241
52152251
52152253
52152257
52152271
52152301
52152307
52152313
52152319
52152349
52152361
52152391
52152437
52152439
52152449
52152479
52152493
52152497
52152521
52152539
52152589
52152613
52152631
52152673
52152703
52152713
52152767
52152769
52152773
52152809
52152823
52152839
52152871
52152883
52152949
52152953
52152959
52152973
52153019
52153051
52153069
52153103
52153111
52153141
52153177
52153201
52153207
52153247
52153249
52153301
52153307
52153333
52153337
52153363
52153369
52153373
52153379
52153393
52153411
52153417
52153421
52153429
52153441
52153457
52153459
52153469
52153481
52153483
52153511
52153559
52153567
52153601
52153657
52153697
52153723
52153729
52153747
52153769
52153789
52153793
52153799
52153813
52153819
52153823
52153859
52153867
52153877
52153889
52153921
52153951
52153967
52153991
52154029
52154033
52154057
52154071
52154099
52154101
52154111
52154117
52154159
52154177
52154189
52154231
52154303
52154309
52154437
52154467
52154471
52154477
52154489
52154503
52154507
52154513
52154519
52154549
52154587
52154591
52154603
52154611
52154629
52154633
52154659
52154699
52154701
52154723
52154779
52154783
52154797
52154807
52154813
52154821
52154849
52154857
52154891
52154897
52154933
52154951
52154983
52154987
52155013
52155023
52155041
52155049
52155071
52155097
52155107
52155119
52155121
52155143
52155199
52155211
52155223
52155227
52155241
52155281
52155287
52155307
52155319
52155343
52155359
52155373
52155377
52155401
52155407
52155449
52155451
52155479
52155487
52155497
52155511
52155527
52155569
52155583
52155611
52155617
52155619
52155637
52155641
52155647
52155673
52155679
52155683
52155709
52155713
52155739
52155749
52155751
52155773
52155781
52155787
52155821
52155839
52155841
52155889
52155899
52155911
52155913
52155959
52155967
52156003
52156009
52156031
52156057
52156073
52156079
52156087
52156099
52156133
52156147
52156171
52156183
52156189
52156193
52156207
52156211
52156241
52156259
52156267
52156283
52156303
52156309
52156333
52156337
52156339
52156343
52156361
52156367
52156369
52156373
52156381
52156397
52156411
52156439
52156441
52156451
52156523
52156541
52156547
52156579
52156589
52156591
52156613
52156627
52156631
52156639
52156651
52156661
52156667
52156673
52156681
52156693
52156723
52156747
52156751
52156781
52156837
52156889
52156913
52156921
52156927
52156987
52157023
52157029
52157057
52157081
52157093
52157101
52157111
52157137
52157177
52157197
52157201
52157267
52157279
52157291
52157327
52157333
52157351
52157359
52157393
52157401
52157419
52157429
52157467
52157507
52157533
52157587
52157591
52157627
52157657
52157659
52157663
52157719
52157741
52157771
52157789
52157797
52157801
52157837
52157851
52157891
52157909
52157923
52157929
52157939
52157953
52157957
52157969
52157981
52157993
52158013
52158047
52158077
52158079
52158083
52158103
52158107
52158131
52158133
52158137
52158143
52158149
52158157
52158163
52158167
52158251
52158259
52158263
52158283
52158313
52158317
52158343
52158349
52158367
52158373
52158389
52158409
52158451
52158473
52158487
52158551
52158569
52158581
52158583
52158607
52158679
52158707
52158713
52158727
52158739
52158749
52158787
52158793
52158809
52158817
52158851
52158889
52158893
52158913
52158919
52158947
52158959
52158961
52158991
52159001
52159021
52159057
52159061
52159067
52159103
52159169
52159171
52159181
52159187
52159223
52159231
52159241
52159249
52159253
52159279
52159291
52159297
52159309
52159319
52159337
52159357
52159399
52159409
52159439
52159507
52159543
52159573
52159589
52159631
52159649
52159651
52159663
52159669
52159703
52159711
52159729
52159753
52159759
52159799
52159823
52159841
52159901
52159909
52159967
52160023
52160041
52160107
52160209
52160219
52160239
52160257
52160291
52160309
52160327
52160351
52160411
52160413
52160441
52160443
52160447
52160477
52160483
52160513
52160519
52160557
52160587
52160599
52160623
52160629
52160653
52160657
52160659
52160671
52160701
52160707
52160747
52160749
52160753
52160807
52160809
52160813
52160831
52160839
52160863
52160869
52160887
52160893
52160903
52160921
52160923
52160939
52160959
52160963
52160971
52160989
52161017
52161019
52161029
52161047
52161077
52161089
52161103
52161113
52161119
52161121
52161167
52161173
52161181
52161203
52161233
52161271
52161299
52161301
52161337
52161341
52161353
52161359
52161397
52161413
52161419
52161427
52161481
52161497
52161503
52161533
52161547
52161563
52161583
52161589
52161617
52161647
52161667
52161673
52161701
52161719
52161721
52161727
52161757
52161761
52161773
52161779
52161829
52161833
52161877
52161887
52161961
52161997
52162003
52162007
52162013
52162021
52162027
52162031
52162037
52162051
52162093
52162109
52162129
52162133
52162141
52162189
52162217
52162241
52162261
52162333
52162337
52162343
52162349
52162379
52162399
52162403
52162417
52162427
52162463
52162469
52162507
52162529
52162541
52162559
52162577
52162603
52162651
52162687
52162697
52162703
52162723
52162727
52162729
52162751
52162753
52162757
52162769
52162819
52162823
52162849
52162871
52162883
52162889
52162897
52162921
52162939
52162973
52162993
52163003
52163009
52163063
52163087
52163107
52163117
52163119
52163159
52163179
52163201
52163207
52163213
52163231
52163233
52163263
52163269
52163281
52163299
52163311
52163317
52163323
52163347
52163387
52163389
52163393
52163411
52163413
52163443
52163459
52163477
52163519
52163543
52163549
52163567
52163581
52163597
52163647
52163651
52163653
52163659
52163689
52163711
52163743
52163789
52163791
52163831
52163833
52163897
52163921
52163929
52163933
52163941
52163957
52163959
52164067
52164071
52164097
52164149
52164181
52164187
52164193
52164199
52164223
52164241
52164293
52164323
52164353
52164377
52164403
52164439
52164491
52164499
52164509
52164523
52164589
52164617
52164631
52164641
52164643
52164647
52164683
52164701
52164703
52164737
52164779
52164781
52164787
52164797
52164799
52164803
52164817
52164859
52164883
52164911
52164941
52164949
52164953
52164967
52164979
52165019
52165021
52165031
52165039
52165067
52165093
52165097
52165103
52165109
52165147
52165177
52165193
52165199
52165237
52165247
52165259
52165273
52165283
52165297
52165307
52165327
52165331
52165349
52165361
52165363
52165369
52165387
52165397
52165429
52165439
52165453
52165457
52165501
52165511
52165543
52165549
52165567
52165573
52165609
52165637
52165643
52165649
52165651
52165657
52165681
52165709
52165733
52165739
52165753
52165783
52165801
52165807
52165823
52165831
52165859
52165879
52165889
52165913
52165933
52165969
52165973
52166003
52166011
52166017
52166021
52166027
52166053
52166057
52166069
52166071
52166113
52166119
52166123
52166129
52166141
52166159
52166161
52166209
52166221
52166237
52166243
52166269
52166293
52166297
52166321
52166329
52166341
52166347
52166377
52166417
52166431
52166437
52166467
52166479
52166497
52166509
52166519
52166537
52166551
52166567
52166617
52166629
52166641
