50921483
50921491
50921527
50921531
50921551
50921569
50921573
50921581
50921597
50921603
50921659
50921669
50921671
50921683
50921707
50921719
50921743
50921753
50921789
50921791
50921831
50921833
50921867
50921869
50921873
50921891
50921921
50921947
50921951
50921963
50921971
50921989
50922013
50922017
50922037
50922073
50922097
50922143
50922149
50922169
50922199
50922203
50922227
50922247
50922353
50922371
50922419
50922439
50922461
50922481
50922493
50922499
50922503
50922517
50922541
50922551
50922569
50922581
50922583
50922587
50922607
50922623
50922631
50922649
50922653
50922673
50922733
50922749
50922791
50922821
50922827
50922853
50922889
50922901
50922917
50922919
50922923
50922961
50922967
50922997
50923001
50923003
50923009
50923027
50923039
50923099
50923123
50923129
50923141
50923151
50923153
50923183
50923193
50923207
50923253
50923289
50923307
50923361
50923387
50923393
50923399
50923423
50923441
50923463
50923469
50923511
50923519
50923529
50923597
50923603
50923627
50923643
50923651
50923657
50923661
50923673
50923699
50923703
50923711
50923723
50923727
50923757
50923759
50923777
50923787
50923841
50923843
50923849
50923861
50923867
50923871
50923883
50923907
50923973
50923991
50924017
50924033
50924039
50924051
50924089
50924113
50924117
50924119
50924131
50924141
50924201
50924213
50924219
50924243
50924249
50924309
50924311
50924317
50924327
50924339
50924347
50924353
50924371
50924383
50924387
50924399
50924411
50924431
50924437
50924441
50924449
50924459
50924491
50924519
50924557
50924561
50924563
50924591
50924597
50924603
50924633
50924647
50924651
50924663
50924689
50924701
50924711
50924717
50924761
50924777
50924779
50924789
50924801
50924803
50924827
50924833
50924837
50924849
50924879
50924897
50924927
50924933
50924969
50924977
50924989
50925023
50925031
50925037
50925041
50925053
50925079
50925089
50925113
50925137
50925143
50925167
50925191
50925211
50925221
50925223
50925241
50925253
50925257
50925269
50925307
50925323
50925337
50925361
50925367
50925383
50925419
50925439
50925449
50925463
50925509
50925517
50925521
50925541
50925571
50925577
50925583
50925587
50925593
50925599
50925629
50925647
50925671
50925683
50925689
50925713
50925737
50925751
50925767
50925773
50925779
50925793
50925821
50925859
50925877
50925893
50925899
50925907
50925913
50925923
50925937
50925961
50925967
50925997
50926093
50926103
50926121
50926123
50926129
50926151
50926153
50926157
50926177
50926181
50926189
50926193
50926207
50926219
50926259
50926283
50926297
50926303
50926307
50926357
50926391
50926409
50926451
50926453
50926457
50926507
50926511
50926553
50926567
50926571
50926573
50926621
50926627
50926637
50926657
50926691
50926723
50926739
50926741
50926823
50926829
50926867
50926907
50926913
50926933
50926969
50927003
50927021
50927027
50927029
50927039
50927069
50927119
50927153
50927197
50927213
50927251
50927263
50927269
50927287
50927297
50927299
50927321
50927333
50927339
50927347
50927363
50927369
50927411
50927417
50927419
50927473
50927477
50927479
50927531
50927537
50927551
50927573
50927599
50927603
50927621
50927641
50927687
50927689
50927711
50927717
50927719
50927749
50927791
50927843
50927897
50927927
50927941
50927959
50927983
50928001
50928011
50928013
50928023
50928029
50928043
50928047
50928121
50928127
50928167
50928173
50928221
50928281
50928289
50928299
50928323
50928329
50928331
50928337
50928347
50928373
50928407
50928421
50928433
50928461
50928467
50928491
50928497
50928499
50928503
50928557
50928571
50928587
50928593
50928599
50928671
50928673
50928701
50928733
50928763
50928781
50928793
50928799
50928803
50928809
50928811
50928853
50928863
50928869
50928881
50928887
50928937
50928979
50929003
50929007
50929019
50929069
50929079
50929091
50929117
50929147
50929181
50929189
50929201
50929267
50929289
50929303
50929309
50929321
50929349
50929357
50929363
50929369
50929379
50929397
50929441
50929453
50929471
50929477
50929499
50929511
50929517
50929523
50929531
50929561
50929579
50929591
50929601
50929607
50929609
50929631
50929651
50929699
50929721
50929727
50929741
50929757
50929763
50929783
50929789
50929867
50929877
50929883
50929951
50929969
50929997
50930023
50930029
50930041
50930053
50930057
50930063
50930069
50930081
50930083
50930107
50930111
50930123
50930149
50930153
50930197
50930207
50930221
50930227
50930237
50930239
50930261
50930267
50930309
50930353
50930357
50930387
50930413
50930417
50930423
50930443
50930449
50930459
50930471
50930483
50930531
50930549
50930587
50930647
50930687
50930689
50930729
50930731
50930743
50930767
50930777
50930779
50930783
50930797
50930801
50930813
50930821
50930837
50930843
50930857
50930899
50930909
50930911
50930951
50930953
50931011
50931019
50931029
50931043
50931053
50931071
50931073
50931079
50931103
50931113
50931161
50931187
50931197
50931217
50931239
50931263
50931281
50931289
50931319
50931341
50931347
50931367
50931403
50931421
50931431
50931437
50931467
50931497
50931509
50931521
50931547
50931563
50931577
50931583
50931593
50931623
50931631
50931641
50931649
50931659
50931697
50931707
50931709
50931757
50931773
50931817
50931833
50931841
50931857
50931901
50931911
50931919
50931929
50931931
50931961
50931997
50932019
50932043
50932087
50932117
50932139
50932171
50932237
50932283
50932303
50932307
50932333
50932337
50932351
50932363
50932379
50932393
50932397
50932403
50932423
50932457
50932471
50932477
50932513
50932543
50932547
50932571
50932579
50932591
50932601
50932639
50932691
50932723
50932747
50932759
50932813
50932823
50932837
50932853
50932859
50932891
50932909
50932933
50932943
50932949
50932951
50932991
50932993
50932997
50933011
50933021
50933023
50933041
50933059
50933081
50933083
50933087
50933089
50933123
50933131
50933147
50933149
50933153
50933161
50933203
50933227
50933237
50933249
50933257
50933263
50933269
50933273
50933291
50933297
50933303
50933317
50933321
50933329
50933387
50933413
50933419
50933437
50933459
50933473
50933489
50933537
50933539
50933563
50933573
50933587
50933611
50933621
50933639
50933647
50933653
50933671
50933677
50933693
50933711
50933761
50933791
50933821
50933833
50933873
50933903
50933917
50933957
50933969
50933999
50934001
50934031
50934043
50934049
50934067
50934073
50934101
50934109
50934119
50934127
50934133
50934139
50934157
50934173
50934197
50934203
50934277
50934293
50934313
50934319
50934337
50934349
50934371
50934379
50934391
50934407
50934413
50934419
50934439
50934449
50934463
50934467
50934479
50934529
50934553
50934557
50934563
50934571
50934593
50934599
50934617
50934683
50934707
50934713
50934727
50934731
50934733
50934739
50934773
50934781
50934799
50934809
50934841
50934847
50934853
50934883
50934899
50934901
50934929
50934931
50934959
50934971
50934973
50935019
50935033
50935057
50935063
50935069
50935081
50935099
50935117
50935127
50935141
50935147
50935151
50935163
50935193
50935217
50935229
50935237
50935249
50935253
50935259
50935267
50935277
50935303
50935309
50935319
50935321
50935331
50935369
50935393
50935399
50935403
50935433
50935439
50935453
50935459
50935463
50935481
50935499
50935529
50935567
50935579
50935583
50935589
50935603
50935609
50935627
50935631
50935649
50935669
50935711
50935727
50935739
50935741
50935769
50935811
50935831
50935837
50935867
50935873
50935889
50935901
50935909
50935931
50935933
50935943
50935967
50935991
50936023
50936077
50936089
50936101
50936107
50936129
50936143
50936153
50936177
50936231
50936243
50936251
50936269
50936273
50936279
50936341
50936357
50936371
50936393
50936399
50936401
50936429
50936449
50936461
50936491
50936497
50936527
50936537
50936581
50936591
50936603
50936617
50936653
50936707
50936713
50936723
50936741
50936761
50936771
50936783
50936797
50936807
50936819
50936833
50936843
50936857
50936867
50936917
50936953
50936957
50936959
50936969
50936971
50936989
50936993
50937023
50937059
50937077
50937101
50937109
50937113
50937121
50937149
50937167
50937169
50937179
50937191
50937193
50937199
50937209
50937239
50937251
50937277
50937323
50937343
50937373
50937377
50937391
50937401
50937407
50937443
50937463
50937503
50937527
50937529
50937569
50937581
50937583
50937589
50937629
50937631
50937673
50937697
50937701
50937737
50937739
50937767
50937769
50937781
50937853
50937869
50937919
50937923
50937941
50937959
50937977
50937983
50938003
50938009
50938021
50938033
50938039
50938051
50938061
50938081
50938117
50938133
50938163
50938201
50938213
50938219
50938241
50938319
50938333
50938337
50938367
50938397
50938403
50938421
50938427
50938429
50938501
50938513
50938543
50938577
50938607
50938609
50938619
50938621
50938633
50938637
50938663
50938669
50938717
50938747
50938763
50938781
50938799
50938801
50938831
50938847
50938873
50938891
50938897
50938907
50938939
50938969
50938991
50938999
50939003
50939029
50939039
50939041
50939099
50939101
50939111
50939113
50939129
50939137
50939149
50939177
50939197
50939237
50939257
50939263
50939267
50939281
50939303
50939309
50939359
50939377
50939381
50939393
50939407
50939443
50939461
50939501
50939527
50939533
50939543
50939557
50939591
50939593
50939611
50939621
50939657
50939659
50939663
50939683
50939711
50939719
50939729
50939761
50939771
50939809
50939813
50939887
50939897
50939923
50939983
50940017
50940031
50940053
50940067
50940103
50940107
50940133
50940139
50940181
50940191
50940209
50940277
50940289
50940317
50940341
50940353
50940359
50940361
50940451
50940493
50940497
50940499
50940521
50940553
50940599
50940629
50940661
50940671
50940689
50940697
50940713
50940751
50940761
50940779
50940793
50940797
50940833
50940871
50940889
50940899
50940931
50940943
50940973
50940977
50940979
50941031
50941043
50941049
50941069
50941103
50941123
50941127
50941133
50941157
50941169
50941181
50941201
50941207
50941213
50941217
50941237
50941307
50941349
50941357
50941379
50941399
50941403
50941409
50941411
50941433
50941441
50941447
50941459
50941483
50941493
50941529
50941531
50941543
50941547
50941559
50941567
50941589
50941591
50941607
50941613
50941697
50941699
50941703
50941727
50941733
50941739
50941747
50941763
50941819
50941823
50941867
50941871
50941873
50941903
50941939
50941973
50941991
50941993
50942041
50942051
50942053
50942069
50942071
50942117
50942119
50942141
50942153
50942159
50942167
50942179
50942189
50942191
50942197
50942231
50942233
50942237
50942257
50942291
50942323
50942341
50942347
50942369
50942383
50942389
50942431
50942449
50942471
50942497
50942509
50942513
50942519
50942537
50942581
50942603
50942669
50942681
50942707
50942729
50942777
50942779
50942803
50942809
50942813
50942891
50942893
50942909
50942959
50942989
50943001
50943007
50943023
50943029
50943037
50943041
50943049
50943097
50943107
50943121
50943127
50943131
50943163
50943173
50943187
50943223
50943239
50943247
50943251
50943259
50943283
50943287
50943293
50943301
50943317
50943341
50943349
50943359
50943377
50943397
50943419
50943421
50943457
50943461
50943463
50943493
50943499
50943523
50943533
50943553
50943589
50943593
50943619
50943631
50943647
50943649
50943661
50943667
50943743
50943779
50943787
50943791
50943793
50943797
50943799
50943803
50943811
50943821
50943833
50943847
50943859
50943869
50943961
50943973
50944007
50944139
50944141
50944147
50944169
50944171
50944217
50944219
50944237
50944249
50944259
50944273
50944279
50944297
50944307
50944331
50944357
50944373
50944391
50944423
50944433
50944447
50944451
50944463
50944469
50944499
50944507
50944511
50944513
50944547
50944549
50944571
50944601
50944603
50944639
50944661
50944667
50944669
50944697
50944711
50944741
50944759
50944769
50944771
50944781
50944847
50944849
50944877
50944889
50944897
50944921
50944939
50944951
50944969
50944979
50945017
50945051
50945053
50945057
50945093
50945119
50945129
50945131
50945149
50945159
50945171
50945173
50945177
50945197
50945201
50945267
50945303
50945339
50945341
50945347
50945351
50945359
50945371
50945381
50945399
50945407
50945417
50945423
50945491
50945501
50945519
50945567
50945569
50945591
50945597
50945611
50945623
50945693
50945717
50945723
50945731
50945743
50945747
50945749
50945761
50945771
50945831
50945833
50945849
50945861
50945891
50945893
50945899
50945933
50945971
50945977
50946001
50946023
50946047
50946089
50946097
50946101
50946109
50946131
50946187
50946199
50946211
50946221
50946227
50946253
50946289
50946341
50946349
50946377
50946383
50946461
50946487
50946503
50946517
50946551
50946563
50946589
50946593
50946607
50946611
50946617
50946653
50946661
50946673
50946691
50946703
50946737
50946757
50946769
50946781
50946793
50946799
50946827
50946851
50946853
50946859
50946899
50946901
50946937
50946949
50946953
50946983
50946989
50947003
50947009
50947049
50947063
50947069
50947109
50947111
50947121
50947129
50947153
50947163
50947177
50947207
50947219
50947223
50947241
50947279
50947313
50947319
50947327
50947333
50947339
50947367
50947441
50947459
50947489
50947513
50947573
50947579
50947583
50947591
50947597
50947609
50947613
50947643
50947651
50947661
50947679
50947717
50947723
50947727
50947747
50947753
50947763
50947777
50947801
50947837
50947843
50947847
50947879
50947889
50947891
50947901
50947909
50947931
50947933
50947951
50947957
50948003
50948011
50948071
50948083
50948089
50948111
50948113
50948129
50948143
50948147
50948153
50948171
50948239
50948257
50948263
50948267
50948279
50948309
50948321
50948323
50948353
50948369
50948411
50948413
50948431
50948437
50948449
50948459
50948477
50948501
50948503
50948509
50948539
50948543
50948549
50948581
50948627
50948629
50948647
50948659
50948663
50948669
50948687
50948699
50948707
50948713
50948753
50948761
50948767
50948783
50948827
50948831
50948839
50948857
50948873
50948879
50948897
50948923
50948977
50948993
50949001
50949007
50949043
50949047
50949049
50949077
50949079
50949083
50949097
50949133
50949137
50949139
50949161
50949167
50949179
50949181
50949193
50949247
50949253
50949257
50949263
50949277
50949287
50949299
50949313
50949343
50949359
50949361
50949383
50949389
50949419
50949421
50949473
50949487
50949499
50949517
50949533
50949557
50949571
50949599
50949611
50949617
50949637
50949641
50949643
50949653
50949667
50949713
50949727
50949749
50949763
50949791
50949817
50949881
50949893
50949937
50949947
50949971
50949973
50950007
50950049
50950061
50950069
50950087
50950117
50950199
50950213
50950247
50950253
50950261
50950271
50950301
50950321
50950327
50950337
50950349
50950421
50950429
50950441
50950447
50950469
50950481
50950519
50950573
50950621
50950637
50950661
50950667
50950687
50950729
50950771
50950777
50950841
50950847
50950871
50950877
50950891
50950903
50950927
50950943
50951041
50951059
50951071
50951077
50951081
50951083
50951099
50951111
50951137
50951143
50951171
50951177
50951189
50951191
50951203
50951207
50951267
50951273
50951281
50951291
50951297
50951309
50951323
50951333
50951339
50951359
50951389
50951419
50951443
50951447
50951471
50951491
50951501
50951503
50951513
50951519
50951573
50951599
50951617
50951671
50951683
50951687
50951707
50951729
50951743
50951759
50951767
50951777
50951783
50951809
50951819
50951827
50951851
50951881
50951893
50951899
50951911
50951917
50951951
50951981
50951983
50952001
50952017
50952037
50952047
50952059
50952079
50952113
50952131
50952137
50952151
50952163
50952221
50952259
50952269
50952283
50952287
50952311
50952323
50952329
50952347
50952353
50952397
50952401
50952413
50952443
50952457
50952469
50952481
50952493
50952523
50952533
50952541
50952593
50952617
50952631
50952637
50952683
50952691
50952701
50952719
50952743
50952773
50952793
50952817
50952821
50952829
50952833
50952857
50952883
50952907
50952911
50952917
50952929
50952977
50952983
50952997
50953039
50953043
50953069
50953081
50953093
50953099
50953103
50953109
50953121
50953153
50953163
50953213
50953219
50953241
50953271
50953277
50953291
50953321
50953327
50953337
50953391
50953393
50953411
50953423
50953439
50953453
50953457
50953501
50953523
50953541
50953547
50953559
50953561
50953589
50953601
50953627
50953633
50953663
50953673
50953697
50953729
50953733
50953741
50953769
50953787
50953807
50953813
50953817
50953831
50953909
50953919
50953967
50954017
50954023
50954027
50954047
50954053
50954077
50954087
50954089
50954107
50954119
50954159
50954161
50954201
50954207
50954213
50954227
50954261
50954311
50954329
50954377
50954381
50954401
50954413
50954429
50954437
50954443
50954461
50954467
50954473
50954503
50954531
50954543
50954549
50954609
50954611
50954621
50954623
50954633
50954663
50954671
50954681
50954689
50954693
50954707
50954719
50954723
50954747
50954753
50954801
50954833
50954843
50954863
50954879
50954881
50954887
50954927
50954929
50954971
50954983
50955049
50955061
50955071
50955077
50955083
50955109
50955119
50955127
50955139
50955181
50955199
50955217
50955263
50955269
50955271
50955293
50955319
50955323
50955329
50955391
50955427
50955431
50955451
50955491
50955503
50955521
50955539
50955547
50955551
50955563
50955571
50955589
50955601
50955617
50955629
50955637
50955659
50955691
50955703
50955719
50955721
50955727
50955769
50955791
50955797
50955803
50955809
50955811
50955841
50955893
50955899
50955901
50955913
50955959
50955973
50955991
50955997
50956001
50956039
50956049
50956051
50956079
50956093
50956097
50956099
50956111
50956127
50956133
50956151
50956163
50956177
50956183
50956189
50956193
50956223
50956231
50956237
50956261
50956291
50956307
50956349
50956351
50956441
50956489
50956517
50956541
50956553
50956573
50956583
50956597
50956627
50956637
50956657
50956663
50956669
50956673
50956679
50956681
50956687
50956693
50956709
50956721
50956751
50956757
50956793
50956811
50956813
50956831
50956853
50956889
50956907
50956909
50956921
50956949
50956967
50956979
50956981
50956991
50956999
50957033
50957063
50957077
50957117
50957129
50957131
50957161
50957191
50957209
50957239
50957243
50957341
50957369
50957371
50957377
50957393
50957407
50957461
50957471
50957479
50957503
50957531
50957579
50957591
50957617
50957633
50957663
50957671
50957713
50957717
50957741
50957747
50957749
50957759
50957761
50957771
50957773
50957779
50957783
50957807
50957873
50957897
50957909
50957927
50957939
50957969
50957987
50958013
50958029
50958031
50958059
50958071
50958073
50958097
50958137
50958143
50958151
50958157
50958181
50958221
50958233
50958251
50958253
50958277
50958289
50958301
50958329
50958337
50958403
50958419
50958421
50958433
50958487
50958491
50958497
50958511
50958517
50958521
50958563
50958587
50958601
50958619
50958629
50958631
50958653
50958671
50958689
50958697
50958709
50958737
50958749
50958767
50958797
50958799
50958833
50958839
50958847
50958883
50958889
50958899
50958937
50958959
50958967
50958977
50958983
50959019
50959021
50959031
50959039
50959049
50959057
50959087
50959109
50959123
50959127
50959163
50959189
50959201
50959211
50959219
50959229
50959277
50959289
50959297
50959301
50959333
50959361
50959367
50959411
50959423
50959451
50959453
50959483
50959487
50959511
50959529
50959541
50959547
50959561
50959589
50959603
50959607
50959627
50959739
50959747
50959751
50959771
50959781
50959787
50959801
50959807
50959817
50959847
50959849
50959889
50959901
50959907
50959943
50959963
50959991
50960003
50960023
50960029
50960051
50960069
50960081
50960099
50960113
50960123
50960131
50960201
50960213
50960219
50960251
50960263
50960303
50960317
50960333
50960347
50960353
50960363
50960381
50960419
50960431
50960467
50960471
50960477
50960491
50960501
50960513
50960557
50960561
50960587
50960639
50960647
50960653
50960687
50960699
50960711
50960753
50960759
50960797
50960813
50960821
50960843
50960851
50960857
50960873
50960881
50960887
50960927
50960929
50960933
50960941
50960947
50960953
50960957
50960963
50960971
50960981
50960999
50961011
50961017
50961023
50961041
50961049
50961067
50961089
50961107
50961109
50961151
50961167
50961193
50961199
50961203
50961233
50961259
50961269
50961277
50961293
50961349
50961367
50961371
50961377
50961389
50961403
50961409
50961437
50961451
50961467
50961487
50961499
50961509
50961511
50961517
50961523
50961541
50961577
50961611
50961649
50961661
50961679
50961683
50961689
50961697
50961707
50961719
50961739
50961749
50961761
50961793
50961797
50961803
50961829
50961851
50961863
50961881
50961907
50962003
50962063
50962069
50962081
50962091
50962099
50962111
50962117
50962133
50962159
50962213
50962231
50962259
50962271
50962291
50962297
50962333
50962339
50962343
50962361
50962381
50962391
50962403
50962409
50962421
50962423
50962463
50962469
50962477
50962487
50962517
50962519
50962531
50962547
50962567
50962573
50962577
50962591
50962601
50962603
50962609
50962621
50962669
50962699
50962757
50962759
50962763
50962777
50962781
50962817
50962819
50962829
50962861
50962931
50962937
50962939
50962969
50962987
50963027
50963047
50963053
50963057
50963069
50963083
50963119
50963131
50963141
50963167
50963173
50963183
50963189
50963201
50963221
50963233
50963249
50963257
50963261
50963273
50963293
50963321
50963327
50963333
50963359
50963371
50963383
50963431
50963441
50963459
50963503
50963531
50963573
50963579
50963593
50963621
50963639
50963641
50963677
50963683
50963707
50963723
50963741
50963749
50963771
50963777
50963789
50963797
50963813
50963819
50963821
50963827
50963831
50963849
50963867
50963873
50963903
50963921
50963923
50963953
50963959
50963963
50963971
50964007
50964037
50964047
50964083
50964103
50964143
50964167
50964209
50964229
50964253
50964257
50964269
50964299
50964301
50964311
50964373
50964391
50964409
50964437
50964443
50964461
50964523
50964539
50964541
50964547
50964553
50964569
50964583
50964587
50964601
50964607
50964611
50964647
50964649
50964653
50964659
50964671
50964677
50964703
50964733
50964737
50964743
50964791
50964833
50964839
50964863
50964887
50964889
50964911
50964913
50964917
50964937
50964989
50965027
50965039
50965069
50965127
50965141
50965153
50965181
50965193
50965207
50965219
50965223
50965241
50965247
50965253
50965259
50965261
50965283
50965289
50965297
50965331
50965339
50965357
50965361
50965379
50965381
50965393
50965463
50965471
50965483
50965511
50965513
50965549
50965559
50965567
50965589
50965591
50965597
50965667
50965679
50965693
50965697
50965709
50965727
50965729
50965741
50965751
50965757
50965763
50965777
50965841
50965853
50965933
50965951
50965969
50965979
50966009
50966039
50966053
50966063
50966081
50966093
50966099
50966101
50966141
50966159
50966173
50966177
50966197
50966207
50966213
50966257
50966269
50966287
50966299
50966327
50966339
50966359
50966371
50966381
50966389
50966393
50966423
50966437
50966477
50966479
50966521
50966533
50966579
50966581
50966599
50966609
50966611
50966633
50966639
50966693
50966719
50966749
50966767
50966779
50966789
50966801
50966803
50966809
50966857
50966863
50966887
50966893
50966899
50966917
50966933
50966947
50966953
50966957
50966999
50967017
50967023
50967029
50967031
50967041
50967053
50967061
50967073
50967097
50967107
50967121
50967143
50967179
50967211
50967221
50967251
50967263
50967271
50967277
50967281
50967289
50967311
50967313
50967349
50967409
50967439
50967457
50967473
50967487
50967491
50967493
50967533
50967569
50967601
50967619
50967641
50967647
50967659
50967667
50967677
50967691
50967713
50967737
50967743
50967769
50967773
50967779
50967781
50967803
50967811
50967817
50967863
50967869
50967871
50967901
50967929
50967949
50967967
50967979
50967991
50968007
50968067
50968147
50968157
50968189
50968199
50968213
50968219
50968223
50968231
50968243
50968249
50968259
50968297
50968321
50968327
50968331
50968369
50968403
50968409
50968427
50968451
50968513
50968523
50968543
50968549
50968559
50968571
50968597
50968613
50968627
50968649
50968651
50968661
50968663
50968751
50968807
50968817
50968859
50968919
50968969
50968999
50969003
50969021
50969033
50969041
50969059
50969063
50969071
50969089
50969101
50969117
50969119
50969123
50969159
50969161
50969167
50969189
50969201
50969203
50969249
50969279
50969293
50969297
50969323
50969353
50969377
50969389
50969423
50969453
50969459
50969467
50969483
50969489
50969507
50969521
50969531
50969537
50969561
50969593
50969627
50969651
50969657
50969669
50969701
50969707
50969759
50969783
50969803
50969819
50969833
50969839
50969881
50969887
50969917
50969957
50969969
50969981
50969993
50969999
50970019
50970037
50970083
50970091
50970109
50970149
50970151
50970167
50970173
50970181
50970187
50970193
50970203
50970229
50970329
50970343
50970373
50970379
50970427
50970431
50970443
50970457
50970463
50970481
50970511
50970527
50970529
50970533
50970551
50970583
50970611
50970617
50970643
50970649
50970677
50970739
50970757
50970763
50970767
50970769
50970809
50970839
50970877
50970911
50970937
50970943
50970949
50970961
50970979
50970991
50971007
50971027
50971031
50971033
50971043
50971061
50971073
50971079
50971087
50971093
50971127
50971133
50971139
50971153
50971157
50971169
50971181
50971187
50971199
50971231
50971267
50971303
50971351
50971391
50971421
50971429
50971441
50971451
50971477
50971489
50971541
50971579
50971619
50971631
50971639
50971643
50971663
50971667
50971691
50971751
50971757
50971759
50971787
50971793
50971801
50971807
50971819
50971853
50971867
50971883
50971891
50971901
50971909
50971939
50971951
50971957
50971961
50972011
50972039
50972081
50972093
50972101
50972123
50972189
50972191
50972213
50972237
50972267
50972279
50972281
50972297
50972303
50972333
50972359
50972381
50972387
50972399
50972407
50972417
50972419
50972437
50972447
50972473
50972491
50972503
50972507
50972521
50972549
50972561
50972563
50972567
50972629
50972639
50972653
50972657
50972659
50972683
50972699
50972737
50972797
50972809
50972813
50972827
50972837
50972843
50972879
50972921
50972927
50972947
50972993
50973001
50973011
50973019
50973023
50973071
50973073
50973137
50973151
50973163
50973173
50973217
50973233
50973281
50973317
50973343
50973353
50973367
50973379
50973389
50973413
50973421
50973431
50973443
50973449
50973467
50973473
50973487
50973493
50973499
50973511
50973539
50973547
50973551
50973557
50973569
50973583
50973631
50973647
50973653
50973673
50973683
50973691
50973707
50973719
50973721
50973739
50973749
50973761
50973781
50973821
50973841
50973847
50973883
50973887
50973907
50973913
50973971
50973983
50973997
50974037
50974081
50974087
50974097
50974103
50974139
50974163
50974229
50974247
50974249
50974267
50974303
50974333
50974349
50974351
50974369
50974387
50974409
50974411
50974423
50974453
50974457
50974459
50974477
50974529
50974531
50974577
50974607
50974621
50974631
50974669
50974673
50974691
50974697
50974717
50974723
50974727
50974733
50974741
50974747
50974751
50974771
50974783
50974787
50974799
50974811
50974813
50974841
50974843
50974871
50974919
50974921
50974927
50974939
50974981
50974999
50975021
50975051
50975063
50975087
50975117
50975131
50975137
50975147
50975203
50975207
50975209
50975219
50975237
50975251
50975257
50975273
50975297
50975329
50975357
50975369
50975411
50975413
50975447
50975459
50975471
50975473
50975489
50975513
50975527
50975531
50975569
50975633
50975653
50975719
50975737
50975747
50975753
50975767
50975783
50975789
50975807
50975831
50975839
50975849
50975851
50975857
50975867
50975891
50975893
50975909
50975927
50975957
50975963
50975989
50975999
50976043
50976067
50976097
50976103
50976127
50976137
50976143
50976169
50976179
50976187
50976197
50976227
50976253
50976271
50976281
50976293
50976329
50976337
50976361
50976379
50976389
50976463
50976503
50976517
50976539
50976551
50976553
50976589
50976599
50976613
50976631
50976641
50976643
50976647
50976683
50976689
50976707
50976719
50976743
50976769
50976773
50976781
50976823
50976847
50976851
50976881
50976889
50976949
50976953
50977001
50977007
50977013
50977037
50977049
50977079
50977081
50977111
50977117
50977123
50977127
50977183
50977193
50977207
50977211
50977217
50977243
50977249
50977313
50977319
50977337
50977363
50977369
50977393
50977411
50977417
50977457
50977463
50977483
50977559
50977561
50977571
50977583
50977613
50977643
50977649
50977651
50977723
50977727
50977769
50977783
50977799
50977813
50977847
50977873
50977879
50977907
50977909
50977937
50977943
50977963
50977991
50977999
50978003
50978009
50978021
50978041
50978063
50978077
50978093
50978131
50978141
50978149
50978171
50978203
50978219
50978227
50978237
50978243
50978251
50978261
50978269
50978321
50978329
50978381
50978407
50978423
50978467
50978483
50978507
50978513
50978561
50978567
50978569
50978579
50978581
50978591
50978593
50978611
50978617
50978647
50978671
50978701
50978713
50978743
50978749
50978783
50978789
50978813
50978819
50978857
50978887
50978899
50978927
50978929
50978953
50979023
50979041
50979053
50979059
50979079
50979083
50979091
50979101
50979119
50979151
50979169
50979179
50979217
50979251
50979259
50979287
50979323
50979343
50979353
50979367
50979373
50979427
50979437
50979449
50979457
50979473
50979497
50979503
50979529
50979547
50979571
50979613
50979637
50979659
50979667
50979671
50979689
50979739
50979757
50979781
50979809
50979833
50979839
50979847
50979871
50979881
50979893
50979899
50979919
50979931
50979947
50979967
50979977
50979979
50980003
50980009
50980031
50980049
50980051
50980067
50980081
50980087
50980129
50980141
50980147
50980169
50980187
50980217
50980219
50980243
50980247
50980273
50980277
50980283
50980301
50980313
50980361
50980381
50980393
50980403
50980421
50980429
50980441
50980493
50980519
50980529
50980547
50980583
50980597
50980609
50980619
50980639
50980649
50980651
50980663
50980679
50980681
50980697
50980703
50980723
50980729
50980789
50980793
50980801
50980817
50980823
50980829
50980871
50980879
50980913
50980921
50980961
50980981
50981017
50981033
50981057
50981059
50981089
50981093
50981107
50981111
50981129
50981131
50981137
50981141
50981167
50981191
50981201
50981209
50981219
50981221
50981261
50981263
50981269
50981279
50981291
50981303
50981311
50981321
50981423
50981429
50981431
50981443
50981473
50981477
50981519
50981561
50981569
50981599
50981629
50981641
50981647
50981683
50981717
50981719
50981729
50981747
50981773
50981779
50981783
50981803
50981849
50981851
50981857
50981867
50981873
50981881
50981891
50981897
50981899
50981941
50981977
50981993
50982017
50982023
50982049
50982059
50982067
50982083
50982103
50982121
50982143
50982163
50982179
50982181
50982209
50982223
50982227
50982233
50982241
50982247
50982277
50982289
50982299
50982307
50982317
50982341
50982353
50982361
50982401
50982403
50982427
50982479
50982487
50982517
50982523
50982527
50982553
50982587
50982593
50982599
50982619
50982623
50982629
50982637
50982653
50982703
50982709
50982713
50982727
50982751
50982773
50982787
50982797
50982809
50982823
50982829
50982851
50982853
50982859
50982863
50982901
50982917
50982923
50982961
50982989
50982991
50983013
50983033
50983063
50983067
50983069
50983087
50983091
50983117
50983123
50983133
50983147
50983169
50983171
50983199
50983211
50983223
50983237
50983243
50983259
50983267
50983271
50983291
50983319
50983321
50983351
50983367
50983369
50983381
50983397
50983411
50983417
50983469
50983511
50983529
50983531
50983547
50983549
50983553
50983567
50983573
50983637
50983643
50983657
50983687
50983693
50983703
50983733
50983753
50983763
50983813
50983819
50983837
50983843
50983883
50983903
50983909
50983913
50983927
50983937
50983957
50983963
50983979
50983997
50984009
50984041
50984047
50984069
50984081
50984099
50984137
50984147
50984159
50984179
50984183
50984189
50984209
50984287
50984299
50984333
50984347
50984371
50984447
50984459
50984501
50984503
50984533
50984551
50984567
50984579
50984611
50984621
50984653
50984693
50984729
50984737
50984753
50984797
50984803
50984831
50984833
50984861
50984867
50984873
50984891
50984893
50984903
50984911
50984939
50984953
50984957
50984963
50985007
50985013
50985019
50985031
50985071
50985073
50985079
50985101
50985133
50985169
50985197
50985199
50985251
50985287
50985353
50985367
50985383
50985419
50985437
50985439
50985449
50985461
50985481
50985497
50985521
50985527
50985551
50985559
50985577
50985611
50985619
50985637
50985643
50985653
50985679
50985689
50985707
50985757
50985761
50985763
50985769
50985773
50985787
50985791
50985811
50985859
50985877
50985887
50985923
50985943
50985953
50985967
50985983
50985997
50986049
50986069
50986073
50986079
50986081
50986087
50986093
50986097
50986121
50986123
50986127
50986151
50986189
50986217
50986241
50986267
50986277
50986279
50986283
50986343
50986357
50986361
50986393
50986471
50986483
50986549
50986571
50986577
50986589
50986601
50986609
50986613
50986627
50986643
50986687
50986711
50986717
50986781
50986783
50986787
50986801
50986829
50986841
50986907
50986931
50986939
50986951
50986973
50986979
50986987
50986993
50986997
50987003
