51052543
51052549
51052559
51052577
51052579
51052583
51052591
51052643
51052681
51052699
51052721
51052733
51052777
51052811
51052817
51052823
51052849
51052871
51052873
51052879
51052891
51052901
51052931
51052973
51052979
51052987
51052993
51052999
51053011
51053027
51053033
51053053
51053087
51053089
51053099
51053131
51053143
51053161
51053201
51053203
51053213
51053221
51053237
51053239
51053267
51053269
51053281
51053291
51053293
51053339
51053381
51053411
51053413
51053459
51053479
51053501
51053521
51053539
51053573
51053591
51053603
51053617
51053623
51053647
51053663
51053677
51053699
51053729
51053753
51053777
51053789
51053809
51053819
51053837
51053851
51053861
51053879
51053903
51053911
51053923
51053927
51053963
51053971
51054001
51054013
51054019
51054023
51054053
51054131
51054137
51054139
51054161
51054169
51054221
51054233
51054251
51054271
51054277
51054313
51054329
51054337
51054347
51054397
51054439
51054449
51054481
51054511
51054517
51054541
51054569
51054581
51054589
51054593
51054599
51054607
51054611
51054617
51054623
51054629
51054649
51054659
51054677
51054683
51054721
51054749
51054763
51054811
51054853
51054901
51054929
51054947
51054973
51054989
51055013
51055027
51055031
51055057
51055087
51055099
51055129
51055133
51055141
51055159
51055183
51055189
51055201
51055217
51055229
51055243
51055247
51055253
51055259
51055309
51055313
51055327
51055343
51055351
51055387
51055427
51055429
51055439
51055441
51055493
51055507
51055517
51055519
51055553
51055643
51055657
51055681
51055723
51055751
51055769
51055787
51055789
51055813
51055843
51055847
51055871
51055889
51055891
51055919
51055957
51055973
51055987
51056003
51056011
51056017
51056023
51056051
51056069
51056081
51056087
51056099
51056141
51056143
51056167
51056197
51056209
51056231
51056233
51056261
51056267
51056281
51056311
51056323
51056353
51056359
51056387
51056449
51056461
51056471
51056513
51056531
51056563
51056569
51056623
51056641
51056647
51056651
51056657
51056669
51056683
51056689
51056693
51056699
51056701
51056723
51056777
51056779
51056807
51056809
51056827
51056839
51056851
51056891
51056927
51056947
51056959
51056981
51057011
51057029
51057037
51057049
51057053
51057059
51057091
51057113
51057121
51057131
51057143
51057157
51057163
51057173
51057191
51057221
51057229
51057241
51057247
51057257
51057269
51057287
51057289
51057323
51057329
51057337
51057353
51057397
51057451
51057467
51057473
51057481
51057509
51057529
51057593
51057607
51057637
51057649
51057673
51057689
51057691
51057697
51057701
51057703
51057707
51057737
51057739
51057757
51057761
51057763
51057767
51057827
51057829
51057841
51057901
51057911
51057913
51057931
51057943
51057949
51057967
51057973
51058001
51058013
51058043
51058099
51058193
51058247
51058279
51058289
51058313
51058331
51058349
51058369
51058379
51058387
51058391
51058433
51058477
51058481
51058487
51058507
51058517
51058523
51058537
51058547
51058561
51058573
51058583
51058603
51058607
51058613
51058619
51058639
51058649
51058669
51058703
51058717
51058739
51058741
51058771
51058783
51058789
51058793
51058807
51058831
51058841
51058849
51058859
51058877
51058897
51058907
51058913
51058949
51058951
51058963
51058991
51058993
51059003
51059093
51059101
51059117
51059123
51059147
51059161
51059167
51059179
51059209
51059219
51059231
51059233
51059273
51059321
51059329
51059353
51059357
51059363
51059369
51059417
51059419
51059423
51059431
51059467
51059497
51059509
51059513
51059521
51059527
51059537
51059543
51059549
51059611
51059627
51059629
51059639
51059647
51059677
51059681
51059689
51059693
51059699
51059711
51059753
51059779
51059861
51059893
51059903
51059909
51059917
51059971
51059999
51060019
51060059
51060071
51060073
51060077
51060089
51060091
51060109
51060127
51060167
51060169
51060203
51060209
51060227
51060301
51060313
51060371
51060389
51060403
51060413
51060419
51060421
51060439
51060463
51060491
51060511
51060551
51060553
51060577
51060587
51060589
51060601
51060617
51060641
51060671
51060697
51060719
51060727
51060743
51060749
51060761
51060769
51060797
51060803
51060811
51060833
51060839
51060869
51060871
51060883
51060887
51060931
51060983
51061009
51061027
51061051
51061057
51061063
51061093
51061099
51061111
51061139
51061193
51061249
51061259
51061271
51061279
51061289
51061291
51061321
51061327
51061337
51061343
51061391
51061429
51061457
51061477
51061481
51061487
51061499
51061501
51061519
51061553
51061579
51061583
51061601
51061613
51061639
51061643
51061651
51061657
51061667
51061691
51061711
51061723
51061741
51061757
51061781
51061783
51061793
51061799
51061807
51061823
51061831
51061847
51061859
51061883
51061891
51061919
51061937
51061951
51061957
51062003
51062017
51062021
51062023
51062029
51062041
51062083
51062119
51062129
51062149
51062153
51062159
51062189
51062197
51062201
51062227
51062233
51062279
51062281
51062293
51062309
51062321
51062383
51062393
51062399
51062471
51062489
51062491
51062497
51062567
51062617
51062639
51062651
51062657
51062659
51062663
51062699
51062717
51062719
51062723
51062729
51062749
51062773
51062807
51062813
51062819
51062833
51062909
51062933
51062959
51063029
51063037
51063041
51063043
51063079
51063091
51063101
51063119
51063149
51063157
51063191
51063227
51063239
51063247
51063253
51063263
51063301
51063307
51063319
51063421
51063437
51063449
51063487
51063517
51063533
51063547
51063559
51063619
51063629
51063637
51063643
51063647
51063713
51063743
51063763
51063787
51063853
51063863
51063871
51063889
51063911
51063917
51063977
51063989
51064003
51064019
51064021
51064031
51064049
51064051
51064063
51064067
51064081
51064109
51064121
51064127
51064129
51064159
51064171
51064183
51064199
51064201
51064213
51064217
51064219
51064249
51064297
51064309
51064313
51064319
51064327
51064357
51064367
51064397
51064411
51064417
51064451
51064459
51064463
51064469
51064483
51064487
51064499
51064511
51064523
51064529
51064537
51064553
51064561
51064589
51064591
51064603
51064613
51064631
51064649
51064661
51064687
51064703
51064709
51064711
51064751
51064757
51064789
51064831
51064841
51064861
51064903
51064927
51064931
51064933
51064963
51064999
51065041
51065051
51065057
51065071
51065087
51065111
51065137
51065173
51065177
51065233
51065257
51065269
51065279
51065281
51065309
51065321
51065327
51065347
51065351
51065353
51065387
51065389
51065393
51065411
51065423
51065437
51065449
51065489
51065527
51065533
51065579
51065593
51065611
51065629
51065653
51065669
51065683
51065689
51065743
51065753
51065759
51065767
51065779
51065801
51065803
51065813
51065831
51065843
51065851
51065879
51065887
51065891
51065893
51065899
51065933
51065981
51066007
51066023
51066047
51066097
51066101
51066109
51066121
51066131
51066137
51066149
51066151
51066161
51066193
51066217
51066221
51066227
51066247
51066251
51066259
51066277
51066287
51066293
51066341
51066359
51066383
51066397
51066403
51066409
51066451
51066467
51066479
51066527
51066541
51066553
51066583
51066599
51066611
51066619
51066637
51066667
51066707
51066733
51066749
51066751
51066761
51066773
51066791
51066809
51066811
51066817
51066823
51066859
51066871
51066901
51066937
51066947
51066959
51066979
51066989
51067001
51067033
51067069
51067087
51067103
51067109
51067111
51067123
51067127
51067139
51067147
51067151
51067157
51067169
51067171
51067189
51067207
51067213
51067241
51067243
51067253
51067283
51067319
51067321
51067339
51067343
51067361
51067409
51067441
51067469
51067477
51067483
51067487
51067501
51067537
51067543
51067559
51067603
51067631
51067651
51067657
51067663
51067691
51067717
51067727
51067729
51067739
51067741
51067759
51067769
51067771
51067781
51067787
51067799
51067817
51067823
51067831
51067853
51067867
51067873
51067879
51067903
51067909
51067921
51067931
51067937
51067967
51067979
51068009
51068011
51068021
51068023
51068033
51068089
51068093
51068107
51068131
51068167
51068231
51068249
51068261
51068263
51068267
51068279
51068287
51068291
51068293
51068299
51068317
51068359
51068363
51068387
51068401
51068483
51068491
51068503
51068509
51068543
51068557
51068569
51068573
51068581
51068609
51068669
51068729
51068737
51068741
51068747
51068761
51068779
51068783
51068791
51068813
51068819
51068893
51068921
51068929
51068939
51068957
51068959
51069019
51069049
51069089
51069103
51069133
51069181
51069199
51069211
51069233
51069247
51069253
51069289
51069329
51069349
51069371
51069373
51069391
51069409
51069419
51069437
51069439
51069449
51069451
51069463
51069467
51069503
51069523
51069527
51069533
51069541
51069553
51069593
51069671
51069677
51069691
51069703
51069721
51069727
51069761
51069763
51069797
51069827
51069847
51069857
51069881
51069911
51069937
51069947
51069973
51070007
51070009
51070021
51070031
51070039
51070049
51070067
51070139
51070169
51070177
51070183
51070199
51070211
51070231
51070259
51070267
51070273
51070277
51070291
51070301
51070303
51070319
51070333
51070337
51070339
51070343
51070381
51070391
51070399
51070433
51070441
51070447
51070451
51070489
51070493
51070507
51070517
51070531
51070553
51070561
51070573
51070589
51070631
51070639
51070667
51070681
51070697
51070699
51070709
51070729
51070739
51070753
51070757
51070777
51070807
51070837
51070861
51070883
51070889
51070897
51070909
51070927
51070933
51070937
51070949
51070967
51070973
51070991
51071039
51071047
51071087
51071101
51071123
51071129
51071131
51071147
51071149
51071191
51071197
51071227
51071231
51071239
51071249
51071263
51071287
51071303
51071329
51071333
51071341
51071369
51071381
51071393
51071429
51071437
51071453
51071479
51071483
51071611
51071617
51071627
51071633
51071641
51071651
51071693
51071717
51071719
51071737
51071747
51071771
51071777
51071821
51071827
51071857
51071863
51071869
51071899
51071921
51071941
51072017
51072061
51072113
51072137
51072139
51072169
51072181
51072193
51072211
51072251
51072253
51072269
51072289
51072293
51072299
51072313
51072317
51072319
51072331
51072341
51072349
51072391
51072449
51072467
51072493
51072517
51072533
51072547
51072587
51072599
51072601
51072613
51072649
51072661
51072689
51072733
51072737
51072751
51072767
51072793
51072797
51072803
51072809
51072823
51072829
51072851
51072869
51072877
51072899
51072907
51072929
51072941
51072943
51072997
51073013
51073051
51073073
51073081
51073091
51073097
51073103
51073129
51073153
51073163
51073171
51073181
51073201
51073237
51073247
51073259
51073261
51073277
51073289
51073307
51073327
51073333
51073339
51073369
51073381
51073391
51073403
51073417
51073427
51073439
51073453
51073459
51073471
51073481
51073489
51073493
51073499
51073541
51073567
51073601
51073619
51073643
51073651
51073667
51073697
51073721
51073739
51073747
51073751
51073769
51073817
51073837
51073873
51073877
51073879
51073907
51073909
51073943
51073951
51073963
51073969
51073991
51074003
51074041
51074059
51074083
51074113
51074131
51074173
51074183
51074197
51074201
51074207
51074251
51074269
51074281
51074291
51074297
51074323
51074327
51074339
51074357
51074371
51074437
51074459
51074473
51074501
51074503
51074509
51074521
51074537
51074549
51074567
51074581
51074627
51074633
51074659
51074663
51074677
51074687
51074711
51074719
51074729
51074731
51074741
51074747
51074753
51074767
51074813
51074857
51074861
51074867
51074879
51074897
51074899
51074917
51074921
51074939
51074951
51074977
51074981
51074999
51075029
51075043
51075049
51075067
51075071
51075109
51075121
51075127
51075131
51075137
51075139
51075161
51075257
51075301
51075319
51075347
51075359
51075377
51075391
51075407
51075413
51075449
51075469
51075481
51075499
51075509
51075523
51075527
51075551
51075559
51075581
51075589
51075601
51075611
51075613
51075643
51075649
51075671
51075677
51075733
51075737
51075749
51075763
51075779
51075797
51075809
51075811
51075821
51075823
51075839
51075851
51075863
51075881
51075907
51075911
51075917
51075919
51075953
51075961
51075977
51075979
51076027
51076033
51076063
51076079
51076097
51076111
51076133
51076139
51076147
51076159
51076171
51076187
51076219
51076229
51076301
51076321
51076331
51076349
51076379
51076433
51076439
51076469
51076481
51076489
51076513
51076549
51076591
51076603
51076633
51076643
51076657
51076661
51076667
51076673
51076681
51076691
51076699
51076717
51076723
51076741
51076757
51076759
51076763
51076777
51076793
51076799
51076841
51076843
51076853
51076877
51076901
51076919
51076931
51076937
51076943
51076957
51077003
51077009
51077071
51077093
51077099
51077137
51077153
51077171
51077179
51077209
51077233
51077237
51077239
51077251
51077261
51077311
51077321
51077363
51077393
51077399
51077419
51077437
51077447
51077449
51077473
51077479
51077483
51077489
51077527
51077563
51077599
51077617
51077629
51077633
51077669
51077693
51077699
51077711
51077717
51077753
51077773
51077783
51077813
51077827
51077857
51077867
51077869
51077879
51077891
51077899
51077933
51077953
51077977
51077993
51078007
51078017
51078031
51078037
51078043
51078059
51078067
51078103
51078107
51078113
51078133
51078151
51078179
51078197
51078199
51078211
51078227
51078229
51078233
51078259
51078271
51078277
51078299
51078301
51078311
51078361
51078371
51078407
51078409
51078413
51078437
51078451
51078457
51078473
51078481
51078491
51078509
51078529
51078553
51078569
51078581
51078641
51078647
51078649
51078683
51078691
51078701
51078733
51078737
51078739
51078767
51078779
51078799
51078809
51078847
51078869
51078877
51078913
51078949
51078961
51078977
51079027
51079031
51079037
51079043
51079079
51079097
51079099
51079117
51079139
51079151
51079181
51079183
51079219
51079243
51079247
51079307
51079349
51079363
51079381
51079397
51079403
51079417
51079421
51079447
51079463
51079477
51079489
51079517
51079541
51079547
51079559
51079621
51079627
51079649
51079667
51079673
51079687
51079783
51079801
51079811
51079813
51079823
51079843
51079877
51079901
51079921
51079927
51079957
51079967
51080011
51080041
51080047
51080059
51080077
51080083
51080093
51080111
51080131
51080143
51080147
51080149
51080167
51080201
51080207
51080209
51080213
51080231
51080243
51080269
51080273
51080279
51080317
51080321
51080333
51080377
51080389
51080413
51080423
51080443
51080459
51080473
51080479
51080537
51080551
51080567
51080573
51080593
51080611
51080639
51080641
51080647
51080657
51080663
51080671
51080707
51080719
51080747
51080761
51080789
51080819
51080833
51080857
51080881
51080891
51080921
51080933
51080941
51080951
51080959
51080983
51080989
51080993
51081007
51081011
51081031
51081047
51081059
51081071
51081077
51081083
51081109
51081113
51081131
51081143
51081157
51081179
51081181
51081187
51081221
51081259
51081281
51081299
51081301
51081307
51081319
51081353
51081361
51081389
51081467
51081469
51081473
51081487
51081491
51081493
51081517
51081529
51081533
51081581
51081599
51081607
51081619
51081631
51081647
51081661
51081691
51081703
51081727
51081733
51081739
51081743
51081773
51081791
51081803
51081829
51081851
51081911
51081929
51081959
51081971
51081973
51082019
51082033
51082039
51082069
51082139
51082169
51082181
51082183
51082189
51082211
51082219
51082223
51082247
51082249
51082289
51082303
51082337
51082357
51082403
51082417
51082439
51082453
51082477
51082489
51082511
51082519
51082547
51082567
51082579
51082627
51082649
51082657
51082663
51082673
51082711
51082721
51082751
51082769
51082771
51082777
51082789
51082813
51082817
51082853
51082861
51082897
51082907
51082939
51082951
51082973
51082981
51083017
51083029
51083041
51083093
51083111
51083167
51083189
51083231
51083233
51083243
51083251
51083287
51083303
51083323
51083353
51083377
51083387
51083393
51083411
51083447
51083491
51083497
51083507
51083519
51083531
51083603
51083639
51083651
51083677
51083687
51083707
51083731
51083737
51083741
51083743
51083807
51083821
51083887
51083899
51083933
51083941
51084053
51084097
51084113
51084119
51084139
51084181
51084191
51084197
51084211
51084221
51084239
51084247
51084281
51084289
51084343
51084361
51084377
51084379
51084409
51084413
51084419
51084427
51084431
51084461
51084463
51084469
51084491
51084533
51084547
51084563
51084569
51084581
51084589
51084599
51084611
51084637
51084641
51084653
51084707
51084721
51084727
51084751
51084763
51084773
51084809
51084821
51084829
51084841
51084851
51084937
51084941
51084947
51084959
51085003
51085009
51085033
51085039
51085061
51085079
51085087
51085103
51085109
51085127
51085157
51085159
51085189
51085201
51085207
51085213
51085249
51085253
51085267
51085291
51085297
51085301
51085313
51085337
51085339
51085351
51085361
51085393
51085409
51085417
51085457
51085477
51085499
51085511
51085513
51085537
51085543
51085571
51085583
51085607
51085627
51085637
51085649
51085651
51085673
51085703
51085709
51085717
51085751
51085781
51085787
51085817
51085819
51085823
51085841
51085847
51085883
51085891
51085897
51085913
51085943
51085961
51085963
51085987
51086029
51086051
51086083
51086111
51086137
51086141
51086143
51086179
51086183
51086213
51086221
51086239
51086257
51086261
51086263
51086293
51086323
51086333
51086363
51086407
51086423
51086437
51086449
51086467
51086491
51086501
51086549
51086551
51086557
51086561
51086593
51086599
51086617
51086621
51086653
51086663
51086669
51086681
51086713
51086723
51086741
51086759
51086813
51086821
51086837
51086857
51086873
51086879
51086891
51086909
51086947
51087007
51087013
51087061
51087089
51087103
51087119
51087133
51087173
51087191
51087233
51087251
51087259
51087313
51087331
51087341
51087373
51087383
51087391
51087427
51087457
51087461
51087467
51087469
51087497
51087527
51087529
51087539
51087551
51087571
51087581
51087587
51087593
51087607
51087611
51087613
51087661
51087709
51087733
51087791
51087797
51087811
51087823
51087833
51087851
51087859
51087887
51087893
51087943
51087947
51087977
51087983
51087989
51087997
51088001
51088003
51088007
51088019
51088021
51088039
51088061
51088067
51088069
51088073
51088087
51088097
51088109
51088127
51088151
51088153
51088181
51088183
51088187
51088241
51088249
51088291
51088319
51088333
51088339
51088351
51088357
51088363
51088369
51088381
51088391
51088423
51088441
51088447
51088493
51088523
51088529
51088571
51088573
51088591
51088607
51088613
51088619
51088643
51088657
51088679
51088699
51088711
51088717
51088789
51088801
51088813
51088841
51088883
51088909
51088913
51088943
51088949
51088951
51088963
51088987
51088991
51088997
51089009
51089021
51089053
51089069
51089099
51089107
51089111
51089113
51089153
51089161
51089167
51089201
51089231
51089243
51089249
51089261
51089263
51089273
51089299
51089303
51089317
51089359
51089413
51089419
51089429
51089473
51089477
51089483
51089501
51089543
51089551
51089557
51089569
51089587
51089593
51089617
51089653
51089657
51089659
51089669
51089699
51089729
51089771
51089789
51089807
51089833
51089839
51089849
51089873
51089881
51089887
51089911
51089921
51089959
51089971
51090029
51090079
51090089
51090101
51090119
51090133
51090167
51090173
51090203
51090217
51090233
51090239
51090241
51090271
51090307
51090311
51090317
51090323
51090329
51090331
51090349
51090353
51090379
51090419
51090427
51090433
51090443
51090497
51090499
51090503
51090509
51090517
51090541
51090553
51090607
51090623
51090647
51090653
51090671
51090679
51090707
51090709
51090727
51090731
51090757
51090761
51090847
51090857
51090859
51090863
51090869
51090911
51090931
51090937
51090971
51090973
51090989
51090997
51091031
51091039
51091049
51091063
51091067
51091087
51091091
51091093
51091111
51091129
51091141
51091199
51091213
51091237
51091279
51091291
51091309
51091321
51091333
51091357
51091393
51091423
51091427
51091457
51091471
51091483
51091517
51091519
51091543
51091567
51091609
51091631
51091637
51091639
51091643
51091661
51091669
51091693
51091727
51091757
51091771
51091793
51091829
51091837
51091877
51091891
51091903
51091913
51091921
51091949
51091967
51091979
51091981
51091991
51092009
51092011
51092023
51092029
51092059
51092071
51092077
51092101
51092183
51092203
51092207
51092219
51092231
51092267
51092281
51092291
51092303
51092323
51092347
51092351
51092357
51092359
51092389
51092399
51092401
51092411
51092413
51092417
51092423
51092527
51092549
51092579
51092593
51092603
51092617
51092623
51092641
51092651
51092669
51092677
51092687
51092707
51092711
51092719
51092731
51092737
51092749
51092753
51092759
51092777
51092791
51092801
51092831
51092849
51092851
51092863
51092869
51092897
51092941
51092947
51092953
51092999
51093001
51093037
51093043
51093059
51093121
51093137
51093139
51093151
51093169
51093187
51093193
51093197
51093199
51093227
51093241
51093247
51093269
51093283
51093319
51093353
51093377
51093397
51093401
51093403
51093407
51093409
51093433
51093437
51093457
51093461
51093467
51093479
51093499
51093509
51093529
51093541
51093569
51093583
51093593
51093599
51093607
51093617
51093631
51093671
51093697
51093701
51093709
51093727
51093733
51093767
51093769
51093773
51093821
51093827
51093829
51093839
51093851
51093863
51093883
51093901
51093937
51093953
51093989
51094007
51094009
51094033
51094049
51094051
51094073
51094091
51094093
51094139
51094157
51094171
51094181
51094187
51094207
51094223
51094229
51094273
51094327
51094343
51094349
51094357
51094361
51094391
51094399
51094403
51094409
51094411
51094423
51094441
51094457
51094481
51094517
51094529
51094543
51094583
51094609
51094657
51094663
51094679
51094699
51094711
51094721
51094763
51094777
51094783
51094787
51094829
51094831
51094859
51094867
51094889
51094907
51094921
51094943
51094951
51094999
51095027
51095053
51095069
51095087
51095089
51095119
51095131
51095141
51095147
51095159
51095171
51095173
51095201
51095207
51095227
51095249
51095267
51095287
51095293
51095311
51095327
51095333
51095411
51095413
51095417
51095423
51095437
51095453
51095459
51095461
51095467
51095479
51095497
51095501
51095509
51095521
51095537
51095543
51095563
51095573
51095587
51095599
51095609
51095669
51095687
51095689
51095749
51095753
51095771
51095777
51095797
51095809
51095813
51095831
51095851
51095873
51095893
51095917
51095923
51095951
51095987
51096007
51096013
51096047
51096061
51096079
51096107
51096109
51096113
51096161
51096167
51096181
51096193
51096233
51096239
51096247
51096259
51096299
51096313
51096319
51096337
51096359
51096361
51096389
51096443
51096449
51096469
51096503
51096517
51096523
51096533
51096553
51096559
51096571
51096581
51096583
51096613
51096629
51096671
51096691
51096707
51096797
51096827
51096839
51096841
51096847
51096901
51096919
51096923
51096931
51096953
51096967
51096971
51096973
51096977
51097003
51097049
51097051
51097069
51097091
51097097
51097139
51097147
51097169
51097177
51097181
51097183
51097187
51097229
51097231
51097243
51097253
51097261
51097297
51097309
51097339
51097379
51097381
51097471
51097489
51097531
51097573
51097589
51097609
51097637
51097639
51097649
51097661
51097667
51097679
51097693
51097741
51097747
51097759
51097793
51097811
51097817
51097829
51097843
51097847
51097853
51097901
51097933
51097939
51097967
51097979
51098009
51098017
51098023
51098051
51098059
51098083
51098161
51098183
51098231
51098237
51098251
51098269
51098273
51098279
51098293
51098309
51098317
51098347
51098351
51098363
51098401
51098407
51098417
51098431
51098459
51098461
51098471
51098477
51098483
51098497
51098501
51098513
51098563
51098573
51098639
51098683
51098687
51098693
51098699
51098737
51098741
51098743
51098767
51098797
51098807
51098849
51098851
51098857
51098863
51098869
51098891
51098903
51098909
51098911
51098953
51098959
51098963
51098969
51098977
51098981
51098987
51099023
51099043
51099047
51099089
51099101
51099107
51099119
51099121
51099137
51099143
51099149
51099187
51099193
51099203
51099211
51099277
51099299
51099311
51099317
51099337
51099383
51099397
51099409
51099427
51099431
51099469
51099497
51099539
51099541
51099547
51099551
51099557
51099589
51099613
51099619
51099641
51099661
51099673
51099677
51099689
51099691
51099709
51099733
51099787
51099799
51099821
51099823
51099833
51099871
51099877
51099901
51099913
51099931
51099941
51099947
51099967
51099989
51099991
51100019
51100033
51100057
51100157
51100169
51100213
51100229
51100237
51100267
51100271
51100277
51100289
51100303
51100373
51100381
51100397
51100409
51100429
51100433
51100451
51100459
51100471
51100501
51100529
51100531
51100547
51100561
51100571
51100579
51100583
51100601
51100603
51100619
51100631
51100661
51100729
51100757
51100769
51100771
51100783
51100787
51100789
51100799
51100843
51100853
51100867
51100877
51100879
51100921
51100939
51100961
51100969
51100979
51100999
51101003
51101023
51101087
51101131
51101153
51101159
51101179
51101207
51101213
51101221
51101263
51101291
51101333
51101363
51101417
51101419
51101429
51101441
51101461
51101471
51101483
51101513
51101527
51101569
51101573
51101581
51101597
51101647
51101663
51101681
51101719
51101723
51101731
51101747
51101749
51101767
51101777
51101783
51101797
51101803
51101851
51101863
51101891
51101893
51101899
51101903
51101909
51101917
51101923
51101933
51101977
51101987
51101989
51102049
51102127
51102131
51102151
51102157
51102193
51102203
51102209
51102211
51102223
51102253
51102281
51102283
51102313
51102349
51102367
51102383
51102397
51102407
51102427
51102431
51102433
51102473
51102479
51102509
51102511
51102517
51102521
51102529
51102551
51102577
51102581
51102599
51102637
51102659
51102671
51102683
51102691
51102739
51102749
51102763
51102767
51102817
51102827
51102829
51102841
51102859
51102893
51102907
51102917
51102929
51102937
51102943
51102949
51102979
51102983
51103057
51103061
51103067
51103069
51103109
51103121
51103153
51103181
51103187
51103193
51103201
51103237
51103243
51103259
51103277
51103279
51103303
51103313
51103333
51103337
51103363
51103373
51103391
51103397
51103427
51103439
51103471
51103477
51103517
51103519
51103541
51103561
51103571
51103579
51103583
51103609
51103621
51103709
51103727
51103747
51103763
51103777
51103783
51103799
51103807
51103817
51103849
51103873
51103933
51103951
51103957
51103961
51103973
51103979
51104033
51104041
51104047
51104051
51104063
51104077
51104093
51104099
51104107
51104111
51104117
51104143
51104149
51104191
51104197
51104201
51104203
51104219
51104239
51104257
51104267
51104269
51104299
51104303
51104311
51104341
51104359
51104381
51104387
51104407
51104447
51104477
51104479
51104489
51104497
51104507
51104513
51104527
51104531
51104539
51104549
51104579
51104587
51104617
51104621
51104629
51104639
51104657
51104681
51104693
51104723
51104761
51104783
51104821
51104857
51104861
51104887
51104897
51104899
51104929
51104947
51104951
51104953
51104969
51104971
51105001
51105013
51105017
51105023
51105031
51105053
51105059
51105073
51105083
51105101
51105107
51105137
51105139
51105167
51105239
51105277
51105283
51105289
51105317
51105319
51105331
51105347
51105359
51105367
51105443
51105449
51105469
51105487
51105529
51105533
51105539
51105559
51105581
51105583
51105599
51105619
51105641
51105643
51105647
51105667
51105707
51105731
51105773
51105781
51105797
51105829
51105863
51105869
51105881
51105889
51105911
51105941
51105979
51106009
51106019
51106021
51106037
51106039
51106051
51106057
51106079
51106093
51106117
51106141
51106177
51106183
51106217
51106229
51106241
51106243
51106261
51106273
51106277
51106291
51106339
51106357
51106373
51106379
51106411
51106417
51106427
51106441
51106481
51106493
51106501
51106511
51106543
51106571
51106577
51106579
51106603
51106609
51106633
51106639
51106663
51106673
51106691
51106697
51106711
51106733
51106739
51106753
51106771
51106793
51106799
51106801
51106807
51106819
51106823
51106829
51106871
51106873
51106877
51106933
51106963
51106967
51106969
51107009
51107029
51107053
51107059
51107087
51107107
51107113
51107123
51107129
51107143
51107171
51107191
51107257
51107267
51107269
51107297
51107299
51107327
51107339
51107347
51107351
51107369
51107383
51107387
51107429
51107453
51107489
51107503
51107557
51107591
51107597
51107603
51107653
51107669
51107671
51107687
51107711
51107737
51107743
51107761
51107783
51107789
51107827
51107839
51107857
51107869
51107873
51107887
51107893
51107911
51107921
51107939
51107963
51107981
51107993
51108007
51108019
51108041
51108049
51108061
51108067
51108073
51108089
51108091
51108097
51108107
51108131
51108151
51108173
51108191
51108193
51108199
51108217
51108227
51108241
51108251
51108257
51108269
51108287
51108311
51108313
51108319
51108331
51108349
51108361
51108371
51108373
51108383
51108401
51108403
51108413
51108451
51108457
51108539
51108557
51108559
51108571
51108583
51108593
51108619
51108623
51108637
51108641
51108671
51108709
51108713
51108719
51108731
51108751
51108769
51108779
51108781
51108797
51108857
51108859
51108887
51108899
51108913
51108931
51108943
51108949
51108961
51108977
51108989
51108997
51109027
51109057
51109061
51109063
51109067
51109073
51109087
51109103
51109133
51109153
51109169
51109171
51109187
51109207
51109213
51109231
51109237
51109301
51109307
51109319
51109367
51109391
51109393
51109403
51109439
51109441
51109447
51109451
51109459
51109477
51109481
51109501
51109511
51109523
51109529
51109537
51109549
51109559
51109577
51109589
51109609
51109613
51109637
51109679
51109693
51109699
51109717
51109771
51109777
51109783
51109789
51109813
51109819
51109859
51109873
51109879
51109901
51109907
51109921
51109963
51109969
51109997
51110011
51110023
51110029
51110053
51110069
51110089
51110099
51110123
51110167
51110219
51110221
51110233
51110243
51110249
51110287
51110299
51110303
51110309
51110317
51110341
51110363
51110401
51110419
51110459
51110473
51110509
51110519
51110581
51110593
51110597
51110659
51110681
51110693
51110707
51110713
51110729
51110743
51110767
51110771
51110777
51110821
51110827
51110837
51110849
51110869
51110881
51110911
51110929
51110951
51110953
51110977
51110981
51110987
51110999
51111013
51111029
51111031
51111089
51111103
51111119
51111139
51111149
51111161
51111167
51111173
51111191
51111199
51111211
51111217
51111227
51111233
51111251
51111257
51111259
51111271
51111283
51111301
51111329
51111331
51111373
51111383
51111397
51111443
51111479
51111491
51111493
51111559
51111581
51111617
51111629
51111637
51111661
51111677
51111679
51111703
51111719
51111737
51111743
51111761
51111787
51111857
51111869
51111937
51111941
51111947
51111989
51112043
51112067
51112069
51112091
51112151
51112153
51112169
51112177
51112189
51112219
51112247
51112277
51112283
51112291
51112339
51112367
51112379
51112393
51112427
51112441
51112487
51112493
51112507
51112517
51112531
51112541
51112573
51112637
51112639
51112643
51112661
51112667
51112669
51112673
51112697
51112729
51112741
51112751
51112757
51112777
51112843
51112847
51112861
51112879
51112883
51112949
51112961
51112973
51112981
51112987
51113003
51113009
51113011
51113053
51113063
51113071
51113087
51113089
51113093
51113099
51113119
51113129
51113131
51113137
51113149
51113159
51113207
51113221
51113233
51113239
51113267
51113281
51113297
51113311
51113333
51113357
51113371
51113417
51113431
51113459
51113483
51113507
51113527
51113533
51113549
51113551
51113597
51113599
51113603
51113609
51113633
51113639
51113663
51113693
51113707
51113717
51113719
51113723
51113731
51113737
51113759
51113767
51113771
51113789
51113813
51113827
51113837
51113879
51113893
51113897
51113899
51113911
51113929
51113939
51113941
51113963
51113969
51113989
51114023
51114097
51114103
51114109
51114113
51114127
51114137
51114163
51114169
51114187
51114197
51114209
51114227
51114241
51114251
51114253
51114263
51114277
51114281
51114299
51114311
51114317
51114337
51114341
51114347
51114361
51114379
51114421
51114431
51114433
51114439
51114457
51114463
51114491
51114493
51114517
51114571
51114589
51114601
51114619
51114641
51114667
51114683
51114697
51114727
51114751
51114757
51114761
51114773
51114853
51114893
51114923
51114979
51114983
51115049
51115079
51115109
51115117
51115121
51115123
51115147
51115153
51115157
51115159
51115189
51115199
51115231
51115237
51115247
51115271
51115289
51115297
51115327
51115331
51115357
51115369
51115381
51115399
51115409
51115423
51115457
51115469
51115483
51115511
51115513
51115523
51115543
51115577
51115601
51115613
51115657
51115679
51115693
51115703
51115709
51115711
51115723
51115733
51115739
51115763
51115769
51115783
51115789
51115793
51115829
51115847
51115873
51115879
51115927
51115943
51115973
51115979
51116011
51116017
51116041
51116047
51116057
51116071
51116101
51116111
51116113
51116159
51116167
51116173
51116249
51116257
51116267
51116269
51116323
51116333
51116339
51116347
51116363
51116371
51116383
51116393
51116407
51116413
51116431
51116453
51116477
51116503
51116509
51116561
51116563
51116579
51116581
51116591
51116609
51116617
51116621
51116633
51116641
51116657
51116699
51116701
51116711
51116731
51116761
51116797
51116801
51116803
51116837
51116881
51116887
51116911
51116921
51116929
51116939
51116941
51116953
51116957
51116959
51116999
51117013
51117023
51117041
51117083
51117103
51117167
51117173
51117179
51117191
51117203
51117251
51117257
51117259
51117307
51117331
51117337
51117347
51117349
51117359
51117361
51117371
51117377
51117383
51117397
51117421
51117439
51117463
51117491
51117499
51117509
51117511
51117533
51117571
51117587
51117601
51117607
51117631
51117643
51117653
51117679
51117701
51117713
51117719
51117743
51117763
51117779
51117821
51117863
51117883
51117887
51117889
51117901
51117931
51117949
51117953
51117991
51118003
51118033
51118043
51118049
51118063
51118069
