52166657
52166671
52166701
52166711
52166743
52166759
52166867
52166903
52166909
52166923
52166927
52166941
52166971
52166977
52166981
52166987
52166993
52167001
52167019
52167023
52167043
52167061
52167091
52167109
52167113
52167121
52167149
52167163
52167173
52167191
52167239
52167307
52167341
52167343
52167347
52167361
52167377
52167391
52167403
52167419
52167421
52167431
52167449
52167503
52167523
52167547
52167553
52167601
52167613
52167641
52167649
52167671
52167677
52167683
52167691
52167701
52167721
52167733
52167751
52167763
52167779
52167793
52167799
52167821
52167827
52167833
52167853
52167877
52167881
52167893
52167923
52167971
52168027
52168033
52168037
52168057
52168069
52168079
52168111
52168157
52168169
52168177
52168183
52168199
52168201
52168219
52168231
52168247
52168253
52168267
52168279
52168283
52168307
52168321
52168339
52168349
52168379
52168387
52168423
52168429
52168453
52168463
52168489
52168511
52168517
52168553
52168559
52168561
52168583
52168601
52168609
52168619
52168657
52168663
52168667
52168693
52168703
52168717
52168723
52168729
52168747
52168777
52168789
52168819
52168849
52168867
52168871
52168891
52168931
52168951
52168957
52168967
52168973
52168979
52168981
52169017
52169023
52169071
52169099
52169101
52169111
52169123
52169137
52169153
52169203
52169233
52169239
52169263
52169303
52169321
52169323
52169329
52169333
52169339
52169357
52169387
52169419
52169461
52169473
52169479
52169489
52169503
52169527
52169561
52169563
52169569
52169609
52169627
52169633
52169639
52169653
52169657
52169713
52169731
52169771
52169779
52169797
52169849
52169857
52169863
52169867
52169891
52169893
52169933
52169977
52169989
52170007
52170031
52170061
52170071
52170077
52170103
52170113
52170119
52170149
52170193
52170197
52170199
52170211
52170227
52170271
52170277
52170281
52170301
52170317
52170319
52170323
52170341
52170353
52170367
52170389
52170401
52170403
52170451
52170473
52170479
52170493
52170499
52170511
52170533
52170539
52170541
52170553
52170571
52170583
52170607
52170649
52170673
52170697
52170707
52170719
52170721
52170733
52170749
52170757
52170763
52170787
52170791
52170847
52170863
52170869
52170883
52170907
52170917
52170959
52170991
52171001
52171003
52171037
52171039
52171051
52171069
52171121
52171123
52171151
52171157
52171201
52171237
52171241
52171253
52171277
52171279
52171289
52171331
52171349
52171367
52171387
52171411
52171417
52171423
52171477
52171501
52171507
52171523
52171529
52171541
52171579
52171607
52171643
52171673
52171681
52171687
52171703
52171709
52171733
52171747
52171789
52171799
52171829
52171849
52171879
52171907
52171909
52171913
52171919
52171937
52171949
52171993
52172009
52172017
52172033
52172041
52172047
52172051
52172093
52172111
52172117
52172123
52172137
52172171
52172231
52172243
52172249
52172251
52172261
52172273
52172293
52172317
52172327
52172333
52172369
52172387
52172413
52172429
52172447
52172503
52172509
52172531
52172557
52172563
52172567
52172569
52172581
52172587
52172599
52172611
52172621
52172639
52172657
52172663
52172713
52172719
52172749
52172759
52172767
52172807
52172831
52172837
52172839
52172843
52172851
52172893
52172909
52172921
52172929
52172941
52172963
52173007
52173019
52173029
52173073
52173089
52173091
52173109
52173133
52173137
52173139
52173157
52173161
52173179
52173193
52173229
52173241
52173257
52173263
52173301
52173347
52173353
52173377
52173379
52173383
52173389
52173397
52173413
52173419
52173421
52173437
52173463
52173481
52173509
52173533
52173547
52173553
52173557
52173559
52173587
52173599
52173617
52173643
52173661
52173673
52173721
52173743
52173761
52173767
52173787
52173809
52173817
52173857
52173887
52173893
52173917
52173931
52173937
52173941
52173967
52173977
52173991
52173997
52174009
52174043
52174091
52174123
52174127
52174141
52174153
52174159
52174169
52174211
52174229
52174253
52174259
52174261
52174301
52174303
52174357
52174363
52174379
52174429
52174439
52174471
52174483
52174541
52174543
52174553
52174561
52174571
52174607
52174621
52174657
52174663
52174679
52174687
52174693
52174721
52174723
52174739
52174757
52174763
52174777
52174783
52174789
52174807
52174831
52174849
52174861
52174873
52174877
52174933
52174937
52174961
52174963
52174979
52174987
52174999
52175009
52175021
52175027
52175033
52175047
52175051
52175059
52175107
52175113
52175117
52175141
52175153
52175171
52175173
52175177
52175183
52175203
52175219
52175239
52175251
52175257
52175281
52175303
52175317
52175323
52175327
52175407
52175413
52175419
52175429
52175441
52175503
52175507
52175521
52175531
52175549
52175551
52175579
52175581
52175609
52175633
52175639
52175659
52175677
52175681
52175701
52175741
52175789
52175803
52175807
52175819
52175831
52175887
52175897
52175909
52175911
52175917
52175927
52175951
52175953
52175987
52175993
52175999
52176037
52176053
52176079
52176107
52176127
52176139
52176143
52176169
52176197
52176209
52176227
52176233
52176269
52176277
52176283
52176323
52176331
52176343
52176347
52176367
52176391
52176403
52176461
52176469
52176479
52176491
52176493
52176497
52176511
52176521
52176529
52176563
52176583
52176589
52176599
52176601
52176613
52176637
52176643
52176647
52176661
52176667
52176703
52176739
52176743
52176749
52176763
52176779
52176809
52176841
52176851
52176863
52176877
52176881
52176947
52176967
52176997
52177001
52177031
52177039
52177043
52177057
52177079
52177091
52177109
52177129
52177163
52177171
52177183
52177187
52177193
52177201
52177207
52177219
52177231
52177241
52177243
52177253
52177259
52177277
52177303
52177327
52177331
52177337
52177339
52177393
52177397
52177399
52177423
52177429
52177451
52177453
52177457
52177459
52177481
52177483
52177487
52177507
52177513
52177519
52177529
52177549
52177589
52177613
52177621
52177627
52177663
52177669
52177673
52177679
52177691
52177717
52177729
52177759
52177793
52177813
52177817
52177831
52177837
52177859
52177861
52177891
52177901
52177903
52177907
52177919
52177921
52177927
52177969
52177987
52178003
52178017
52178057
52178081
52178183
52178197
52178207
52178227
52178233
52178257
52178263
52178267
52178299
52178303
52178333
52178339
52178359
52178381
52178383
52178407
52178431
52178437
52178449
52178537
52178543
52178557
52178561
52178563
52178587
52178603
52178699
52178701
52178747
52178759
52178783
52178809
52178813
52178821
52178827
52178837
52178849
52178879
52178891
52178911
52178941
52178953
52178969
52179011
52179031
52179047
52179067
52179077
52179089
52179097
52179109
52179121
52179133
52179163
52179181
52179191
52179209
52179221
52179227
52179233
52179241
52179251
52179277
52179289
52179313
52179319
52179329
52179331
52179359
52179367
52179371
52179373
52179383
52179419
52179427
52179437
52179467
52179493
52179521
52179553
52179577
52179581
52179599
52179623
52179649
52179679
52179689
52179703
52179707
52179739
52179761
52179773
52179779
52179781
52179791
52179797
52179821
52179857
52179887
52179923
52179937
52179943
52179973
52179983
52179997
52180033
52180067
52180081
52180091
52180097
52180103
52180133
52180151
52180171
52180187
52180189
52180201
52180207
52180217
52180229
52180241
52180253
52180339
52180379
52180391
52180393
52180411
52180421
52180451
52180459
52180477
52180487
52180493
52180501
52180507
52180553
52180571
52180573
52180591
52180637
52180651
52180679
52180691
52180703
52180729
52180753
52180757
52180759
52180771
52180787
52180829
52180853
52180861
52180879
52180883
52180903
52180937
52180969
52180979
52180981
52180993
52181071
52181083
52181093
52181111
52181113
52181117
52181119
52181123
52181147
52181167
52181189
52181267
52181281
52181287
52181293
52181299
52181303
52181329
52181333
52181341
52181351
52181377
52181383
52181399
52181443
52181453
52181473
52181477
52181509
52181531
52181593
52181599
52181617
52181629
52181651
52181659
52181671
52181681
52181683
52181693
52181699
52181713
52181719
52181743
52181749
52181761
52181813
52181821
52181837
52181849
52181861
52181869
52181893
52181903
52181911
52181929
52181957
52182029
52182059
52182071
52182073
52182103
52182133
52182167
52182181
52182191
52182203
52182209
52182233
52182241
52182253
52182257
52182271
52182283
52182287
52182293
52182301
52182307
52182329
52182337
52182343
52182359
52182419
52182433
52182443
52182451
52182497
52182523
52182527
52182563
52182577
52182583
52182589
52182623
52182661
52182733
52182743
52182751
52182763
52182811
52182817
52182841
52182857
52182869
52182881
52182943
52182953
52182961
52182967
52182971
52182997
52183031
52183039
52183049
52183051
52183057
52183091
52183127
52183129
52183171
52183181
52183211
52183223
52183259
52183279
52183289
52183331
52183337
52183349
52183361
52183399
52183409
52183433
52183471
52183477
52183493
52183501
52183507
52183531
52183541
52183543
52183601
52183603
52183613
52183631
52183643
52183657
52183669
52183679
52183699
52183721
52183723
52183741
52183751
52183759
52183763
52183777
52183783
52183787
52183799
52183841
52183867
52183871
52183883
52183889
52183891
52183903
52183909
52183913
52183933
52183979
52183991
52183997
52184017
52184029
52184047
52184057
52184059
52184063
52184087
52184141
52184149
52184177
52184183
52184189
52184201
52184257
52184303
52184323
52184329
52184333
52184359
52184381
52184387
52184399
52184423
52184437
52184443
52184449
52184519
52184537
52184549
52184557
52184567
52184591
52184597
52184609
52184633
52184647
52184663
52184669
52184683
52184729
52184779
52184789
52184801
52184809
52184819
52184827
52184879
52184897
52184927
52184941
52184947
52184959
52184971
52184981
52184987
52184989
52185013
52185017
52185031
52185041
52185083
52185097
52185113
52185131
52185139
52185143
52185149
52185151
52185157
52185173
52185179
52185209
52185233
52185241
52185269
52185271
52185283
52185293
52185299
52185347
52185349
52185361
52185379
52185383
52185391
52185409
52185421
52185451
52185473
52185487
52185499
52185521
52185569
52185619
52185641
52185667
52185673
52185691
52185713
52185737
52185769
52185797
52185811
52185817
52185823
52185851
52185857
52185863
52185871
52185901
52185929
52185949
52185953
52185967
52185977
52185979
52185983
52186019
52186037
52186063
52186067
52186081
52186087
52186117
52186157
52186187
52186193
52186223
52186229
52186249
52186259
52186261
52186271
52186273
52186279
52186327
52186363
52186411
52186417
52186427
52186429
52186441
52186469
52186493
52186507
52186513
52186543
52186579
52186637
52186669
52186691
52186697
52186699
52186703
52186709
52186723
52186829
52186843
52186853
52186859
52186861
52186879
52186943
52186949
52186961
52186963
52186969
52186987
52187029
52187041
52187071
52187081
52187087
52187089
52187117
52187119
52187123
52187141
52187143
52187183
52187227
52187257
52187287
52187293
52187309
52187339
52187341
52187371
52187381
52187413
52187417
52187419
52187449
52187453
52187459
52187489
52187507
52187519
52187521
52187537
52187543
52187557
52187567
52187591
52187593
52187599
52187651
52187657
52187659
52187693
52187701
52187749
52187753
52187761
52187789
52187819
52187831
52187833
52187857
52187867
52187903
52187917
52187923
52187929
52187999
52188007
52188043
52188067
52188077
52188083
52188091
52188119
52188133
52188137
52188179
52188217
52188229
52188233
52188247
52188263
52188271
52188277
52188289
52188319
52188329
52188341
52188343
52188359
52188361
52188379
52188397
52188401
52188473
52188481
52188533
52188547
52188557
52188571
52188581
52188583
52188637
52188667
52188671
52188677
52188683
52188701
52188707
52188767
52188797
52188803
52188811
52188853
52188883
52188911
52188973
52188979
52189013
52189021
52189051
52189069
52189097
52189117
52189121
52189141
52189171
52189199
52189211
52189237
52189261
52189271
52189283
52189289
52189301
52189363
52189367
52189421
52189441
52189463
52189477
52189481
52189493
52189513
52189517
52189519
52189547
52189549
52189567
52189603
52189607
52189619
52189639
52189651
52189661
52189667
52189673
52189681
52189699
52189703
52189727
52189759
52189769
52189799
52189801
52189811
52189853
52189859
52189861
52189871
52189873
52189877
52189883
52189897
52189901
52189909
52189919
52189961
52189987
52190023
52190027
52190029
52190057
52190063
52190077
52190087
52190101
52190113
52190129
52190147
52190189
52190209
52190219
52190231
52190233
52190249
52190297
52190309
52190371
52190377
52190393
52190407
52190423
52190431
52190447
52190449
52190471
52190491
52190503
52190543
52190569
52190591
52190597
52190599
52190647
52190653
52190659
52190689
52190711
52190713
52190717
52190729
52190737
52190741
52190759
52190767
52190779
52190819
52190837
52190843
52190857
52190951
52190959
52190989
52190993
52191001
52191023
52191047
52191049
52191067
52191079
52191089
52191101
52191107
52191137
52191149
52191199
52191221
52191239
52191247
52191281
52191287
52191331
52191421
52191427
52191443
52191449
52191463
52191467
52191473
52191487
52191533
52191541
52191563
52191583
52191599
52191611
52191641
52191653
52191679
52191691
52191701
52191721
52191731
52191743
52191773
52191781
52191847
52191863
52191871
52191883
52191889
52191901
52191911
52191913
52191947
52191959
52192001
52192013
52192033
52192039
52192073
52192079
52192099
52192117
52192169
52192177
52192207
52192211
52192229
52192241
52192243
52192279
52192291
52192307
52192321
52192337
52192339
52192369
52192381
52192391
52192409
52192417
52192421
52192423
52192429
52192433
52192447
52192453
52192463
52192477
52192501
52192507
52192523
52192573
52192619
52192649
52192687
52192691
52192709
52192711
52192717
52192729
52192733
52192769
52192783
52192787
52192793
52192801
52192813
52192817
52192831
52192849
52192853
52192859
52192891
52192897
52192913
52192919
52192937
52192939
52192949
52192961
52192963
52192967
52192991
52193021
52193039
52193047
52193101
52193117
52193131
52193147
52193153
52193159
52193161
52193173
52193177
52193189
52193269
52193291
52193327
52193363
52193381
52193411
52193431
52193441
52193447
52193489
52193501
52193503
52193507
52193539
52193543
52193563
52193567
52193579
52193597
52193599
52193623
52193629
52193633
52193651
52193653
52193719
52193747
52193777
52193797
52193821
52193833
52193879
52193891
52193899
52193929
52193951
52193963
52193983
52194001
52194019
52194053
52194119
52194133
52194143
52194151
52194157
52194167
52194187
52194203
52194209
52194211
52194221
52194251
52194257
52194281
52194293
52194371
52194377
52194413
52194419
52194433
52194449
52194469
52194481
52194503
52194511
52194523
52194547
52194553
52194557
52194601
52194617
52194631
52194661
52194683
52194713
52194721
52194739
52194749
52194757
52194787
52194803
52194829
52194847
52194887
52194893
52194911
52194929
52194931
52194949
52194973
52194997
52195037
52195069
52195081
52195097
52195127
52195133
52195141
52195177
52195183
52195201
52195217
52195229
52195237
52195259
52195277
52195307
52195309
52195357
52195361
52195373
52195397
52195399
52195411
52195433
52195459
52195523
52195529
52195531
52195541
52195547
52195553
52195573
52195597
52195601
52195607
52195609
52195643
52195651
52195667
52195669
52195691
52195733
52195753
52195811
52195837
52195859
52195867
52195877
52195879
52195883
52195939
52195973
52195981
52195987
52195999
52196009
52196057
52196071
52196083
52196099
52196101
52196107
52196113
52196117
52196129
52196141
52196167
52196189
52196191
52196213
52196231
52196251
52196257
52196267
52196279
52196303
52196311
52196323
52196359
52196371
52196399
52196411
52196413
52196429
52196449
52196471
52196479
52196509
52196513
52196519
52196527
52196531
52196563
52196569
52196587
52196597
52196609
52196611
52196659
52196687
52196689
52196701
52196719
52196747
52196759
52196761
52196827
52196831
52196849
52196869
52196917
52196981
52196983
52196993
52197007
52197023
52197031
52197037
52197077
52197107
52197133
52197181
52197203
52197217
52197239
52197251
52197253
52197311
52197337
52197407
52197437
52197443
52197461
52197473
52197479
52197533
52197547
52197553
52197577
52197601
52197637
52197641
52197643
52197661
52197671
52197679
52197721
52197727
52197773
52197781
52197791
52197793
52197809
52197823
52197841
52197853
52197857
52197863
52197919
52197923
52197967
52197983
52198033
52198039
52198049
52198051
52198061
52198099
52198117
52198183
52198189
52198193
52198217
52198219
52198229
52198271
52198331
52198343
52198351
52198357
52198373
52198387
52198403
52198441
52198457
52198511
52198519
52198537
52198541
52198543
52198591
52198607
52198609
52198621
52198633
52198639
52198667
52198673
52198691
52198733
52198759
52198763
52198787
52198793
52198807
52198813
52198819
52198837
52198849
52198873
52198879
52198931
52198933
52198961
52198967
52199047
52199051
52199053
52199111
52199113
52199131
52199143
52199153
52199179
52199183
52199209
52199219
52199221
52199227
52199239
52199243
52199249
52199261
52199263
52199293
52199297
52199309
52199311
52199321
52199339
52199363
52199387
52199417
52199429
52199431
52199461
52199471
52199509
52199513
52199531
52199533
52199551
52199561
52199569
52199573
52199597
52199611
52199621
52199659
52199687
52199699
52199723
52199731
52199737
52199743
52199747
52199761
52199789
52199867
52199869
52199879
52199881
52199951
52199993
52199999
52200053
52200059
52200061
52200103
52200121
52200143
52200157
52200193
52200227
52200233
52200241
52200263
52200293
52200307
52200331
52200341
52200347
52200361
52200367
52200371
52200383
52200397
52200431
52200433
52200457
52200461
52200521
52200529
52200541
52200569
52200583
52200611
52200623
52200641
52200649
52200661
52200671
52200677
52200679
52200697
52200703
52200713
52200763
52200769
52200791
52200817
52200857
52200859
52200871
52200881
52200893
52200901
52200917
52200947
52200959
52200983
52200991
52201003
52201013
52201021
52201049
52201091
52201103
52201111
52201129
52201157
52201187
52201213
52201267
52201277
52201291
52201319
52201321
52201397
52201399
52201403
52201411
52201433
52201447
52201451
52201453
52201459
52201469
52201477
52201507
52201549
52201571
52201579
52201603
52201609
52201619
52201621
52201657
52201673
52201691
52201693
52201717
52201729
52201763
52201801
52201817
52201823
52201837
52201841
52201921
52201967
52201991
52201997
52202011
52202023
52202057
52202071
52202093
52202099
52202113
52202123
52202147
52202159
52202239
52202273
52202281
52202309
52202377
52202413
52202429
52202431
52202503
52202539
52202561
52202567
52202569
52202573
52202593
52202621
52202651
52202659
52202681
52202687
52202693
52202707
52202719
52202741
52202743
52202749
52202797
52202803
52202809
52202837
52202863
52202873
52202897
52202981
52202999
52203037
52203061
52203091
52203113
52203119
52203139
52203149
52203157
52203191
52203197
52203253
52203271
52203289
52203293
52203301
52203313
52203329
52203341
52203343
52203367
52203409
52203421
52203427
52203433
52203443
52203457
52203467
52203493
52203497
52203499
52203523
52203551
52203553
52203587
52203589
52203601
52203623
52203647
52203649
52203661
52203667
52203703
52203709
52203727
52203737
52203761
52203803
52203817
52203829
52203841
52203863
52203901
52203953
52203959
52203989
52204027
52204037
52204063
52204067
52204073
52204081
52204121
52204129
52204183
52204213
52204219
52204223
52204231
52204247
52204249
52204259
52204277
52204283
52204289
52204301
52204303
52204391
52204393
52204423
52204441
52204459
52204483
52204507
52204513
52204547
52204573
52204583
52204601
52204613
52204619
52204631
52204657
52204673
52204681
52204699
52204717
52204729
52204741
52204753
52204769
52204853
52204879
52204883
52204897
52204937
52204949
52204973
52205003
52205033
52205047
52205051
52205057
52205077
52205089
52205107
52205123
52205129
52205137
52205161
52205189
52205201
52205213
52205221
52205243
52205267
52205273
52205299
52205323
52205327
52205339
52205389
52205399
52205401
52205411
52205431
52205437
52205443
52205449
52205467
52205471
52205473
52205513
52205533
52205537
52205551
52205563
52205599
52205603
52205611
52205617
52205627
52205639
52205641
52205677
52205693
52205701
52205707
52205717
52205719
52205729
52205743
52205753
52205761
52205773
52205801
52205843
52205849
52205851
52205873
52205893
52205899
52205903
52205957
52205969
52205971
52205981
52205983
52206041
52206043
52206071
52206073
52206083
52206097
52206103
52206107
52206109
52206127
52206131
52206137
52206151
52206157
52206163
52206181
52206191
52206197
52206211
52206239
52206241
52206277
52206283
52206299
52206311
52206317
52206353
52206359
52206361
52206367
52206391
52206403
52206437
52206463
52206487
52206493
52206551
52206587
52206617
52206631
52206647
52206659
52206673
52206701
52206703
52206719
52206761
52206767
52206811
52206823
52206827
52206839
52206863
52206893
52206901
52206907
52206923
52206929
52206943
52206977
52206997
52207019
52207027
52207061
52207087
52207091
52207093
52207139
52207151
52207157
52207159
52207213
52207273
52207283
52207297
52207313
52207343
52207349
52207361
52207381
52207409
52207411
52207423
52207439
52207487
52207517
52207531
52207543
52207559
52207577
52207579
52207601
52207613
52207651
52207669
52207679
52207693
52207709
52207711
52207717
52207721
52207733
52207781
52207783
52207787
52207811
52207817
52207843
52207853
52207871
52207873
52207889
52207931
52207963
52207997
52208017
52208053
52208059
52208069
52208089
52208111
52208119
52208153
52208159
52208171
52208197
52208227
52208231
52208239
52208249
52208267
52208281
52208287
52208291
52208297
52208311
52208329
52208353
52208357
52208383
52208389
52208417
52208419
52208423
52208449
52208461
52208483
52208491
52208509
52208531
52208567
52208573
52208593
52208603
52208641
52208659
52208669
52208701
52208719
52208731
52208749
52208759
52208771
52208777
52208801
52208839
52208851
52208881
52208917
52208939
52208951
52208969
52208971
52208977
52208987
52208999
52209029
52209037
52209061
52209071
52209083
52209097
52209127
52209139
52209163
52209167
52209173
52209197
52209217
52209221
52209253
52209299
52209323
52209347
52209349
52209371
52209401
52209413
52209419
52209427
52209461
52209463
52209491
52209529
52209551
52209557
52209559
52209569
52209593
52209607
52209643
52209653
52209679
52209691
52209709
52209713
52209719
52209727
52209761
52209763
52209811
52209847
52209863
52209877
52209881
52209893
52209917
52209943
52209953
52209973
52210001
52210003
52210021
52210027
52210049
52210061
52210087
52210099
52210129
52210139
52210163
52210187
52210199
52210201
52210241
52210243
52210273
52210283
52210303
52210313
52210331
52210351
52210357
52210381
52210393
52210409
52210421
52210429
52210439
52210453
52210463
52210493
52210513
52210531
52210573
52210579
52210583
52210607
52210619
52210657
52210679
52210687
52210733
52210747
52210751
52210771
52210787
52210799
52210801
52210813
52210819
52210831
52210853
52210861
52210969
52210979
52210981
52210997
52211039
52211051
52211077
52211083
52211087
52211101
52211113
52211141
52211143
52211153
52211177
52211251
52211261
52211273
52211287
52211321
52211359
52211389
52211443
52211459
52211461
52211473
52211507
52211521
52211531
52211557
52211561
52211567
52211581
52211603
52211617
52211681
52211683
52211707
52211741
52211759
52211779
52211807
52211813
52211821
52211839
52211851
52211869
52211923
52211953
52211963
52212023
52212037
52212053
52212059
52212067
52212071
52212073
52212131
52212137
52212163
52212169
52212197
52212203
52212211
52212221
52212233
52212239
52212269
52212283
52212299
52212317
52212337
52212341
52212343
52212353
52212359
52212371
52212373
52212379
52212427
52212487
52212493
52212521
52212571
52212577
52212607
52212613
52212647
52212653
52212697
52212701
52212733
52212749
52212751
52212781
52212799
52212821
52212827
52212833
52212851
52212877
52212929
52212943
52212947
52212977
52212989
52213039
52213067
52213081
52213087
52213093
52213123
52213141
52213157
52213163
52213181
52213199
52213237
52213261
52213277
52213283
52213297
52213351
52213397
52213411
52213423
52213429
52213439
52213531
52213537
52213559
52213561
52213573
52213597
52213607
52213619
52213631
52213633
52213661
52213673
52213699
52213741
52213747
52213781
52213793
52213801
52213807
52213823
52213829
52213853
52213871
52213873
52213877
52213883
52213901
52213927
52213969
52213981
52213991
52213999
52214003
52214009
52214017
52214047
52214051
52214059
52214069
52214087
52214093
52214143
52214159
52214189
52214203
52214213
52214263
52214269
52214287
52214291
52214417
52214419
52214453
52214473
52214483
52214521
52214537
52214543
52214549
52214551
52214557
52214563
52214567
52214573
52214581
52214629
52214639
52214647
52214663
52214671
52214683
52214711
52214713
52214737
52214759
52214821
52214839
52214843
52214849
52214893
52214951
52214957
52214959
52214969
52214989
52214999
52215001
52215011
52215019
52215049
52215071
52215091
52215101
52215131
52215133
52215157
52215169
52215187
52215193
52215199
52215223
52215239
52215269
52215271
52215277
52215281
52215337
52215343
52215409
52215433
52215437
52215479
52215491
52215503
52215511
52215529
52215607
52215641
52215643
52215661
52215671
52215707
52215733
52215739
52215763
52215799
52215827
52215829
52215833
52215841
52215851
52215853
52215871
52215883
52215887
52215899
52215901
52215907
52215913
52215929
52215941
52215949
52215983
52216019
52216039
52216063
52216067
52216069
52216079
52216117
52216127
52216133
52216181
52216217
52216259
52216267
52216271
52216273
52216277
52216291
52216301
52216309
52216331
52216349
52216403
52216429
52216441
52216457
52216459
52216477
52216499
52216511
52216513
52216529
52216531
52216543
52216553
52216573
52216597
52216609
52216631
52216649
52216667
52216669
52216687
52216691
52216699
52216727
52216753
52216757
52216799
52216811
52216837
52216841
52216847
52216873
52216889
52216891
52216937
52216951
52216987
52216999
52217029
52217063
52217083
52217129
52217131
52217147
52217171
52217173
52217201
52217203
52217219
52217239
52217261
52217293
52217309
52217311
52217357
52217441
52217479
52217507
52217509
52217513
52217519
52217531
52217533
52217549
52217551
52217569
52217573
52217579
52217587
52217593
52217597
52217617
52217623
52217651
52217677
52217689
52217717
52217743
52217747
52217771
52217821
52217831
52217839
52217911
52217917
52217929
52217933
52217941
52217959
52218007
52218017
52218029
52218037
52218053
52218077
52218079
52218083
52218097
52218121
52218139
52218149
52218151
52218163
52218181
52218223
52218227
52218233
52218239
52218253
52218263
52218277
52218281
52218307
52218323
52218337
52218343
52218401
52218449
52218497
52218503
52218541
52218553
52218557
52218587
52218619
52218653
52218697
52218701
52218709
52218731
52218757
52218773
52218779
52218797
52218799
52218811
52218823
52218841
52218847
52218863
52218893
52218923
52218977
52218983
52219001
52219003
52219007
52219031
52219051
52219061
52219067
52219081
52219091
52219147
52219171
52219187
52219207
52219213
52219217
52219253
52219259
52219301
52219319
52219327
52219333
52219337
52219357
52219373
52219379
52219399
52219403
52219411
52219417
52219421
52219457
52219471
52219487
52219493
52219507
52219523
52219537
52219547
52219567
52219571
52219579
52219589
52219621
52219649
52219669
52219693
52219697
52219703
52219751
52219777
52219793
52219799
52219813
52219859
52219883
52219889
52219891
52219901
52219907
52219919
52219943
52219967
52219969
52219991
52219997
52220011
52220023
52220029
52220041
52220053
52220059
52220071
52220081
52220083
52220093
52220099
52220123
52220159
52220167
52220171
52220177
52220219
52220249
52220257
52220263
52220293
52220297
52220309
52220323
52220353
52220359
52220383
52220411
52220437
52220471
52220479
52220543
52220551
52220573
52220587
52220591
52220621
52220627
52220633
52220639
52220657
52220717
52220731
52220743
52220761
52220789
52220809
52220827
52220843
52220881
52220899
52220947
52220951
52220969
52220977
52220981
52220989
52220999
52221011
52221031
52221041
52221047
52221053
52221079
52221149
52221157
52221173
52221203
52221209
52221241
52221251
52221259
52221269
52221289
52221317
52221349
52221397
52221409
52221461
52221469
52221487
52221493
52221509
52221527
52221553
52221571
52221581
52221583
52221593
52221613
52221623
52221641
52221647
52221649
52221677
52221679
52221703
52221713
52221731
52221733
52221751
52221769
52221803
52221839
52221881
52221893
52221901
52221931
52221941
52221959
52221973
52221989
52222003
52222007
52222043
52222063
52222087
52222091
52222097
52222111
52222117
52222129
52222141
52222153
52222193
52222199
52222223
52222231
52222237
52222271
52222277
52222297
52222309
52222327
52222333
52222337
52222343
52222349
52222381
52222399
52222409
52222411
52222421
52222427
52222451
52222463
52222483
52222501
52222517
52222529
52222549
52222553
52222567
52222601
52222603
52222607
52222633
52222661
52222721
52222733
52222739
52222747
52222777
52222783
52222801
52222867
52222883
52222901
52222909
52222921
52222979
52222981
52222993
52223011
52223023
52223033
52223117
52223131
52223141
52223147
52223177
52223183
52223203
52223207
52223239
52223261
52223263
52223279
52223329
52223333
52223341
52223399
52223401
52223417
52223443
52223449
52223459
52223467
52223471
52223489
52223491
52223513
52223527
52223537
52223557
52223573
52223579
52223599
52223617
52223621
52223653
52223657
52223663
52223671
52223681
52223713
52223719
52223729
52223783
52223851
52223863
52223891
52223893
52223903
52223917
52223939
52223947
52223957
52223993
52223999
52224001
52224019
52224023
52224031
52224047
52224061
52224071
52224079
52224091
52224163
52224169
52224197
52224203
52224247
52224251
52224257
52224259
52224269
52224281
52224287
52224299
52224307
52224311
52224313
52224343
52224349
52224371
52224377
52224383
52224397
52224401
52224409
52224413
52224433
52224461
52224463
52224481
52224511
52224517
52224539
52224551
52224569
52224581
52224643
52224647
52224659
52224707
52224719
52224751
52224761
52224763
52224773
52224779
52224793
52224829
52224839
52224883
52224889
52224923
52224929
52224937
52224961
52224983
52225051
52225057
52225081
52225099
52225109
52225123
52225127
52225133
52225141
52225153
52225163
52225169
52225189
52225213
52225231
52225237
52225247
52225253
52225301
52225337
52225339
52225351
52225367
52225379
52225391
52225403
52225427
52225447
52225457
52225477
52225487
52225489
52225493
52225501
52225519
52225529
52225553
52225567
52225583
52225597
52225609
52225631
52225637
52225643
52225651
52225687
52225697
52225711
52225727
52225729
52225739
52225757
52225777
52225783
52225799
52225861
52225871
52225891
52225909
52225913
52225949
52225963
52226021
52226029
52226039
52226051
52226059
52226089
52226093
52226099
52226101
52226113
52226131
52226149
52226177
52226183
52226201
52226233
52226249
52226281
52226311
52226327
52226401
52226407
52226423
52226443
52226479
52226483
52226501
52226507
52226527
52226539
52226549
52226557
52226569
52226597
52226621
52226627
52226653
52226683
52226693
52226711
52226731
52226747
52226753
52226761
52226777
52226789
52226791
52226809
52226827
52226831
52226833
52226843
52226879
52226893
52226921
52226927
52226929
52226939
52226947
52226959
52226981
52227037
52227061
52227083
52227107
52227113
52227121
52227139
52227167
52227191
52227221
52227223
52227229
52227233
52227251
52227299
52227311
52227323
52227379
52227389
52227397
52227433
52227437
52227491
52227509
52227533
52227559
52227577
52227601
52227647
52227673
52227691
52227697
52227709
52227719
52227739
52227787
52227817
52227841
52227863
52227883
52227899
52227911
52227937
52227947
52227991
52228003
52228019
52228021
52228037
52228061
52228103
52228109
52228123
52228171
52228177
52228223
52228237
52228247
52228249
52228271
52228279
52228291
52228303
52228343
52228357
52228367
52228399
52228409
52228411
52228417
52228427
52228439
52228453
52228457
52228481
52228483
52228529
52228537
52228591
52228613
52228621
52228633
52228639
52228643
52228651
52228697
52228727
52228741
52228751
52228819
52228823
52228859
52228861
52228889
52228919
52228933
52228951
52228963
52228987
52228997
52229003
52229059
52229063
52229069
52229071
52229123
52229171
52229183
52229197
52229207
52229213
52229269
52229293
52229323
52229329
52229351
52229357
52229369
52229431
52229447
52229453
52229479
52229497
52229501
52229503
52229509
52229519
52229521
52229587
52229591
52229599
52229621
52229629
52229663
52229669
52229687
52229701
52229707
52229719
52229731
52229741
52229767
52229773
52229789
52229791
52229813
52229819
52229867
52229869
52229897
52229909
52229921
52229923
52229929
52229939
52229971
52229999
52230007
52230047
52230053
52230067
52230083
52230089
52230097
52230109
52230127
52230149
52230151
52230161
52230169
52230173
52230179
52230181
52230193
52230209
52230229
52230349
52230361
52230371
52230377
52230383
52230389
52230397
52230403
52230407
52230439
52230461
52230463
52230467
52230469
52230481
52230499
52230533
52230547
52230557
52230593
52230611
52230667
52230683
52230713
52230727
52230751
52230781
52230793
52230863
52230869
52230889
52230931
52230961
52230977
52230979
52231009
52231027
52231031
52231043
52231099
52231121
52231169
52231181
52231211
52231213
52231219
52231243
52231261
52231273
52231303
52231357
52231393
52231411
52231423
52231451
52231471
52231477
52231507
52231549
52231567
52231577
52231591
52231603
52231607
52231631
52231649
52231693
52231709
52231717
52231757
52231763
52231787
52231811
52231831
52231841
52231849
52231867
52231897
52231903
52231913
52231937
52231979
52231981
52232003
52232009
52232017
52232027
52232029
52232039
52232069
52232071
52232077
52232107
52232113
52232119
52232129
52232137
52232153
52232183
