51511297
51511321
51511357
51511379
51511381
51511387
51511393
51511403
51511417
51511459
51511477
51511487
51511517
51511529
51511531
51511541
51511561
51511591
51511609
51511637
51511643
51511657
51511693
51511741
51511763
51511771
51511777
51511783
51511787
51511799
51511847
51511861
51511879
51511891
51511913
51511931
51511963
51512009
51512011
51512039
51512099
51512101
51512107
51512117
51512119
51512129
51512147
51512179
51512189
51512233
51512267
51512281
51512299
51512333
51512353
51512371
51512389
51512407
51512413
51512437
51512443
51512453
51512459
51512491
51512557
51512563
51512569
51512599
51512603
51512627
51512633
51512641
51512717
51512719
51512779
51512789
51512803
51512821
51512831
51512837
51512849
51512869
51512887
51512897
51512899
51512921
51512927
51512957
51512969
51513001
51513013
51513023
51513029
51513061
51513067
51513079
51513083
51513089
51513101
51513109
51513149
51513167
51513181
51513229
51513257
51513263
51513283
51513299
51513347
51513373
51513377
51513391
51513433
51513533
51513559
51513563
51513571
51513593
51513601
51513611
51513619
51513647
51513653
51513659
51513673
51513703
51513719
51513743
51513793
51513797
51513809
51513811
51513841
51513857
51513863
51513901
51513923
51513929
51513949
51513977
51514013
51514049
51514051
51514061
51514069
51514079
51514087
51514091
51514093
51514109
51514117
51514123
51514147
51514171
51514189
51514201
51514213
51514261
51514271
51514277
51514289
51514291
51514297
51514313
51514321
51514361
51514367
51514391
51514423
51514427
51514433
51514447
51514451
51514459
51514481
51514483
51514499
51514511
51514513
51514537
51514543
51514577
51514583
51514597
51514609
51514621
51514627
51514633
51514637
51514667
51514691
51514703
51514711
51514721
51514739
51514763
51514783
51514789
51514807
51514849
51514861
51514921
51514987
51515003
51515011
51515021
51515033
51515047
51515053
51515071
51515077
51515081
51515129
51515159
51515209
51515221
51515227
51515249
51515279
51515291
51515351
51515363
51515369
51515371
51515407
51515447
51515461
51515473
51515489
51515501
51515509
51515533
51515539
51515549
51515551
51515567
51515573
51515579
51515587
51515609
51515617
51515621
51515623
51515641
51515647
51515657
51515671
51515719
51515741
51515747
51515749
51515771
51515773
51515801
51515809
51515819
51515839
51515843
51515851
51515869
51515923
51515927
51515941
51515953
51515963
51515983
51515999
51516013
51516019
51516029
51516037
51516043
51516071
51516077
51516083
51516097
51516167
51516187
51516221
51516271
51516281
51516293
51516301
51516317
51516331
51516349
51516359
51516397
51516403
51516419
51516431
51516433
51516449
51516457
51516461
51516463
51516473
51516497
51516503
51516539
51516551
51516571
51516593
51516599
51516607
51516629
51516643
51516683
51516701
51516713
51516719
51516727
51516739
51516781
51516793
51516799
51516811
51516833
51516877
51516887
51516943
51516973
51516977
51516979
51516989
51517013
51517019
51517031
51517043
51517051
51517073
51517087
51517097
51517099
51517111
51517121
51517159
51517163
51517177
51517181
51517199
51517241
51517261
51517289
51517313
51517321
51517337
51517393
51517409
51517421
51517441
51517451
51517457
51517471
51517481
51517507
51517511
51517523
51517553
51517591
51517597
51517619
51517621
51517637
51517657
51517699
51517703
51517729
51517751
51517757
51517789
51517831
51517859
51517867
51517883
51517903
51517909
51517919
51517927
51517951
51517957
51518021
51518053
51518081
51518107
51518113
51518147
51518149
51518153
51518161
51518179
51518197
51518213
51518219
51518261
51518267
51518287
51518303
51518309
51518323
51518351
51518353
51518407
51518417
51518419
51518431
51518539
51518549
51518563
51518567
51518569
51518603
51518609
51518617
51518647
51518651
51518657
51518659
51518699
51518711
51518717
51518729
51518759
51518767
51518783
51518791
51518843
51518851
51518879
51518893
51518903
51518927
51518933
51518941
51518963
51519007
51519019
51519043
51519049
51519053
51519077
51519101
51519113
51519121
51519151
51519173
51519187
51519199
51519211
51519217
51519263
51519269
51519271
51519311
51519337
51519343
51519359
51519371
51519389
51519397
51519407
51519409
51519421
51519439
51519443
51519451
51519491
51519497
51519509
51519527
51519569
51519593
51519599
51519623
51519647
51519653
51519679
51519703
51519757
51519761
51519779
51519781
51519817
51519829
51519833
51519857
51519883
51519893
51519917
51519953
51519967
51519973
51519983
51519991
51520003
51520033
51520043
51520093
51520097
51520099
51520103
51520121
51520129
51520151
51520159
51520163
51520181
51520193
51520199
51520219
51520247
51520277
51520283
51520297
51520303
51520307
51520333
51520349
51520351
51520367
51520373
51520379
51520411
51520423
51520439
51520451
51520459
51520499
51520583
51520627
51520639
51520643
51520709
51520753
51520757
51520787
51520801
51520867
51520873
51520891
51520927
51520939
51520961
51520981
51521017
51521021
51521077
51521089
51521111
51521117
51521147
51521159
51521161
51521177
51521189
51521201
51521209
51521263
51521269
51521291
51521329
51521359
51521377
51521381
51521387
51521389
51521399
51521401
51521423
51521443
51521467
51521471
51521507
51521513
51521537
51521539
51521549
51521551
51521557
51521563
51521579
51521599
51521623
51521627
51521641
51521689
51521737
51521753
51521779
51521791
51521801
51521803
51521807
51521843
51521851
51521857
51521903
51521933
51521941
51521959
51521971
51521993
51522007
51522043
51522049
51522071
51522077
51522083
51522101
51522137
51522161
51522173
51522179
51522197
51522203
51522227
51522239
51522253
51522259
51522271
51522283
51522311
51522329
51522337
51522343
51522347
51522349
51522371
51522391
51522407
51522409
51522439
51522469
51522479
51522487
51522511
51522587
51522607
51522629
51522659
51522671
51522703
51522707
51522719
51522721
51522739
51522781
51522787
51522797
51522817
51522839
51522841
51522853
51522881
51522893
51522923
51522929
51522953
51522959
51522973
51522983
51523001
51523009
51523027
51523037
51523051
51523061
51523091
51523099
51523123
51523127
51523133
51523187
51523229
51523237
51523249
51523259
51523267
51523273
51523291
51523301
51523309
51523313
51523337
51523349
51523357
51523361
51523363
51523387
51523399
51523403
51523463
51523477
51523489
51523501
51523513
51523529
51523531
51523553
51523621
51523627
51523639
51523673
51523709
51523727
51523783
51523853
51523861
51523873
51523883
51523903
51523931
51523937
51523961
51523987
51524021
51524023
51524041
51524047
51524063
51524107
51524119
51524197
51524227
51524237
51524243
51524251
51524261
51524269
51524279
51524293
51524309
51524311
51524323
51524327
51524339
51524359
51524377
51524383
51524419
51524423
51524437
51524471
51524479
51524509
51524513
51524519
51524521
51524537
51524563
51524567
51524579
51524591
51524633
51524653
51524663
51524699
51524701
51524719
51524743
51524747
51524749
51524777
51524783
51524791
51524797
51524801
51524813
51524839
51524843
51524857
51524861
51524917
51524947
51524951
51524953
51524969
51524981
51524999
51525013
51525031
51525041
51525059
51525073
51525107
51525161
51525163
51525167
51525179
51525191
51525203
51525209
51525217
51525239
51525247
51525269
51525311
51525319
51525377
51525389
51525391
51525413
51525421
51525427
51525433
51525443
51525557
51525569
51525577
51525599
51525631
51525637
51525641
51525667
51525671
51525707
51525709
51525731
51525737
51525757
51525781
51525787
51525823
51525829
51525833
51525863
51525883
51525917
51525923
51525931
51525949
51525973
51525979
51525983
51526001
51526009
51526021
51526039
51526051
51526063
51526067
51526073
51526087
51526103
51526117
51526121
51526129
51526159
51526177
51526199
51526207
51526219
51526231
51526259
51526291
51526297
51526339
51526357
51526369
51526451
51526457
51526511
51526543
51526571
51526577
51526583
51526597
51526621
51526633
51526663
51526667
51526679
51526703
51526751
51526753
51526763
51526789
51526793
51526801
51526837
51526859
51526889
51526907
51526919
51526921
51526931
51526961
51526967
51526973
51527011
51527023
51527033
51527041
51527083
51527111
51527129
51527131
51527137
51527143
51527149
51527191
51527227
51527233
51527257
51527279
51527293
51527303
51527309
51527341
51527381
51527387
51527393
51527401
51527419
51527423
51527431
51527471
51527533
51527537
51527573
51527587
51527603
51527617
51527621
51527633
51527647
51527657
51527681
51527687
51527699
51527711
51527741
51527743
51527747
51527759
51527767
51527771
51527779
51527783
51527807
51527851
51527863
51527873
51527881
51527899
51527923
51527953
51527963
51527989
51528007
51528047
51528053
51528077
51528083
51528089
51528101
51528109
51528149
51528151
51528163
51528199
51528203
51528259
51528263
51528277
51528289
51528307
51528317
51528329
51528353
51528359
51528391
51528401
51528409
51528413
51528467
51528473
51528481
51528493
51528509
51528511
51528523
51528527
51528559
51528571
51528593
51528611
51528613
51528623
51528643
51528647
51528691
51528721
51528731
51528733
51528767
51528781
51528787
51528797
51528811
51528823
51528847
51528859
51528899
51528907
51528929
51528941
51528949
51528959
51528979
51529001
51529003
51529013
51529043
51529063
51529069
51529073
51529081
51529103
51529109
51529141
51529147
51529157
51529199
51529217
51529237
51529241
51529277
51529297
51529319
51529337
51529339
51529403
51529427
51529447
51529451
51529477
51529483
51529507
51529519
51529529
51529537
51529553
51529559
51529571
51529589
51529603
51529619
51529651
51529693
51529717
51529721
51529733
51529739
51529759
51529763
51529769
51529799
51529817
51529831
51529871
51529879
51529903
51529927
51529931
51529963
51529981
51529987
51529991
51530053
51530057
51530107
51530113
51530131
51530137
51530161
51530191
51530197
51530201
51530207
51530249
51530251
51530263
51530273
51530279
51530287
51530293
51530321
51530329
51530351
51530387
51530389
51530393
51530429
51530449
51530459
51530473
51530533
51530537
51530579
51530597
51530629
51530653
51530683
51530693
51530707
51530719
51530729
51530737
51530747
51530749
51530779
51530783
51530803
51530819
51530849
51530867
51530887
51530917
51530923
51530929
51530939
51530951
51530953
51530977
51530987
51530993
51531001
51531049
51531061
51531079
51531113
51531119
51531127
51531133
51531143
51531163
51531191
51531217
51531251
51531253
51531257
51531323
51531341
51531353
51531377
51531407
51531413
51531419
51531427
51531433
51531451
51531511
51531527
51531533
51531551
51531559
51531563
51531577
51531583
51531593
51531617
51531631
51531659
51531679
51531731
51531737
51531749
51531757
51531769
51531797
51531833
51531853
51531899
51531919
51531943
51531989
51532001
51532003
51532021
51532027
51532031
51532037
51532051
51532067
51532073
51532079
51532081
51532093
51532111
51532133
51532141
51532147
51532153
51532171
51532177
51532207
51532211
51532241
51532279
51532291
51532301
51532331
51532337
51532339
51532343
51532357
51532417
51532441
51532451
51532469
51532487
51532493
51532499
51532501
51532529
51532543
51532553
51532567
51532573
51532577
51532603
51532609
51532643
51532669
51532697
51532709
51532711
51532717
51532781
51532813
51532829
51532837
51532867
51532889
51532891
51532909
51532937
51532969
51532979
51533003
51533017
51533051
51533057
51533099
51533107
51533113
51533143
51533161
51533189
51533213
51533219
51533231
51533243
51533249
51533257
51533281
51533297
51533299
51533303
51533323
51533329
51533333
51533369
51533371
51533381
51533387
51533389
51533429
51533441
51533459
51533467
51533483
51533497
51533507
51533527
51533539
51533549
51533557
51533561
51533569
51533611
51533617
51533623
51533641
51533659
51533663
51533707
51533743
51533789
51533803
51533879
51533893
51533903
51533939
51533969
51533971
51533983
51534013
51534019
51534031
51534047
51534071
51534101
51534103
51534127
51534163
51534181
51534193
51534211
51534227
51534233
51534269
51534271
51534311
51534313
51534319
51534347
51534367
51534407
51534449
51534473
51534487
51534503
51534523
51534541
51534547
51534551
51534563
51534611
51534619
51534629
51534641
51534643
51534713
51534719
51534727
51534757
51534761
51534767
51534773
51534811
51534829
51534841
51534887
51534911
51534913
51534919
51534929
51534937
51534961
51534971
51534997
51535009
51535013
51535021
51535037
51535039
51535067
51535079
51535181
51535189
51535207
51535213
51535217
51535219
51535307
51535321
51535343
51535357
51535369
51535409
51535411
51535441
51535493
51535507
51535513
51535537
51535559
51535607
51535633
51535661
51535691
51535703
51535739
51535751
51535753
51535787
51535817
51535819
51535831
51535849
51535853
51535859
51535867
51535877
51535901
51535907
51535921
51535933
51535943
51536021
51536039
51536047
51536053
51536081
51536099
51536101
51536137
51536141
51536143
51536171
51536179
51536183
51536207
51536209
51536213
51536237
51536239
51536263
51536279
51536293
51536297
51536357
51536371
51536377
51536383
51536413
51536431
51536437
51536479
51536483
51536533
51536543
51536561
51536587
51536593
51536599
51536621
51536623
51536659
51536689
51536711
51536729
51536761
51536773
51536777
51536783
51536831
51536897
51536917
51536923
51536929
51536939
51536971
51536999
51537001
51537019
51537029
51537049
51537061
51537067
51537113
51537133
51537191
51537193
51537209
51537223
51537229
51537259
51537281
51537289
51537293
51537301
51537313
51537331
51537341
51537347
51537377
51537401
51537463
51537491
51537511
51537529
51537547
51537569
51537589
51537599
51537613
51537623
51537631
51537643
51537649
51537679
51537683
51537701
51537713
51537737
51537763
51537769
51537797
51537809
51537817
51537833
51537847
51537851
51537881
51537907
51537923
51537949
51537953
51537971
51537973
51538001
51538021
51538043
51538049
51538063
51538111
51538117
51538139
51538153
51538163
51538171
51538297
51538309
51538321
51538349
51538363
51538391
51538397
51538411
51538433
51538453
51538471
51538489
51538493
51538519
51538541
51538589
51538637
51538651
51538661
51538667
51538673
51538693
51538727
51538741
51538777
51538783
51538789
51538813
51538819
51538841
51538847
51538859
51538873
51538967
51538973
51538979
51538997
51539027
51539029
51539041
51539057
51539101
51539167
51539171
51539179
51539183
51539197
51539227
51539237
51539269
51539303
51539309
51539311
51539377
51539399
51539407
51539417
51539437
51539441
51539443
51539491
51539503
51539507
51539513
51539531
51539561
51539581
51539603
51539611
51539651
51539659
51539687
51539717
51539729
51539753
51539783
51539819
51539821
51539879
51539893
51539897
51539899
51539909
51539923
51539959
51539963
51539977
51540023
51540031
51540037
51540043
51540053
51540061
51540121
51540161
51540191
51540193
51540211
51540233
51540241
51540287
51540289
51540329
51540347
51540367
51540397
51540421
51540439
51540451
51540497
51540499
51540551
51540557
51540607
51540611
51540613
51540641
51540647
51540653
51540691
51540707
51540757
51540779
51540781
51540799
51540803
51540833
51540851
51540869
51540871
51540877
51540883
51540893
51540911
51540947
51540989
51541013
51541019
51541027
51541073
51541079
51541109
51541123
51541163
51541213
51541247
51541249
51541253
51541261
51541267
51541277
51541351
51541361
51541363
51541403
51541409
51541421
51541429
51541453
51541463
51541487
51541489
51541517
51541519
51541537
51541549
51541571
51541601
51541619
51541627
51541663
51541691
51541709
51541753
51541757
51541759
51541783
51541799
51541801
51541829
51541877
51541901
51541913
51541949
51541957
51541967
51541969
51541979
51541991
51542027
51542047
51542053
51542123
51542131
51542137
51542143
51542159
51542171
51542177
51542203
51542261
51542263
51542297
51542299
51542311
51542321
51542347
51542353
51542357
51542389
51542399
51542401
51542411
51542437
51542461
51542473
51542479
51542531
51542567
51542587
51542627
51542641
51542651
51542669
51542671
51542723
51542731
51542749
51542753
51542761
51542779
51542789
51542807
51542809
51542851
51542857
51542873
51542893
51542903
51542921
51542923
51542927
51542941
51542957
51542971
51542999
51543001
51543013
51543017
51543043
51543059
51543061
51543071
51543097
51543103
51543119
51543127
51543131
51543203
51543221
51543223
51543227
51543241
51543251
51543259
51543281
51543287
51543293
51543307
51543311
51543319
51543341
51543343
51543347
51543361
51543367
51543377
51543379
51543413
51543419
51543449
51543491
51543497
51543517
51543533
51543539
51543559
51543617
51543619
51543623
51543641
51543649
51543673
51543689
51543691
51543733
51543749
51543761
51543773
51543781
51543797
51543809
51543823
51543857
51543859
51543911
51543937
51543959
51543967
51544013
51544021
51544033
51544039
51544043
51544061
51544091
51544109
51544121
51544133
51544189
51544201
51544211
51544217
51544237
51544271
51544277
51544291
51544301
51544309
51544327
51544331
51544343
51544369
51544387
51544399
51544417
51544433
51544447
51544463
51544483
51544489
51544501
51544529
51544547
51544579
51544609
51544621
51544627
51544639
51544657
51544681
51544693
51544699
51544709
51544763
51544841
51544849
51544859
51544877
51544879
51544897
51544921
51544949
51544957
51545023
51545029
51545059
51545069
51545083
51545099
51545101
51545111
51545113
51545129
51545167
51545171
51545189
51545191
51545213
51545237
51545251
51545257
51545269
51545279
51545287
51545297
51545303
51545341
51545353
51545357
51545359
51545371
51545387
51545393
51545399
51545419
51545437
51545443
51545449
51545471
51545491
51545497
51545531
51545561
51545563
51545567
51545587
51545597
51545603
51545609
51545639
51545647
51545657
51545687
51545693
51545701
51545707
51545729
51545761
51545771
51545801
51545807
51545827
51545831
51545849
51545873
51545899
51545911
51545927
51545941
51545947
51545969
51545971
51545983
51546007
51546017
51546029
51546043
51546101
51546109
51546133
51546163
51546181
51546191
51546203
51546223
51546239
51546277
51546283
51546301
51546317
51546347
51546361
51546367
51546371
51546377
51546409
51546413
51546437
51546463
51546491
51546511
51546529
51546613
51546617
51546619
51546623
51546629
51546643
51546683
51546689
51546697
51546701
51546709
51546727
51546731
51546739
51546743
51546751
51546757
51546853
51546917
51546953
51546983
51547003
51547051
51547063
51547073
51547087
51547099
51547129
51547151
51547157
51547159
51547193
51547231
51547241
51547259
51547273
51547303
51547333
51547337
51547343
51547367
51547369
51547459
51547469
51547487
51547499
51547523
51547541
51547543
51547547
51547591
51547607
51547631
51547679
51547681
51547721
51547751
51547753
51547763
51547777
51547781
51547787
51547789
51547799
51547801
51547813
51547871
51547879
51547901
51547913
51547949
51547973
51547981
51547987
51548023
51548027
51548033
51548039
51548041
51548047
51548069
51548087
51548089
51548093
51548113
51548173
51548179
51548183
51548209
51548219
51548239
51548243
51548251
51548269
51548297
51548303
51548309
51548323
51548327
51548351
51548401
51548407
51548423
51548429
51548447
51548459
51548461
51548467
51548491
51548507
51548537
51548557
51548569
51548593
51548611
51548633
51548639
51548647
51548663
51548737
51548759
51548779
51548797
51548813
51548821
51548837
51548839
51548867
51548891
51548923
51548941
51548963
51548977
51549007
51549041
51549061
51549073
51549077
51549079
51549089
51549097
51549107
51549137
51549139
51549161
51549191
51549227
51549229
51549247
51549257
51549293
51549301
51549319
51549347
51549353
51549361
51549397
51549403
51549431
51549439
51549493
51549499
51549517
51549551
51549569
51549571
51549623
51549629
51549637
51549643
51549653
51549689
51549703
51549709
51549767
51549787
51549853
51549857
51549859
51549863
51549881
51549913
51549919
51549937
51549959
51550007
51550013
51550019
51550027
51550039
51550049
51550073
51550091
51550099
51550159
51550181
51550183
51550201
51550207
51550229
51550231
51550237
51550259
51550277
51550297
51550309
51550319
51550333
51550339
51550349
51550379
51550381
51550391
51550393
51550417
51550469
51550517
51550529
51550549
51550559
51550561
51550621
51550633
51550637
51550643
51550649
51550693
51550699
51550711
51550717
51550721
51550789
51550801
51550813
51550853
51550867
51550913
51550931
51550969
51550973
51550979
51550991
51550999
51551077
51551081
51551099
51551111
51551113
51551117
51551131
51551141
51551147
51551173
51551179
51551221
51551243
51551261
51551263
51551333
51551363
51551369
51551377
51551393
51551399
51551407
51551431
51551443
51551449
51551501
51551509
51551537
51551557
51551567
51551573
51551611
51551623
51551627
51551629
51551653
51551657
51551683
51551699
51551707
51551723
51551741
51551749
51551761
51551777
51551779
51551789
51551813
51551827
51551833
51551849
51551861
51551873
51551891
51551909
51551917
51551923
51551933
51551953
51551963
51551971
51552019
51552023
51552071
51552079
51552103
51552107
51552133
51552191
51552217
51552317
51552323
51552329
51552331
51552337
51552367
51552383
51552419
51552421
51552437
51552439
51552463
51552481
51552497
51552509
51552511
51552533
51552559
51552569
51552577
51552587
51552593
51552629
51552647
51552649
51552661
51552667
51552671
51552679
51552701
51552727
51552763
51552769
51552779
51552791
51552797
51552817
51552827
51552847
51552859
51552889
51552953
51553009
51553013
51553063
51553069
51553081
51553091
51553121
51553147
51553157
51553181
51553193
51553211
51553283
51553309
51553343
51553391
51553399
51553409
51553417
51553421
51553451
51553459
51553483
51553493
51553499
51553507
51553547
51553559
51553573
51553627
51553633
51553637
51553693
51553699
51553703
51553709
51553717
51553721
51553727
51553729
51553757
51553759
51553807
51553823
51553829
51553889
51553903
51553907
51553921
51553927
51553937
51553963
51553981
51553993
51554003
51554029
51554053
51554077
51554093
51554099
51554101
51554117
51554131
51554161
51554177
51554189
51554207
51554219
51554221
51554273
51554287
51554297
51554299
51554303
51554311
51554317
51554323
51554341
51554351
51554359
51554369
51554383
51554389
51554417
51554443
51554483
51554491
51554497
51554501
51554521
51554533
51554539
51554551
51554563
51554599
51554617
51554621
51554623
51554639
51554641
51554719
51554729
51554747
51554759
51554803
51554813
51554879
51554903
51554933
51554939
51554947
51554957
51554969
51555047
51555089
51555103
51555109
51555131
51555137
51555157
51555173
51555191
51555197
51555199
51555221
51555223
51555253
51555289
51555299
51555307
51555347
51555353
51555377
51555389
51555419
51555421
51555437
51555451
51555461
51555473
51555487
51555499
51555521
51555571
51555587
51555589
51555601
51555613
51555641
51555643
51555659
51555661
51555671
51555731
51555743
51555761
51555767
51555773
51555827
51555863
51555871
51555877
51555887
51555893
51555899
51555923
51555941
51555947
51555961
51555971
51555979
51556033
51556049
51556061
51556079
51556093
51556103
51556123
51556129
51556159
51556213
51556217
51556231
51556243
51556247
51556273
51556277
51556289
51556303
51556313
51556327
51556331
51556369
51556387
51556397
51556399
51556451
51556457
51556471
51556487
51556489
51556493
51556499
51556517
51556523
51556541
51556553
51556591
51556607
51556621
51556643
51556663
51556667
51556717
51556787
51556807
51556811
51556829
51556837
51556847
51556849
51556853
51556859
51556919
51556927
51556933
51556943
51556949
51556951
51556963
51556991
51557029
51557057
51557081
51557087
51557111
51557113
51557153
51557161
51557171
51557189
51557221
51557239
51557249
51557251
51557257
51557281
51557299
51557321
51557351
51557357
51557399
51557417
51557419
51557423
51557501
51557503
51557509
51557551
51557567
51557579
51557587
51557593
51557603
51557641
51557657
51557663
51557699
51557707
51557713
51557717
51557777
51557791
51557819
51557839
51557873
51557897
51557899
51557921
51557941
51558037
51558079
51558083
51558097
51558103
51558109
51558139
51558149
51558151
51558163
51558167
51558173
51558181
51558187
51558193
51558211
51558217
51558223
51558233
51558251
51558277
51558281
51558293
51558307
51558337
51558373
51558413
51558421
51558431
51558439
51558461
51558469
51558509
51558523
51558527
51558539
51558541
51558553
51558557
51558583
51558589
51558593
51558601
51558613
51558629
51558653
51558697
51558707
51558719
51558721
51558733
51558769
51558779
51558811
51558833
51558863
51558869
51558883
51558889
51558901
51558931
51558959
51558967
51558971
51559007
51559033
51559043
51559049
51559051
51559061
51559063
51559069
51559073
51559133
51559153
51559159
51559199
51559201
51559219
51559229
51559259
51559267
51559273
51559349
51559357
51559367
51559393
51559411
51559421
51559433
51559447
51559481
51559489
51559493
51559511
51559531
51559633
51559639
51559663
51559679
51559693
51559699
51559741
51559763
51559771
51559777
51559801
51559817
51559829
51559889
51559891
51559927
51559933
51559957
51559961
51560009
51560023
51560101
51560137
51560141
51560147
51560153
51560221
51560233
51560251
51560261
51560317
51560339
51560359
51560387
51560389
51560393
51560419
51560437
51560441
51560449
51560477
51560479
51560489
51560491
51560497
51560519
51560539
51560563
51560567
51560581
51560591
51560599
51560629
51560633
51560651
51560659
51560689
51560713
51560723
51560791
51560797
51560837
51560879
51560897
51560923
51560941
51560959
51560987
51561031
51561047
51561049
51561061
51561127
51561131
51561137
51561151
51561157
51561161
51561163
51561179
51561197
51561199
51561203
51561233
51561241
51561247
51561253
51561271
51561281
51561311
51561317
51561319
51561329
51561353
51561359
51561361
51561373
51561379
51561427
51561431
51561443
51561451
51561473
51561479
51561511
51561529
51561551
51561553
51561557
51561569
51561581
51561583
51561589
51561613
51561617
51561637
51561673
51561701
51561733
51561737
51561743
51561761
51561767
51561779
51561781
51561821
51561827
51561857
51561863
51561889
51561893
51561899
51561907
51561919
51561973
51561989
51561997
51562001
51562009
51562033
51562079
51562103
51562111
51562129
51562151
51562153
51562157
51562171
51562183
51562213
51562223
51562229
51562237
51562249
51562253
51562267
51562321
51562367
51562373
51562391
51562403
51562421
51562429
51562439
51562471
51562499
51562501
51562529
51562531
51562541
51562591
51562613
51562631
51562661
51562663
51562669
51562697
51562733
51562741
51562759
51562831
51562877
51562879
51562937
51562949
51562961
51562967
51562981
51563009
51563021
51563047
51563053
51563081
51563107
51563153
51563173
51563177
51563179
51563191
51563201
51563249
51563269
51563287
51563293
51563297
51563299
51563327
51563339
51563377
51563381
51563383
51563389
51563399
51563411
51563423
51563437
51563471
51563497
51563503
51563507
51563521
51563543
51563557
51563569
51563573
51563591
51563593
51563597
51563627
51563671
51563693
51563719
51563749
51563761
51563779
51563789
51563791
51563797
51563801
51563851
51563879
51563899
51563917
51563921
51563927
51563947
51563951
51563957
51563987
51563989
51564031
51564041
51564083
51564103
51564109
51564113
51564127
51564131
51564143
51564151
51564167
51564193
51564203
51564239
51564241
51564257
51564269
51564287
51564299
51564301
51564307
51564313
51564319
51564323
51564361
51564371
51564379
51564397
51564419
51564427
51564433
51564437
51564449
51564463
51564479
51564481
51564503
51564509
51564517
51564529
51564533
51564571
51564589
51564631
51564647
51564659
51564679
51564683
51564701
51564713
51564719
51564743
51564767
51564769
51564797
51564809
51564823
51564847
51564857
51564881
51564883
51564901
51564907
51564913
51564941
51564949
51564971
51564973
51564977
51564979
51564983
51565001
51565043
51565049
51565051
51565061
51565081
51565109
51565123
51565133
51565169
51565187
51565193
51565211
51565243
51565273
51565279
51565289
51565291
51565303
51565321
51565337
51565357
51565361
51565387
51565391
51565427
51565441
51565447
51565453
51565483
51565511
51565519
51565529
51565541
51565543
51565571
51565589
51565597
51565649
51565669
51565681
51565697
51565711
51565727
51565751
51565757
51565763
51565781
51565807
51565819
51565831
51565847
51565883
51565889
51565903
51565919
51565939
51565957
51565963
51565967
51566027
51566041
51566063
51566087
51566101
51566107
51566111
51566149
51566153
51566201
51566213
51566239
51566243
51566269
51566329
51566341
51566363
51566369
51566407
51566441
51566467
51566477
51566507
51566521
51566549
51566563
51566569
51566573
51566579
51566587
51566623
51566633
51566639
51566653
51566657
51566659
51566677
51566717
51566731
51566747
51566771
51566773
51566783
51566813
51566869
51566873
51566887
51566891
51566903
51566927
51566941
51566947
51566951
51566993
51567029
51567041
51567049
51567059
51567073
51567077
51567079
51567101
51567107
51567149
51567161
51567163
51567179
51567203
51567227
51567247
51567253
51567281
51567289
51567293
51567317
51567343
51567359
51567361
51567367
51567377
51567379
51567389
51567407
51567427
51567433
51567479
51567547
51567553
51567589
51567599
51567629
51567641
51567661
51567721
51567727
51567731
51567739
51567743
51567773
51567779
51567799
51567827
51567833
51567839
51567871
51567907
51567913
51567917
51567937
51567959
51567979
51568007
51568031
51568039
51568043
51568057
51568067
51568079
51568103
51568129
51568133
51568141
51568151
51568169
51568171
51568193
51568211
51568213
51568217
51568219
51568229
51568247
51568273
51568303
51568331
51568333
51568339
51568373
51568379
51568381
51568397
51568399
51568411
51568421
51568459
51568471
51568483
51568487
51568499
51568501
51568511
51568513
51568519
51568571
51568577
51568597
51568619
51568631
51568637
51568669
51568697
51568721
51568747
51568753
51568763
51568771
51568801
51568817
51568859
51568877
51568897
51568901
51568927
51568949
51568961
51568963
51568969
51568987
51568999
51569017
51569071
51569081
51569093
51569107
51569117
51569123
51569131
51569153
51569201
51569207
51569209
51569227
51569233
51569257
51569291
51569321
51569327
51569351
51569377
51569389
51569411
51569423
51569429
51569437
51569447
51569459
51569467
51569491
51569503
51569521
51569533
51569543
51569549
51569579
51569587
51569593
51569597
51569621
51569641
51569659
51569663
51569681
51569701
51569723
51569729
51569741
51569761
51569773
51569779
51569783
51569807
51569813
51569839
51569863
51569873
51569879
51569911
51569929
51569939
51569941
51569983
51569989
51570011
51570023
51570031
51570037
51570049
51570053
51570067
51570083
51570107
51570109
51570137
51570157
51570187
51570203
51570217
51570223
51570227
51570229
51570247
51570263
51570269
51570271
51570289
51570293
51570361
51570371
51570397
51570403
51570433
51570451
51570457
51570461
51570517
51570521
51570523
51570527
51570553
51570557
51570569
51570581
51570583
51570587
51570593
51570599
51570611
51570619
51570641
51570653
51570667
51570677
51570689
51570713
51570737
51570751
51570791
51570821
51570823
51570833
51570851
51570863
51570913
51570917
51570919
51570929
51570931
51570941
51570947
51570973
51570977
51570983
51571021
51571027
51571031
51571043
51571099
51571109
51571123
51571159
51571171
51571189
51571211
51571231
51571243
51571249
51571283
51571391
51571393
51571397
51571409
51571411
51571423
51571439
51571459
51571463
51571477
51571493
51571547
51571573
51571579
51571607
51571613
51571627
51571633
51571669
51571679
51571697
51571717
51571721
51571769
51571781
51571811
51571813
51571823
51571837
51571853
51571867
51571937
51571943
51571963
51572041
51572047
51572051
51572089
51572107
51572119
51572123
51572153
51572159
51572161
51572173
51572239
51572249
51572273
51572291
51572293
51572309
51572329
51572333
51572359
51572363
51572377
51572387
51572393
51572399
51572401
51572419
51572467
51572471
51572501
51572503
51572533
51572539
51572569
51572579
51572581
51572597
51572603
51572627
51572639
51572659
51572671
51572683
51572737
51572743
51572749
51572761
51572789
51572791
51572803
51572839
51572879
51572891
51572977
51573001
51573043
51573059
51573077
51573083
51573091
51573103
51573127
51573131
51573133
51573143
51573157
51573169
51573173
51573191
51573209
51573217
51573229
51573289
51573307
51573311
51573341
51573343
51573371
51573373
51573377
51573443
51573463
51573479
51573481
51573497
51573499
51573503
51573541
51573547
51573559
51573593
51573607
51573647
51573667
51573703
51573707
51573721
51573749
51573757
51573779
51573791
51573829
51573839
51573877
51573881
51573901
51573911
51573913
51573931
51573943
51573947
51573953
51573979
51573983
51574001
51574007
51574031
51574067
51574069
51574129
51574139
51574147
51574177
51574183
51574207
51574213
51574223
51574249
51574253
51574261
51574283
51574333
51574361
51574363
51574381
51574423
51574429
51574451
51574477
51574489
51574507
51574513
51574553
51574561
51574603
51574637
51574639
51574643
51574661
51574681
51574687
51574697
51574703
51574709
51574799
51574807
51574819
51574837
51574849
51574867
51574879
51574891
51574903
51574927
51574937
51574961
51574973
51575033
51575047
51575053
51575099
51575113
51575123
51575141
51575149
51575179
51575231
51575261
51575267
51575273
51575281
51575341
51575393
51575401
51575423
51575429
51575437
51575441
51575471
51575473
51575479
51575509
51575551
51575597
51575621
51575627
51575653
51575701
51575737
51575753
51575789
51575801
51575809
51575831
51575851
51575869
51575897
51575917
51575933
51575939
51575941
51575957
51575987
51575999
51576001
51576029
51576037
51576053
51576059
51576071
51576103
51576137
51576139
51576149
51576163
51576167
51576191
51576209
51576229
51576257
51576269
51576277
51576311
51576313
51576331
51576341
51576347
51576353
51576359
51576361
51576379
51576391
51576407
51576433
51576457
51576463
51576491
51576571
51576599
51576611
51576619
51576661
51576673
51576713
51576727
51576731
51576739
51576769
51576799
51576803
51576821
51576829
