52822039
52822061
52822069
52822087
52822093
52822127
52822141
52822151
52822153
52822177
52822207
52822243
52822249
52822277
52822307
52822327
52822339
52822351
52822379
52822409
52822411
52822423
52822439
52822457
52822459
52822529
52822531
52822547
52822571
52822577
52822579
52822589
52822597
52822607
52822613
52822631
52822633
52822663
52822681
52822691
52822709
52822739
52822741
52822747
52822751
52822753
52822811
52822813
52822849
52822871
52822879
52822897
52822933
52822951
52822967
52822997
52823003
52823027
52823041
52823053
52823081
52823083
52823107
52823117
52823137
52823143
52823153
52823167
52823171
52823209
52823257
52823263
52823279
52823299
52823317
52823321
52823327
52823333
52823339
52823357
52823359
52823399
52823417
52823423
52823431
52823453
52823461
52823483
52823489
52823497
52823549
52823567
52823579
52823627
52823633
52823699
52823711
52823713
52823717
52823741
52823767
52823779
52823789
52823807
52823831
52823839
52823843
52823851
52823861
52823891
52823917
52823921
52823923
52823951
52823963
52823977
52823989
52824001
52824011
52824029
52824043
52824053
52824089
52824097
52824103
52824119
52824139
52824143
52824181
52824203
52824221
52824241
52824257
52824263
52824301
52824319
52824329
52824349
52824361
52824383
52824391
52824397
52824407
52824451
52824461
52824467
52824533
52824539
52824581
52824613
52824637
52824643
52824659
52824671
52824703
52824773
52824787
52824791
52824799
52824803
52824809
52824829
52824839
52824853
52824857
52824881
52824887
52824907
52824913
52824929
52824931
52824953
52824973
52824977
52824991
52825021
52825049
52825051
52825057
52825067
52825099
52825109
52825117
52825139
52825163
52825169
52825177
52825189
52825219
52825229
52825231
52825247
52825291
52825303
52825337
52825361
52825363
52825373
52825429
52825441
52825459
52825481
52825489
52825517
52825537
52825541
52825561
52825571
52825583
52825621
52825627
52825631
52825667
52825691
52825763
52825771
52825781
52825813
52825819
52825823
52825853
52825859
52825867
52825873
52825889
52825897
52825921
52825933
52825961
52826003
52826017
52826027
52826051
52826159
52826161
52826173
52826177
52826203
52826209
52826227
52826233
52826287
52826303
52826309
52826321
52826339
52826363
52826383
52826399
52826419
52826447
52826453
52826461
52826471
52826551
52826567
52826597
52826611
52826617
52826623
52826629
52826647
52826651
52826663
52826681
52826687
52826717
52826723
52826729
52826779
52826797
52826801
52826827
52826831
52826857
52826909
52826989
52827023
52827031
52827097
52827119
52827133
52827169
52827179
52827197
52827223
52827283
52827319
52827329
52827331
52827371
52827377
52827407
52827427
52827431
52827433
52827443
52827457
52827469
52827487
52827491
52827493
52827499
52827539
52827553
52827559
52827563
52827569
52827571
52827587
52827623
52827629
52827631
52827679
52827683
52827701
52827703
52827713
52827737
52827739
52827787
52827791
52827793
52827871
52827877
52827881
52827883
52827889
52827913
52827917
52827919
52827947
52827989
52827991
52828003
52828007
52828019
52828057
52828067
52828073
52828081
52828133
52828183
52828199
52828211
52828219
52828249
52828261
52828273
52828277
52828313
52828319
52828337
52828357
52828403
52828411
52828429
52828471
52828487
52828511
52828513
52828519
52828543
52828561
52828577
52828583
52828621
52828627
52828661
52828667
52828687
52828693
52828739
52828771
52828781
52828793
52828813
52828817
52828823
52828829
52828847
52828871
52828883
52828889
52828901
52828913
52828927
52828939
52828957
52828961
52829017
52829057
52829059
52829083
52829089
52829099
52829113
52829123
52829129
52829141
52829143
52829159
52829171
52829173
52829201
52829221
52829237
52829261
52829267
52829317
52829323
52829339
52829383
52829407
52829419
52829437
52829449
52829453
52829461
52829473
52829501
52829507
52829521
52829527
52829533
52829573
52829617
52829639
52829653
52829681
52829719
52829723
52829729
52829743
52829753
52829759
52829773
52829783
52829813
52829837
52829867
52829879
52829891
52829911
52829939
52829941
52829971
52829977
52829989
52829993
52830031
52830047
52830049
52830059
52830061
52830079
52830097
52830109
52830119
52830163
52830227
52830251
52830259
52830277
52830299
52830301
52830307
52830329
52830341
52830353
52830361
52830367
52830377
52830383
52830389
52830433
52830439
52830443
52830457
52830467
52830473
52830497
52830511
52830527
52830581
52830599
52830619
52830623
52830629
52830643
52830647
52830649
52830671
52830677
52830683
52830689
52830737
52830769
52830803
52830829
52830853
52830881
52830889
52830923
52830937
52830997
52831007
52831043
52831067
52831073
52831151
52831157
52831169
52831183
52831193
52831211
52831213
52831217
52831231
52831249
52831277
52831279
52831283
52831327
52831333
52831351
52831369
52831421
52831423
52831433
52831439
52831453
52831489
52831501
52831511
52831531
52831553
52831561
52831573
52831579
52831607
52831661
52831663
52831679
52831693
52831717
52831763
52831769
52831783
52831789
52831813
52831829
52831841
52831853
52831871
52831921
52831927
52831931
52831949
52831957
52831981
52831991
52832047
52832057
52832063
52832069
52832077
52832083
52832137
52832147
52832159
52832167
52832201
52832203
52832233
52832279
52832281
52832291
52832321
52832327
52832347
52832383
52832389
52832419
52832443
52832453
52832459
52832471
52832473
52832489
52832503
52832513
52832531
52832537
52832557
52832567
52832579
52832581
52832599
52832603
52832609
52832677
52832683
52832687
52832713
52832729
52832761
52832779
52832807
52832831
52832833
52832837
52832849
52832851
52832869
52832873
52832911
52832921
52832933
52832963
52833007
52833023
52833049
52833061
52833071
52833097
52833113
52833119
52833173
52833181
52833223
52833251
52833257
52833307
52833329
52833343
52833349
52833359
52833377
52833413
52833419
52833427
52833437
52833491
52833511
52833523
52833533
52833559
52833581
52833589
52833607
52833617
52833619
52833629
52833631
52833643
52833647
52833653
52833659
52833673
52833689
52833749
52833751
52833763
52833769
52833787
52833791
52833793
52833811
52833821
52833839
52833877
52833881
52833917
52833923
52833931
52833959
52833961
52833973
52834037
52834043
52834069
52834097
52834099
52834121
52834129
52834141
52834169
52834207
52834219
52834241
52834247
52834273
52834297
52834321
52834337
52834339
52834343
52834367
52834387
52834399
52834469
52834471
52834499
52834531
52834541
52834543
52834547
52834591
52834603
52834637
52834669
52834673
52834697
52834711
52834741
52834751
52834753
52834783
52834787
52834829
52834843
52834849
52834867
52834871
52834879
52834889
52834891
52834949
52834961
52835021
52835039
52835059
52835063
52835087
52835113
52835119
52835179
52835207
52835239
52835311
52835317
52835351
52835357
52835383
52835407
52835413
52835443
52835467
52835483
52835509
52835513
52835527
52835537
52835543
52835551
52835579
52835581
52835591
52835603
52835611
52835641
52835659
52835663
52835689
52835693
52835701
52835719
52835723
52835743
52835747
52835771
52835773
52835801
52835819
52835843
52835869
52835879
52835927
52835947
52835987
52835989
52836023
52836031
52836041
52836061
52836073
52836079
52836089
52836097
52836107
52836109
52836137
52836151
52836163
52836181
52836193
52836233
52836239
52836241
52836247
52836257
52836269
52836271
52836281
52836337
52836349
52836353
52836403
52836409
52836419
52836439
52836461
52836479
52836499
52836503
52836523
52836529
52836559
52836611
52836661
52836671
52836673
52836677
52836781
52836787
52836793
52836827
52836829
52836841
52836857
52836871
52836877
52836881
52836899
52836907
52836913
52836943
52836947
52836961
52837007
52837013
52837019
52837021
52837027
52837033
52837061
52837063
52837079
52837091
52837093
52837123
52837133
52837171
52837223
52837229
52837231
52837247
52837283
52837289
52837307
52837313
52837373
52837381
52837387
52837427
52837429
52837441
52837453
52837459
52837469
52837471
52837493
52837501
52837523
52837559
52837573
52837579
52837597
52837657
52837663
52837699
52837709
52837711
52837721
52837747
52837817
52837849
52837907
52837943
52837957
52837963
52837997
52837999
52838003
52838021
52838033
52838041
52838059
52838101
52838111
52838119
52838141
52838147
52838171
52838173
52838197
52838239
52838309
52838339
52838341
52838347
52838369
52838371
52838407
52838417
52838491
52838497
52838537
52838561
52838573
52838587
52838593
52838603
52838629
52838657
52838693
52838699
52838707
52838717
52838729
52838777
52838789
52838803
52838809
52838869
52838881
52838893
52838917
52838921
52838927
52838939
52838987
52838999
52839001
52839011
52839049
52839053
52839109
52839113
52839151
52839169
52839191
52839223
52839287
52839313
52839317
52839329
52839337
52839341
52839343
52839379
52839419
52839431
52839433
52839439
52839443
52839467
52839473
52839497
52839499
52839503
52839541
52839557
52839583
52839607
52839613
52839623
52839629
52839637
52839641
52839673
52839701
52839707
52839713
52839719
52839727
52839739
52839823
52839881
52839889
52839907
52839911
52839949
52839953
52839989
52840009
52840031
52840037
52840057
52840061
52840093
52840111
52840129
52840187
52840189
52840201
52840211
52840219
52840231
52840237
52840253
52840261
52840313
52840331
52840343
52840351
52840357
52840363
52840367
52840427
52840481
52840483
52840511
52840517
52840531
52840537
52840561
52840631
52840633
52840649
52840657
52840663
52840681
52840727
52840741
52840757
52840769
52840783
52840787
52840793
52840819
52840859
52840861
52840873
52840883
52840889
52840897
52840901
52840927
52840933
52840939
52840943
52840993
52841003
52841011
52841021
52841029
52841039
52841057
52841099
52841141
52841149
52841179
52841183
52841209
52841231
52841233
52841297
52841353
52841357
52841377
52841381
52841387
52841407
52841431
52841447
52841449
52841473
52841479
52841501
52841531
52841543
52841563
52841597
52841609
52841611
52841617
52841669
52841687
52841753
52841759
52841777
52841801
52841813
52841827
52841839
52841849
52841903
52841923
52841939
52841947
52841951
52842047
52842067
52842079
52842107
52842121
52842131
52842143
52842151
52842157
52842169
52842187
52842191
52842217
52842221
52842269
52842281
52842289
52842301
52842319
52842329
52842337
52842359
52842367
52842371
52842373
52842397
52842457
52842463
52842469
52842473
52842487
52842499
52842509
52842521
52842527
52842533
52842539
52842551
52842557
52842599
52842607
52842619
52842637
52842679
52842683
52842709
52842721
52842731
52842739
52842761
52842763
52842767
52842827
52842847
52842877
52842917
52842931
52842997
52843031
52843033
52843039
52843061
52843073
52843111
52843129
52843151
52843159
52843163
52843171
52843177
52843187
52843201
52843211
52843243
52843247
52843253
52843321
52843331
52843339
52843381
52843421
52843471
52843513
52843529
52843543
52843559
52843573
52843577
52843607
52843613
52843619
52843621
52843631
52843639
52843657
52843663
52843691
52843699
52843709
52843729
52843781
52843787
52843789
52843799
52843823
52843831
52843849
52843867
52843891
52843919
52843937
52843943
52843961
52843981
52844023
52844059
52844063
52844081
52844089
52844101
52844107
52844123
52844131
52844137
52844147
52844171
52844219
52844257
52844287
52844299
52844303
52844359
52844371
52844417
52844419
52844423
52844431
52844447
52844461
52844507
52844521
52844527
52844537
52844557
52844569
52844581
52844587
52844611
52844629
52844647
52844669
52844683
52844711
52844713
52844761
52844797
52844819
52844837
52844867
52844879
52844887
52844899
52844923
52844929
52844933
52844951
52844963
52844999
52845029
52845031
52845043
52845059
52845071
52845109
52845113
52845127
52845131
52845157
52845167
52845193
52845203
52845223
52845239
52845259
52845277
52845281
52845301
52845311
52845347
52845349
52845407
52845427
52845451
52845461
52845491
52845493
52845497
52845539
52845553
52845563
52845587
52845601
52845623
52845629
52845641
52845691
52845701
52845713
52845721
52845739
52845763
52845787
52845799
52845803
52845817
52845847
52845853
52845883
52845889
52845893
52845937
52845959
52845971
52845997
52846021
52846121
52846147
52846169
52846177
52846193
52846219
52846229
52846231
52846237
52846259
52846291
52846301
52846333
52846363
52846373
52846399
52846403
52846411
52846447
52846457
52846463
52846501
52846511
52846513
52846529
52846553
52846561
52846583
52846589
52846601
52846603
52846609
52846631
52846643
52846691
52846697
52846711
52846741
52846757
52846769
52846789
52846811
52846819
52846877
52846879
52846889
52846901
52846919
52846921
52846973
52846993
52847009
52847021
52847027
52847029
52847083
52847087
52847089
52847099
52847107
52847111
52847141
52847149
52847153
52847161
52847173
52847183
52847191
52847231
52847269
52847293
52847321
52847357
52847369
52847393
52847419
52847437
52847447
52847461
52847479
52847497
52847503
52847513
52847579
52847609
52847617
52847623
52847659
52847671
52847687
52847699
52847701
52847719
52847741
52847783
52847789
52847801
52847819
52847827
52847857
52847863
52847891
52847897
52847909
52847923
52847929
52847957
52847959
52847969
52848001
52848013
52848017
52848041
52848073
52848079
52848091
52848109
52848113
52848127
52848157
52848203
52848233
52848259
52848281
52848283
52848287
52848311
52848331
52848337
52848343
52848379
52848403
52848409
52848421
52848431
52848449
52848451
52848463
52848479
52848487
52848493
52848511
52848517
52848533
52848577
52848581
52848623
52848659
52848683
52848737
52848739
52848751
52848787
52848799
52848811
52848833
52848881
52848883
52848907
52848911
52848919
52848941
52848947
52848953
52848967
52848973
52849031
52849033
52849057
52849081
52849099
52849117
52849133
52849157
52849177
52849187
52849201
52849207
52849211
52849217
52849219
52849231
52849253
52849259
52849261
52849267
52849271
52849273
52849297
52849301
52849319
52849367
52849417
52849429
52849441
52849453
52849477
52849483
52849493
52849519
52849529
52849553
52849567
52849603
52849627
52849633
52849679
52849681
52849711
52849717
52849721
52849733
52849739
52849747
52849751
52849763
52849793
52849799
52849817
52849847
52849859
52849871
52849877
52849879
52849921
52849933
52849961
52849981
52849999
52850003
52850027
52850041
52850051
52850081
52850089
52850111
52850129
52850141
52850173
52850177
52850179
52850183
52850201
52850207
52850219
52850269
52850279
52850293
52850327
52850351
52850359
52850401
52850417
52850459
52850477
52850491
52850507
52850519
52850531
52850537
52850543
52850561
52850563
52850579
52850621
52850641
52850653
52850663
52850729
52850779
52850801
52850851
52850867
52850869
52850879
52850881
52850887
52850893
52850899
52850933
52850947
52850953
52850969
52851013
52851023
52851041
52851049
52851053
52851061
52851107
52851121
52851131
52851143
52851151
52851167
52851209
52851221
52851241
52851247
52851277
52851299
52851307
52851347
52851349
52851353
52851367
52851371
52851397
52851439
52851443
52851467
52851479
52851481
52851509
52851511
52851523
52851527
52851529
52851563
52851571
52851587
52851599
52851611
52851647
52851679
52851697
52851703
52851707
52851727
52851737
52851779
52851823
52851853
52851871
52851881
52851893
52851899
52851937
52851941
52851943
52851973
52851983
52851989
52852001
52852003
52852013
52852039
52852043
52852057
52852061
52852103
52852139
52852147
52852253
52852277
52852279
52852301
52852333
52852351
52852361
52852399
52852409
52852421
52852453
52852463
52852519
52852523
52852531
52852537
52852549
52852571
52852573
52852577
52852603
52852619
52852621
52852651
52852663
52852691
52852693
52852697
52852717
52852727
52852729
52852741
52852747
52852759
52852763
52852777
52852801
52852841
52852843
52852853
52852871
52852907
52852937
52852939
52852973
52852979
52852991
52853027
52853029
52853071
52853113
52853159
52853183
52853197
52853219
52853257
52853261
52853303
52853309
52853369
52853393
52853413
52853441
52853443
52853447
52853461
52853467
52853477
52853483
52853491
52853513
52853519
52853531
52853569
52853587
52853639
52853657
52853677
52853683
52853699
52853707
52853719
52853737
52853741
52853771
52853783
52853851
52853861
52853873
52853881
52853903
52853959
52853987
52853989
52853993
52854001
52854013
52854017
52854031
52854059
52854083
52854103
52854127
52854149
52854157
52854199
52854227
52854229
52854247
52854251
52854259
52854271
52854293
52854301
52854311
52854313
52854359
52854407
52854413
52854449
52854499
52854539
52854551
52854587
52854589
52854623
52854631
52854643
52854671
52854679
52854707
52854719
52854749
52854757
52854779
52854793
52854797
52854799
52854817
52854821
52854829
52854839
52854859
52854883
52854899
52854917
52854947
52854953
52855007
52855021
52855037
52855039
52855063
52855067
52855079
52855087
52855123
52855157
52855163
52855177
52855181
52855183
52855189
52855199
52855247
52855259
52855267
52855291
52855337
52855343
52855349
52855367
52855381
52855393
52855423
52855433
52855441
52855457
52855459
52855483
52855489
52855507
52855513
52855531
52855597
52855609
52855613
52855631
52855639
52855687
52855709
52855717
52855741
52855783
52855807
52855823
52855843
52855849
52855861
52855903
52855919
52855921
52855927
52855931
52855937
52855939
52855969
52855973
52855981
52855991
52855993
52856029
52856053
52856057
52856071
52856113
52856137
52856189
52856203
52856207
52856227
52856261
52856311
52856327
52856329
52856351
52856371
52856411
52856429
52856437
52856443
52856449
52856483
52856509
52856513
52856533
52856563
52856567
52856569
52856591
52856593
52856603
52856611
52856693
52856701
52856753
52856773
52856779
52856789
52856809
52856813
52856849
52856851
52856857
52856939
52856963
52856983
52856989
52857023
52857067
52857071
52857109
52857121
52857137
52857179
52857223
52857229
52857247
52857253
52857257
52857283
52857307
52857317
52857319
52857331
52857341
52857353
52857359
52857361
52857383
52857407
52857419
52857421
52857433
52857461
52857481
52857491
52857499
52857509
52857521
52857523
52857547
52857559
52857587
52857593
52857599
52857617
52857619
52857653
52857683
52857689
52857713
52857757
52857787
52857797
52857809
52857817
52857823
52857863
52857877
52857881
52857911
52857929
52857977
52858021
52858027
52858063
52858081
52858087
52858139
52858153
52858177
52858207
52858217
52858229
52858291
52858313
52858319
52858343
52858357
52858363
52858367
52858397
52858427
52858433
52858469
52858489
52858499
52858517
52858523
52858537
52858541
52858549
52858583
52858601
52858621
52858639
52858657
52858667
52858679
52858709
52858711
52858727
52858733
52858747
52858759
52858777
52858823
52858837
52858849
52858877
52858891
52858907
52858919
52858921
52858943
52858987
52859011
52859021
52859041
52859063
52859077
52859099
52859113
52859143
52859153
52859167
52859173
52859201
52859207
52859269
52859281
52859299
52859327
52859329
52859333
52859351
52859357
52859369
52859407
52859413
52859459
52859473
52859491
52859533
52859549
52859561
52859563
52859591
52859593
52859617
52859621
52859627
52859641
52859657
52859683
52859689
52859699
52859711
52859731
52859747
52859777
52859789
52859797
52859803
52859809
52859827
52859839
52859861
52859897
52859903
52859951
52859959
52859969
52859971
52859981
52859993
52860001
52860023
52860061
52860077
52860083
52860091
52860097
52860113
52860121
52860131
52860149
52860151
52860163
52860167
52860179
52860209
52860229
52860251
52860257
52860263
52860271
52860277
52860317
52860319
52860329
52860331
52860341
52860389
52860403
52860421
52860427
52860433
52860443
52860469
52860473
52860481
52860499
52860517
52860607
52860623
52860629
52860653
52860659
52860697
52860713
52860751
52860761
52860779
52860799
52860811
52860817
52860839
52860887
52860911
52860917
52860919
52860937
52860961
52861001
52861019
52861051
52861091
52861099
52861117
52861129
52861141
52861157
52861163
52861189
52861201
52861213
52861241
52861243
52861253
52861261
52861267
52861273
52861297
52861301
52861309
52861321
52861331
52861373
52861387
52861399
52861421
52861433
52861447
52861451
52861469
52861547
52861583
52861597
52861643
52861649
52861661
52861681
52861691
52861747
52861769
52861801
52861813
52861847
52861859
52861871
52861877
52861883
52861901
52861903
52861909
52861943
52861967
52861973
52861979
52861987
52861999
52862039
52862059
52862063
52862077
52862081
52862107
52862111
52862137
52862141
52862143
52862149
52862177
52862189
52862209
52862213
52862219
52862261
52862267
52862279
52862281
52862287
52862291
52862321
52862323
52862339
52862363
52862393
52862413
52862423
52862443
52862449
52862461
52862477
52862479
52862483
52862501
52862521
52862527
52862543
52862549
52862569
52862573
52862599
52862611
52862633
52862647
52862659
52862669
52862687
52862699
52862701
52862749
52862753
52862759
52862779
52862813
52862839
52862851
52862863
52862881
52862891
52862897
52862903
52862917
52862923
52862939
52862941
52862983
52863001
52863007
52863011
52863043
52863049
52863053
52863059
52863061
52863077
52863089
52863103
52863113
52863127
52863163
52863191
52863197
52863221
52863253
52863311
52863323
52863337
52863389
52863397
52863409
52863427
52863451
52863479
52863487
52863493
52863497
52863521
52863527
52863539
52863541
52863563
52863593
52863599
52863619
52863647
52863653
52863661
52863667
52863677
52863691
52863697
52863709
52863731
52863743
52863799
52863803
52863817
52863847
52863851
52863869
52863887
52863893
52863901
52863907
52863917
52863919
52863961
52863971
52863977
52863983
52863989
52863991
52864001
52864037
52864039
52864069
52864079
52864081
52864103
52864109
52864159
52864181
52864183
52864199
52864219
52864223
52864261
52864291
52864297
52864319
52864333
52864349
52864363
52864391
52864397
52864411
52864433
52864447
52864459
52864463
52864481
52864523
52864529
52864571
52864583
52864597
52864661
52864663
52864681
52864699
52864717
52864727
52864733
52864739
52864751
52864769
52864771
52864793
52864807
52864813
52864817
52864829
52864831
52864871
52864873
52864913
52864937
52864939
52864957
52864969
52864993
52865023
52865041
52865047
52865081
52865089
52865123
52865161
52865227
52865237
52865243
52865269
52865279
52865287
52865333
52865381
52865389
52865399
52865411
52865413
52865497
52865507
52865537
52865551
52865567
52865587
52865599
52865609
52865611
52865621
52865623
52865629
52865641
52865653
52865693
52865713
52865717
52865719
52865737
52865777
52865779
52865783
52865831
52865837
52865849
52865861
52865887
52865899
52865921
52865951
52865959
52865977
52865987
52865993
52866031
52866053
52866091
52866131
52866133
52866161
52866173
52866197
52866223
52866251
52866293
52866313
52866347
52866349
52866361
52866383
52866389
52866403
52866421
52866431
52866433
52866467
52866469
52866503
52866509
52866511
52866521
52866547
52866553
52866557
52866559
52866571
52866577
52866629
52866643
52866647
52866659
52866677
52866691
52866703
52866743
52866757
52866769
52866791
52866799
52866829
52866841
52866851
52866859
52866883
52866887
52866893
52866899
52866901
52866907
52866929
52866941
52866943
52866977
52867007
52867027
52867033
52867049
52867069
52867079
52867091
52867109
52867123
52867147
52867153
52867159
52867181
52867189
52867193
52867207
52867219
52867223
52867237
52867267
52867273
52867303
52867333
52867337
52867349
52867361
52867379
52867387
52867391
52867411
52867427
52867429
52867459
52867469
52867483
52867499
52867543
52867571
52867601
52867631
52867643
52867649
52867657
52867673
52867681
52867693
52867699
52867723
52867811
52867831
52867853
52867873
52867883
52867897
52867921
52867939
52867967
52867973
52867999
52868009
52868017
52868033
52868059
52868069
52868077
52868107
52868111
52868117
52868129
52868141
52868173
52868177
52868197
52868213
52868219
52868239
52868251
52868269
52868287
52868327
52868341
52868353
52868369
52868383
52868407
52868441
52868443
52868447
52868477
52868483
52868489
52868503
52868533
52868591
52868611
52868633
52868663
52868681
52868687
52868701
52868723
52868729
52868731
52868741
52868797
52868831
52868899
52868909
52868911
52868939
52868941
52868969
52868987
52868989
52868993
52869017
52869023
52869053
52869071
52869073
52869079
52869083
52869107
52869109
52869137
52869139
52869161
52869169
52869181
52869199
52869217
52869239
52869241
52869253
52869277
52869287
52869367
52869413
52869431
52869437
52869451
52869463
52869491
52869497
52869527
52869563
52869569
52869587
52869599
52869613
52869629
52869659
52869667
52869679
52869683
52869727
52869731
52869743
52869749
52869757
52869809
52869811
52869821
52869851
52869853
52869863
52869931
52869967
52869997
52870001
52870007
52870009
52870019
52870021
52870043
52870057
52870061
52870073
52870093
52870109
52870127
52870133
52870163
52870171
52870193
52870201
52870229
52870231
52870243
52870247
52870249
52870273
52870291
52870381
52870397
52870403
52870409
52870423
52870427
52870429
52870453
52870463
52870487
52870507
52870511
52870541
52870579
52870633
52870639
52870651
52870661
52870679
52870681
52870747
52870759
52870781
52870823
52870837
52870861
52870871
52870889
52870897
52870927
52870943
52870949
52870963
52870967
52870981
52871023
52871041
52871047
52871059
52871101
52871131
52871141
52871179
52871183
52871191
52871219
52871237
52871279
52871297
52871311
52871317
52871327
52871353
52871363
52871383
52871387
52871417
52871443
52871473
52871501
52871519
52871527
52871537
52871543
52871563
52871587
52871597
52871627
52871653
52871657
52871659
52871719
52871723
52871743
52871761
52871807
52871809
52871827
52871849
52871869
52871873
52871881
52871939
52871941
52871947
52871953
52871971
52871977
52871981
52872007
52872011
52872059
52872073
52872077
52872089
52872103
52872107
52872119
52872137
52872139
52872151
52872161
52872163
52872173
52872181
52872263
52872271
52872277
52872289
52872293
52872301
52872311
52872317
52872341
52872349
52872359
52872373
52872401
52872439
52872451
52872467
52872487
52872511
52872571
52872583
52872629
52872637
52872647
52872661
52872683
52872689
52872691
52872719
52872727
52872751
52872761
52872769
52872797
52872803
52872817
52872847
52872863
52872923
52872931
52872961
52872971
52872973
52872977
52872997
52873033
52873049
52873057
52873063
52873081
52873127
52873129
52873141
52873189
52873201
52873207
52873229
52873267
52873279
52873283
52873291
52873319
52873339
52873363
52873411
52873423
52873441
52873459
52873493
52873501
52873511
52873517
52873537
52873549
52873571
52873577
52873589
52873591
52873603
52873607
52873627
52873649
52873661
52873663
52873669
52873679
52873687
52873721
52873727
52873741
52873747
52873753
52873759
52873801
52873819
52873823
52873837
52873841
52873861
52873871
52873883
52873889
52873897
52873937
52873939
52873963
52873967
52873993
52874011
52874023
52874053
52874111
52874113
52874149
52874153
52874161
52874183
52874257
52874281
52874333
52874357
52874363
52874383
52874387
52874399
52874407
52874417
52874431
52874441
52874467
52874489
52874491
52874513
52874519
52874531
52874567
52874599
52874609
52874639
52874651
52874659
52874681
52874699
52874713
52874729
52874737
52874771
52874803
52874831
52874837
52874851
52874869
52874873
52874893
52874903
52874951
52874959
52874971
52875001
52875019
52875023
52875029
52875037
52875059
52875061
52875071
52875077
52875089
52875101
52875107
52875133
52875161
52875169
52875203
52875241
52875247
52875259
52875289
52875311
52875313
52875341
52875343
52875353
52875377
52875401
52875421
52875443
52875451
52875467
52875469
52875521
52875533
52875539
52875577
52875601
52875607
52875629
52875649
52875653
52875679
52875709
52875721
52875761
52875817
52875833
52875839
52875857
52875941
52876007
52876013
52876027
52876039
52876067
52876079
52876093
52876097
52876099
52876127
52876133
52876141
52876177
52876181
52876237
52876247
52876289
52876301
52876303
52876339
52876357
52876361
52876391
52876399
52876423
52876433
52876451
52876463
52876493
52876507
52876513
52876529
52876583
52876633
52876667
52876679
52876687
52876693
52876697
52876721
52876723
52876729
52876763
52876771
52876777
52876841
52876843
52876847
52876877
52876883
52876907
52876909
52876933
52876951
52876973
52876997
52877017
52877047
52877051
52877053
52877101
52877113
52877117
52877119
52877141
52877183
52877189
52877203
52877221
52877239
52877243
52877261
52877267
52877273
52877291
52877309
52877311
52877347
52877359
52877371
52877389
52877431
52877441
52877453
52877459
52877471
52877507
52877519
52877543
52877563
52877579
52877597
52877603
52877647
52877651
52877653
52877677
52877687
52877717
52877731
52877749
52877761
52877767
52877771
52877801
52877813
52877821
52877833
52877849
52877857
52877861
52877863
52877873
52877879
52877899
52877927
52877999
52878029
52878043
52878053
52878073
52878079
52878113
52878131
52878139
52878167
52878179
52878227
52878239
52878251
52878257
52878269
52878271
52878307
52878317
52878359
52878367
52878377
52878389
52878401
52878443
52878451
52878473
52878481
52878487
52878491
52878493
52878523
52878547
52878557
52878583
52878659
52878671
52878673
52878697
52878703
52878731
52878737
52878739
52878743
52878757
52878773
52878779
52878799
52878811
52878827
52878869
52878893
52878911
52878929
52878953
52878997
52879003
52879039
52879063
52879069
52879097
52879153
52879187
52879193
52879199
52879241
52879243
52879283
52879297
52879303
52879349
52879357
52879363
52879373
52879391
52879403
52879427
52879447
52879457
52879481
52879483
52879487
52879511
52879513
52879523
52879543
52879579
52879601
52879657
52879669
52879703
52879711
52879727
52879733
52879763
52879777
52879781
52879787
52879807
52879823
52879859
52879861
52879889
52879901
52879903
52879969
52879991
52879997
52879999
52880027
52880033
52880041
52880057
52880089
52880099
52880101
52880111
52880129
52880143
52880189
52880227
52880231
52880237
52880299
52880323
52880357
52880407
52880419
52880441
52880449
52880453
52880479
52880483
52880491
52880521
52880533
52880537
52880539
52880549
52880561
52880563
52880573
52880599
52880603
52880647
52880701
52880713
52880719
52880731
52880741
52880747
52880753
52880771
52880777
52880831
52880843
52880851
52880869
52880903
52880911
52880917
52880923
52880929
52880953
52880959
52880977
52880983
52880987
52881001
52881011
52881019
52881089
52881107
52881131
52881137
52881151
52881173
52881187
52881223
52881229
52881247
52881259
52881263
52881281
52881289
52881307
52881341
52881343
52881371
52881383
52881391
52881481
52881487
52881511
52881557
52881583
52881593
52881599
52881607
52881613
52881649
52881659
52881667
52881683
52881709
52881733
52881767
52881779
52881797
52881799
52881817
52881833
52881887
52881893
52881901
52881929
52881943
52881947
52881953
52881967
52881971
52881973
52881977
52882009
52882013
52882031
52882033
52882043
52882057
52882069
52882091
52882103
52882171
52882261
52882273
52882279
52882307
52882327
52882337
52882343
52882351
52882367
52882391
52882397
52882421
52882429
52882439
52882463
52882469
52882477
52882481
52882517
52882519
52882541
52882553
52882603
52882607
52882637
52882649
52882663
52882729
52882759
52882777
52882783
52882787
52882789
52882793
52882799
52882829
52882831
52882861
52882867
52882873
52882883
52882919
52882933
52882961
52882969
52883021
52883041
52883053
52883059
52883081
52883087
52883093
52883111
52883113
52883119
52883123
52883183
52883191
52883197
52883219
52883261
52883273
52883287
52883309
52883329
52883339
52883377
52883387
52883419
52883449
52883461
52883483
52883497
52883503
52883543
52883561
52883587
52883591
52883603
52883641
52883659
52883671
52883681
52883683
52883713
52883717
52883731
52883741
52883749
52883773
52883797
52883807
52883813
52883819
52883833
52883843
52883869
52883879
52883881
52883893
52883899
52883947
52883953
52883959
52883981
52883993
52884019
52884053
52884121
52884149
52884151
52884187
52884203
52884253
52884269
52884283
52884287
52884289
52884311
52884343
52884347
52884361
52884379
52884427
52884437
52884439
52884457
52884463
52884479
52884527
52884551
52884553
52884571
52884577
52884583
52884589
52884599
52884647
52884677
52884679
52884701
52884707
52884731
52884749
52884787
52884833
52884869
52884907
52884911
52884919
52884929
52884941
52884967
52884971
52884973
52884983
52885003
52885097
52885103
52885127
52885153
52885169
52885171
52885201
52885219
52885223
52885253
52885271
52885279
52885289
52885307
52885309
52885319
52885331
52885363
52885369
52885381
52885403
52885421
52885423
52885429
52885433
52885451
52885457
52885463
52885471
52885501
52885529
52885537
52885577
52885583
52885619
52885627
52885633
52885639
52885649
52885663
52885687
52885697
52885711
52885739
52885741
52885751
52885753
52885769
52885813
52885831
52885837
52885849
52885871
52885883
52885897
52885909
52885933
52885939
52885967
52885979
52885991
52885999
52886017
52886027
52886033
52886051
52886059
52886069
52886077
52886081
52886083
52886117
52886123
52886129
52886137
52886143
52886149
52886161
52886179
52886213
52886261
52886293
52886297
52886299
52886311
52886321
52886347
52886369
52886399
52886411
52886417
52886419
52886429
52886503
52886513
52886567
52886611
52886641
52886657
52886663
52886681
52886699
52886707
52886719
52886723
52886753
52886759
52886773
52886789
52886791
52886809
52886839
52886851
52886857
52886879
52886887
52886893
52886917
52886941
52886963
52886969
52886971
52886989
52886993
52887001
52887031
52887049
52887059
52887071
52887073
52887077
52887139
52887151
52887157
52887179
52887181
52887193
52887223
52887227
52887251
52887257
52887301
52887347
52887353
52887383
52887409
52887413
52887473
52887479
52887487
52887509
52887533
