53739527
53739557
53739563
53739589
53739593
53739599
53739611
53739641
53739667
53739677
53739691
53739731
53739739
53739779
53739781
53739793
53739811
53739821
53739823
53739857
53739859
53739869
53739877
53739883
53739893
53739901
53739913
53739949
53739967
53739989
53739997
53740003
53740007
53740033
53740051
53740061
53740079
53740087
53740123
53740139
53740163
53740171
53740241
53740249
53740273
53740279
53740283
53740301
53740307
53740331
53740339
53740369
53740373
53740409
53740459
53740471
53740481
53740487
53740507
53740513
53740517
53740537
53740543
53740549
53740571
53740601
53740651
53740679
53740691
53740717
53740727
53740747
53740769
53740789
53740793
53740837
53740847
53740849
53740861
53740867
53740877
53740889
53740919
53740957
53740963
53740979
53740997
53741003
53741027
53741081
53741113
53741117
53741173
53741189
53741209
53741221
53741227
53741231
53741243
53741269
53741273
53741293
53741299
53741323
53741333
53741339
53741371
53741377
53741407
53741453
53741459
53741461
53741473
53741477
53741483
53741497
53741543
53741563
53741579
53741581
53741591
53741603
53741609
53741621
53741657
53741663
53741711
53741719
53741729
53741749
53741759
53741771
53741773
53741789
53741791
53741803
53741813
53741819
53741827
53741867
53741887
53741903
53741921
53741929
53741951
53741953
53741969
53741971
53742043
53742047
53742061
53742067
53742077
53742079
53742113
53742119
53742121
53742137
53742179
53742181
53742193
53742211
53742229
53742233
53742239
53742343
53742361
53742373
53742391
53742397
53742427
53742439
53742449
53742487
53742503
53742511
53742517
53742523
53742541
53742571
53742589
53742607
53742617
53742629
53742631
53742649
53742653
53742671
53742691
53742707
53742719
53742721
53742737
53742751
53742757
53742817
53742839
53742847
53742851
53742853
53742869
53742883
53742889
53743021
53743033
53743037
53743049
53743051
53743097
53743117
53743121
53743133
53743187
53743201
53743253
53743271
53743279
53743301
53743303
53743309
53743331
53743357
53743369
53743397
53743423
53743453
53743471
53743493
53743517
53743519
53743531
53743541
53743577
53743603
53743619
53743633
53743637
53743673
53743687
53743693
53743717
53743741
53743747
53743759
53743763
53743777
53743829
53743843
53743861
53743883
53743901
53743967
53743979
53743981
53743997
53743999
53744011
53744029
53744051
53744057
53744059
53744069
53744081
53744087
53744099
53744113
53744147
53744167
53744177
53744189
53744203
53744219
53744227
53744237
53744263
53744287
53744309
53744311
53744329
53744333
53744363
53744389
53744413
53744417
53744437
53744447
53744501
53744503
53744507
53744513
53744533
53744549
53744557
53744573
53744591
53744623
53744659
53744681
53744753
53744773
53744783
53744807
53744819
53744857
53744861
53744869
53744879
53744881
53744897
53744927
53744959
53744983
53744989
53745001
53745011
53745023
53745031
53745059
53745061
53745067
53745071
53745077
53745119
53745121
53745151
53745163
53745193
53745221
53745229
53745247
53745271
53745277
53745311
53745337
53745353
53745361
53745371
53745389
53745397
53745421
53745431
53745473
53745491
53745521
53745541
53745553
53745557
53745563
53745577
53745589
53745617
53745631
53745647
53745649
53745673
53745683
53745689
53745691
53745701
53745707
53745761
53745773
53745817
53745893
53745907
53745911
53745929
53745947
53745949
53745973
53745977
53745983
53745997
53746037
53746057
53746067
53746073
53746093
53746103
53746139
53746141
53746159
53746171
53746201
53746213
53746223
53746229
53746247
53746279
53746289
53746291
53746337
53746351
53746373
53746397
53746409
53746457
53746481
53746489
53746501
53746513
53746519
53746523
53746543
53746547
53746577
53746597
53746619
53746621
53746631
53746643
53746669
53746697
53746703
53746711
53746723
53746729
53746747
53746751
53746753
53746769
53746813
53746841
53746853
53746867
53746871
53746873
53746879
53746921
53746949
53746951
53746961
53746969
53746997
53747003
53747069
53747093
53747101
53747107
53747117
53747123
53747129
53747173
53747191
53747201
53747249
53747261
53747263
53747293
53747299
53747303
53747311
53747321
53747341
53747363
53747399
53747423
53747431
53747437
53747443
53747479
53747483
53747501
53747513
53747567
53747593
53747611
53747623
53747633
53747641
53747647
53747651
53747657
53747663
53747669
53747677
53747699
53747719
53747731
53747737
53747747
53747753
53747767
53747779
53747821
53747833
53747839
53747867
53747873
53747891
53747899
53747927
53747951
53747957
53747959
53747963
53747971
53747983
53748001
53748011
53748043
53748073
53748113
53748157
53748173
53748179
53748197
53748239
53748287
53748293
53748313
53748329
53748341
53748371
53748391
53748419
53748427
53748437
53748439
53748481
53748517
53748523
53748557
53748619
53748661
53748689
53748697
53748703
53748727
53748743
53748749
53748757
53748797
53748809
53748841
53748899
53748911
53748913
53748931
53748973
53748997
53749027
53749037
53749039
53749051
53749079
53749103
53749109
53749127
53749187
53749219
53749249
53749273
53749301
53749313
53749331
53749337
53749351
53749369
53749379
53749387
53749403
53749411
53749429
53749439
53749453
53749463
53749469
53749471
53749489
53749511
53749513
53749517
53749519
53749559
53749571
53749603
53749609
53749669
53749747
53749777
53749793
53749799
53749807
53749831
53749853
53749909
53749979
53749981
53749991
53750009
53750023
53750029
53750033
53750101
53750117
53750131
53750143
53750161
53750167
53750171
53750197
53750201
53750237
53750267
53750269
53750309
53750317
53750329
53750339
53750353
53750377
53750399
53750423
53750429
53750507
53750527
53750531
53750539
53750579
53750623
53750629
53750633
53750663
53750681
53750689
53750729
53750737
53750743
53750761
53750771
53750777
53750789
53750797
53750813
53750831
53750857
53750881
53750929
53750933
53750941
53750971
53751001
53751031
53751037
53751053
53751067
53751073
53751091
53751097
53751107
53751119
53751167
53751227
53751259
53751277
53751317
53751329
53751349
53751359
53751367
53751377
53751403
53751407
53751443
53751449
53751457
53751463
53751479
53751499
53751517
53751563
53751583
53751611
53751641
53751653
53751661
53751743
53751749
53751767
53751791
53751821
53751827
53751829
53751839
53751847
53751853
53751857
53751881
53751913
53751937
53751947
53751949
53751967
53751991
53752003
53752043
53752057
53752063
53752117
53752129
53752133
53752141
53752169
53752201
53752217
53752241
53752243
53752261
53752267
53752277
53752289
53752297
53752319
53752327
53752333
53752339
53752367
53752373
53752381
53752411
53752417
53752421
53752427
53752459
53752471
53752493
53752513
53752549
53752583
53752591
53752597
53752613
53752619
53752637
53752661
53752687
53752703
53752723
53752753
53752757
53752781
53752799
53752807
53752813
53752849
53752889
53752931
53752949
53752973
53752981
53753057
53753059
53753069
53753081
53753111
53753129
53753171
53753179
53753197
53753209
53753221
53753233
53753239
53753243
53753279
53753317
53753339
53753347
53753353
53753393
53753431
53753437
53753449
53753467
53753471
53753509
53753533
53753549
53753573
53753587
53753591
53753593
53753621
53753629
53753633
53753669
53753683
53753719
53753723
53753753
53753771
53753773
53753797
53753801
53753803
53753807
53753839
53753867
53753873
53753939
53753957
53754047
53754053
53754091
53754109
53754143
53754161
53754163
53754179
53754191
53754209
53754223
53754227
53754241
53754269
53754271
53754277
53754293
53754299
53754317
53754319
53754347
53754367
53754383
53754397
53754413
53754419
53754431
53754479
53754517
53754551
53754557
53754559
53754593
53754607
53754637
53754643
53754683
53754691
53754709
53754721
53754761
53754769
53754787
53754803
53754823
53754829
53754853
53754871
53754917
53754923
53754929
53754931
53754983
53755027
53755049
53755057
53755061
53755063
53755069
53755087
53755099
53755103
53755127
53755133
53755151
53755157
53755159
53755181
53755187
53755201
53755267
53755277
53755297
53755319
53755321
53755337
53755349
53755367
53755379
53755381
53755397
53755433
53755441
53755447
53755459
53755489
53755529
53755553
53755571
53755573
53755631
53755673
53755679
53755687
53755703
53755721
53755729
53755739
53755753
53755759
53755777
53755781
53755841
53755843
53755847
53755859
53755873
53755901
53755907
53755943
53755951
53755957
53755963
53755967
53755969
53755979
53755987
53755993
53756011
53756033
53756047
53756081
53756123
53756141
53756161
53756173
53756191
53756231
53756233
53756239
53756249
53756273
53756281
53756303
53756317
53756323
53756347
53756357
53756389
53756393
53756399
53756441
53756447
53756489
53756501
53756509
53756513
53756519
53756569
53756609
53756629
53756639
53756653
53756657
53756663
53756683
53756701
53756707
53756753
53756761
53756779
53756789
53756827
53756831
53756849
53756851
53756891
53756897
53756903
53756917
53756933
53756939
53756953
53756959
53756971
53756987
53756993
53757001
53757037
53757047
53757071
53757073
53757091
53757107
53757139
53757161
53757167
53757169
53757173
53757203
53757217
53757227
53757239
53757259
53757269
53757299
53757307
53757313
53757323
53757343
53757391
53757397
53757401
53757421
53757427
53757433
53757491
53757493
53757499
53757511
53757569
53757581
53757617
53757623
53757629
53757637
53757679
53757713
53757731
53757749
53757761
53757779
53757787
53757797
53757839
53757881
53757883
53757887
53757901
53757917
53757943
53757959
53757971
53757983
53757997
53758007
53758013
53758039
53758057
53758073
53758091
53758121
53758129
53758169
53758171
53758181
53758207
53758219
53758231
53758241
53758253
53758283
53758297
53758303
53758307
53758319
53758333
53758351
53758357
53758363
53758423
53758477
53758487
53758559
53758561
53758591
53758597
53758603
53758651
53758673
53758693
53758697
53758699
53758711
53758717
53758763
53758781
53758787
53758813
53758823
53758829
53758871
53758883
53758919
53758921
53758927
53758931
53758949
53758951
53758979
53759059
53759063
53759071
53759129
53759143
53759161
53759179
53759201
53759203
53759269
53759273
53759281
53759291
53759297
53759309
53759311
53759327
53759339
53759351
53759357
53759401
53759413
53759449
53759467
53759477
53759479
53759507
53759509
53759513
53759521
53759539
53759551
53759597
53759599
53759603
53759617
53759623
53759633
53759653
53759659
53759723
53759731
53759743
53759747
53759749
53759777
53759813
53759819
53759833
53759837
53759843
53759879
53759887
53759917
53760011
53760017
53760023
53760037
53760059
53760067
53760079
53760121
53760127
53760163
53760181
53760199
53760227
53760241
53760247
53760251
53760257
53760281
53760283
53760299
53760373
53760383
53760397
53760401
53760451
53760463
53760493
53760503
53760517
53760521
53760523
53760533
53760563
53760571
53760589
53760607
53760643
53760649
53760673
53760691
53760701
53760731
53760761
53760779
53760781
53760797
53760803
53760853
53760857
53760869
53760877
53760887
53760893
53760907
53760911
53760929
53760943
53761003
53761033
53761049
53761067
53761087
53761093
53761109
53761139
53761153
53761181
53761199
53761261
53761277
53761289
53761303
53761319
53761321
53761339
53761349
53761369
53761387
53761399
53761423
53761453
53761459
53761489
53761493
53761541
53761577
53761579
53761601
53761613
53761627
53761639
53761681
53761693
53761699
53761709
53761717
53761727
53761753
53761759
53761789
53761817
53761847
53761859
53761867
53761901
53761907
53761927
53761943
53761979
53761987
53761991
53762011
53762057
53762069
53762129
53762131
53762183
53762209
53762213
53762227
53762231
53762239
53762243
53762251
53762263
53762297
53762323
53762351
53762353
53762389
53762399
53762447
53762459
53762461
53762473
53762507
53762519
53762539
53762557
53762567
53762573
53762623
53762633
53762671
53762677
53762699
53762701
53762713
53762719
53762803
53762809
53762827
53762843
53762867
53762869
53762879
53762921
53762927
53762939
53762941
53762981
53762987
53763023
53763043
53763049
53763067
53763079
53763089
53763091
53763107
53763131
53763133
53763161
53763169
53763191
53763239
53763247
53763251
53763263
53763271
53763313
53763319
53763329
53763343
53763349
53763377
53763403
53763421
53763427
53763461
53763473
53763527
53763533
53763539
53763569
53763599
53763601
53763607
53763617
53763643
53763649
53763659
53763667
53763679
53763683
53763733
53763763
53763769
53763779
53763791
53763793
53763797
53763823
53763839
53763851
53763881
53763887
53763893
53763929
53763953
53764019
53764021
53764027
53764033
53764049
53764063
53764069
53764153
53764159
53764169
53764171
53764177
53764181
53764187
53764189
53764201
53764211
53764229
53764237
53764247
53764259
53764267
53764273
53764279
53764297
53764331
53764349
53764369
53764393
53764429
53764439
53764453
53764457
53764507
53764511
53764531
53764553
53764567
53764583
53764651
53764673
53764681
53764687
53764703
53764709
53764721
53764741
53764759
53764771
53764801
53764831
53764853
53764861
53764873
53764883
53764903
53764913
53764933
53764937
53764939
53764957
53764967
53764979
53765009
53765017
53765029
53765051
53765057
53765071
53765081
53765111
53765119
53765123
53765137
53765141
53765143
53765147
53765183
53765213
53765251
53765263
53765273
53765281
53765293
53765311
53765347
53765381
53765417
53765447
53765519
53765521
53765533
53765549
53765561
53765567
53765599
53765627
53765629
53765639
53765653
53765659
53765707
53765711
53765717
53765759
53765779
53765807
53765809
53765819
53765821
53765857
53765863
53765911
53765939
53765941
53765963
53765981
53765993
53766001
53766049
53766091
53766113
53766127
53766149
53766161
53766247
53766253
53766269
53766289
53766299
53766311
53766329
53766407
53766491
53766509
53766511
53766527
53766533
53766541
53766547
53766553
53766569
53766577
53766589
53766611
53766623
53766659
53766673
53766683
53766697
53766701
53766707
53766719
53766737
53766743
53766761
53766781
53766793
53766829
53766833
53766871
53766907
53766917
53766929
53766967
53766983
53766991
53766997
53767019
53767027
53767033
53767057
53767061
53767079
53767081
53767099
53767121
53767127
53767171
53767177
53767199
53767223
53767229
53767267
53767297
53767331
53767333
53767369
53767429
53767459
53767471
53767477
53767499
53767517
53767529
53767541
53767543
53767559
53767573
53767579
53767589
53767601
53767613
53767621
53767667
53767699
53767717
53767729
53767757
53767783
53767793
53767807
53767817
53767829
53767843
53767873
53767897
53767913
53767927
53767963
53768003
53768021
53768051
53768083
53768123
53768149
53768159
53768171
53768173
53768177
53768191
53768203
53768207
53768213
53768243
53768251
53768257
53768327
53768333
53768339
53768357
53768359
53768381
53768383
53768387
53768401
53768413
53768417
53768419
53768431
53768453
53768483
53768521
53768531
53768551
53768563
53768597
53768623
53768629
53768669
53768699
53768707
53768717
53768731
53768777
53768789
53768821
53768831
53768833
53768851
53768861
53768863
53768873
53768927
53768933
53768941
53768951
53768959
53768989
53769007
53769017
53769077
53769139
53769167
53769169
53769173
53769179
53769197
53769211
53769227
53769229
53769241
53769253
53769257
53769271
53769293
53769311
53769323
53769329
53769337
53769367
53769379
53769389
53769413
53769421
53769427
53769431
53769433
53769437
53769461
53769467
53769493
53769497
53769523
53769539
53769587
53769619
53769671
53769697
53769701
53769733
53769757
53769767
53769773
53769803
53769817
53769839
53769869
53769871
53769893
53769899
53769907
53769941
53769959
53769967
53770009
53770039
53770049
53770051
53770061
53770069
53770091
53770103
53770127
53770177
53770183
53770231
53770237
53770273
53770289
53770291
53770307
53770309
53770313
53770319
53770331
53770333
53770349
53770351
53770357
53770369
53770421
53770447
53770477
53770487
53770489
53770517
53770537
53770543
53770547
53770571
53770601
53770663
53770687
53770693
53770697
53770729
53770733
53770747
53770753
53770763
53770777
53770781
53770789
53770793
53770807
53770811
53770819
53770831
53770837
53770853
53770859
53770861
53770877
53770891
53770903
53770907
53770909
53770919
53770939
53770943
53770979
53771009
53771021
53771057
53771059
53771071
53771089
53771093
53771099
53771141
53771147
53771167
53771173
53771189
53771227
53771231
53771233
53771257
53771279
53771297
53771303
53771327
53771359
53771363
53771381
53771411
53771437
53771483
53771489
53771503
53771519
53771551
53771569
53771573
53771579
53771621
53771647
53771671
53771681
53771699
53771717
53771737
53771743
53771761
53771777
53771789
53771797
53771819
53771831
53771849
53771863
53771891
53771897
53771899
53771929
53771947
53771983
53772001
53772013
53772031
53772107
53772113
53772127
53772133
53772143
53772151
53772179
53772203
53772217
53772221
53772227
53772247
53772253
53772281
53772307
53772319
53772401
53772431
53772449
53772469
53772491
53772503
53772539
53772553
53772571
53772577
53772611
53772619
53772673
53772701
53772707
53772709
53772713
53772721
53772727
53772767
53772769
53772779
53772791
53772809
53772863
53772883
53772893
53772913
53772937
53772947
53772959
53772967
53772977
53772991
53773001
53773033
53773039
53773043
53773051
53773073
53773121
53773151
53773169
53773201
53773231
53773259
53773271
53773277
53773289
53773301
53773319
53773339
53773387
53773393
53773399
53773409
53773441
53773529
53773541
53773547
53773579
53773589
53773619
53773633
53773637
53773651
53773697
53773723
53773739
53773751
53773787
53773789
53773823
53773831
53773847
53773849
53773891
53773921
53773943
53773961
53773963
53774011
53774029
53774081
53774107
53774113
53774129
53774141
53774143
53774153
53774159
53774177
53774183
53774191
53774219
53774261
53774263
53774293
53774297
53774309
53774317
53774341
53774353
53774359
53774419
53774447
53774449
53774453
53774509
53774527
53774531
53774537
53774551
53774561
53774593
53774597
53774599
53774603
53774629
53774641
53774683
53774717
53774741
53774771
53774789
53774797
53774837
53774839
53774843
53774849
53774857
53774867
53774869
53774873
53774891
53774899
53774933
53774947
53774999
53775013
53775017
53775031
53775047
53775061
53775083
53775091
53775109
53775133
53775157
53775179
53775181
53775209
53775217
53775223
53775247
53775257
53775277
53775283
53775299
53775307
53775317
53775331
53775349
53775353
53775361
53775389
53775391
53775431
53775433
53775461
53775509
53775577
53775581
53775611
53775629
53775637
53775691
53775697
53775707
53775721
53775751
53775767
53775769
53775779
53775803
53775809
53775829
53775851
53775857
53775899
53775901
53775907
53775919
53775923
53775937
53775959
53775983
53776007
53776013
53776027
53776033
53776043
53776091
53776097
53776123
53776127
53776153
53776193
53776201
53776211
53776243
53776259
53776271
53776309
53776313
53776337
53776357
53776391
53776409
53776421
53776439
53776453
53776477
53776483
53776487
53776501
53776511
53776549
53776571
53776579
53776603
53776649
53776663
53776711
53776721
53776741
53776771
53776777
53776787
53776819
53776867
53776889
53776903
53776913
53776951
53776963
53776979
53776997
53777027
53777029
53777041
53777077
53777089
53777153
53777189
53777233
53777249
53777263
53777267
53777287
53777299
53777309
53777323
53777333
53777357
53777407
53777419
53777431
53777461
53777489
53777501
53777509
53777531
53777573
53777599
53777623
53777663
53777677
53777683
53777693
53777699
53777701
53777741
53777747
53777767
53777791
53777797
53777813
53777819
53777827
53777831
53777833
53777837
53777863
53777891
53777903
53777921
53777957
53777981
53778007
53778041
53778047
53778073
53778091
53778097
53778103
53778121
53778139
53778143
53778181
53778187
53778247
53778281
53778313
53778317
53778331
53778349
53778367
53778377
53778401
53778409
53778419
53778433
53778437
53778467
53778469
53778523
53778551
53778553
53778587
53778601
53778611
53778629
53778631
53778661
53778671
53778713
53778787
53778793
53778799
53778821
53778863
53778869
53778889
53778917
53778929
53778931
53778943
53778997
53779067
53779123
53779127
53779151
53779181
53779189
53779199
53779207
53779217
53779223
53779237
53779261
53779289
53779301
53779309
53779333
53779337
53779343
53779351
53779357
53779387
53779393
53779403
53779417
53779423
53779433
53779441
53779457
53779459
53779489
53779501
53779507
53779549
53779559
53779573
53779597
53779651
53779657
53779667
53779673
53779723
53779729
53779753
53779769
53779783
53779841
53779849
53779867
53779871
53779883
53779909
53779919
53779939
53779951
53779967
53779997
53780033
53780039
53780059
53780063
53780087
53780113
53780117
53780131
53780137
53780147
53780149
53780171
53780183
53780191
53780201
53780227
53780249
53780261
53780263
53780291
53780327
53780339
53780357
53780369
53780387
53780449
53780453
53780473
53780483
53780501
53780527
53780533
53780539
53780543
53780557
53780641
53780651
53780663
53780677
53780681
53780689
53780717
53780719
53780731
53780747
53780759
53780767
53780791
53780813
53780851
53780861
53780863
53780873
53780891
53780897
53780899
53780933
53780941
53780953
53780957
53780959
53780983
53780999
53781011
53781041
53781043
53781059
53781083
53781097
53781127
53781137
53781139
53781179
53781209
53781223
53781227
53781241
53781253
53781257
53781271
53781289
53781307
53781317
53781323
53781367
53781407
53781437
53781467
53781479
53781491
53781547
53781551
53781569
53781599
53781601
53781653
53781661
53781667
53781671
53781703
53781713
53781737
53781773
53781779
53781781
53781787
53781811
53781841
53781853
53781883
53781887
53781901
53781911
53781929
53781991
53782051
53782063
53782081
53782097
53782109
53782111
53782139
53782151
53782187
53782199
53782213
53782219
53782231
53782243
53782247
53782277
53782279
53782301
53782321
53782343
53782361
53782363
53782367
53782381
53782387
53782397
53782403
53782411
53782451
53782457
53782481
53782493
53782507
53782511
53782513
53782549
53782607
53782609
53782627
53782633
53782639
53782643
53782657
53782661
53782721
53782739
53782741
53782769
53782783
53782811
53782837
53782847
53782903
53782909
53782913
53782919
53782933
53782957
53782961
53782987
53782999
53783003
53783011
53783017
53783057
53783069
53783071
53783077
53783099
53783113
53783123
53783179
53783183
53783227
53783231
53783293
53783297
53783309
53783329
53783341
53783347
53783377
53783381
53783399
53783413
53783417
53783441
53783447
53783449
53783467
53783489
53783507
53783539
53783549
53783551
53783567
53783579
53783581
53783599
53783629
53783659
53783663
53783671
53783713
53783731
53783747
53783749
53783771
53783773
53783783
53783789
53783803
53783831
53783833
53783837
53783861
53783879
53783887
53783897
53783957
53783963
53783981
53783993
53783999
53784001
53784011
53784023
53784037
53784047
53784053
53784103
53784109
53784113
53784131
53784149
53784151
53784161
53784167
53784179
53784221
53784233
53784239
53784253
53784293
53784301
53784319
53784323
53784329
53784343
53784359
53784361
53784397
53784407
53784427
53784457
53784469
53784487
53784491
53784509
53784517
53784527
53784541
53784551
53784553
53784571
53784587
53784593
53784607
53784613
53784623
53784671
53784673
53784677
53784697
53784707
53784733
53784751
53784769
53784781
53784793
53784803
53784817
53784847
53784883
53784893
53784901
53784911
53784919
53784961
53784979
53785003
53785007
53785037
53785051
53785097
53785117
53785133
53785139
53785141
53785157
53785177
53785187
53785213
53785223
53785231
53785253
53785267
53785271
53785283
53785289
53785307
53785313
53785327
53785337
53785351
53785357
53785373
53785379
53785387
53785421
53785423
53785427
53785439
53785441
53785463
53785471
53785499
53785547
53785579
53785601
53785609
53785681
53785759
53785763
53785777
53785793
53785801
53785811
53785817
53785859
53785883
53785933
53785951
53785967
53785969
53786009
53786021
53786027
53786069
53786081
53786087
53786107
53786119
53786129
53786143
53786261
53786267
53786269
53786273
53786279
53786287
53786311
53786339
53786357
53786371
53786389
53786399
53786417
53786423
53786429
53786441
53786479
53786483
53786501
53786533
53786609
53786617
53786647
53786651
53786669
53786671
53786687
53786699
53786723
53786741
53786743
53786771
53786773
53786783
53786801
53786809
53786839
53786881
53786893
53786899
53786939
53786947
53786959
53786981
53786987
53786989
53787017
53787037
53787047
53787049
53787073
53787089
53787091
53787127
53787137
53787143
53787163
53787187
53787197
53787211
53787221
53787259
53787311
53787313
53787323
53787329
53787359
53787379
53787407
53787413
53787427
53787443
53787457
53787491
53787493
53787521
53787523
53787551
53787571
53787581
53787611
53787619
53787631
53787637
53787649
53787673
53787737
53787743
53787757
53787781
53787827
53787863
53787871
53787907
53787919
53787931
53787947
53787959
53787989
53787997
53788027
53788039
53788073
53788087
53788093
53788157
53788159
53788169
53788181
53788199
53788213
53788219
53788249
53788271
53788277
53788279
53788291
53788309
53788321
53788363
53788367
53788387
53788409
53788429
53788447
53788451
53788453
53788463
53788477
53788499
53788523
53788531
53788541
53788543
53788573
53788577
53788583
53788613
53788619
53788643
53788667
53788673
53788687
53788699
53788729
53788741
53788747
53788783
53788807
53788831
53788837
53788871
53788883
53788909
53788913
53788919
53788921
53788957
53788979
53789027
53789033
53789039
53789051
53789053
53789059
53789093
53789137
53789159
53789167
53789191
53789213
53789237
53789257
53789269
53789273
53789279
53789303
53789317
53789347
53789369
53789389
53789413
53789419
53789423
53789459
53789467
53789473
53789521
53789537
53789563
53789609
53789623
53789629
53789633
53789641
53789653
53789699
53789713
53789719
53789737
53789759
53789767
53789783
53789789
53789797
53789807
53789821
53789839
53789849
53789851
53789881
53789891
53789903
53789917
53789959
53789987
53790013
53790017
53790067
53790103
53790109
53790131
53790161
53790167
53790211
53790221
53790229
53790251
53790257
53790281
53790287
53790293
53790299
53790313
53790343
53790361
53790367
53790379
53790403
53790413
53790433
53790439
53790449
53790509
53790511
53790551
53790553
53790559
53790571
53790589
53790619
53790623
53790631
53790643
53790661
53790697
53790727
53790731
53790733
53790739
53790761
53790769
53790773
53790791
53790809
53790817
53790829
53790887
53790901
53790923
53790931
53790967
53790973
53791037
53791039
53791069
53791097
53791117
53791159
53791187
53791189
53791207
53791249
53791267
53791289
53791301
53791357
53791379
53791399
53791403
53791481
53791499
53791501
53791523
53791531
53791537
53791561
53791597
53791601
53791643
53791649
53791669
53791681
53791693
53791709
53791711
53791721
53791741
53791783
53791799
53791807
53791819
53791823
53791841
53791879
53791883
53791891
53791919
53791949
53791951
53791957
53792069
53792077
53792083
53792107
53792143
53792149
53792153
53792159
53792177
53792231
53792243
53792251
53792257
53792261
53792281
53792311
53792327
53792351
53792353
53792359
53792371
53792411
53792449
53792461
53792489
53792503
53792513
53792521
53792567
53792587
53792603
53792659
53792663
53792689
53792723
53792731
53792801
53792803
53792813
53792821
53792831
53792839
53792867
53792873
53792891
53792899
53792909
53792939
53792969
53792983
53792989
53793001
53793031
53793037
53793041
53793101
53793109
53793143
53793163
53793167
53793197
53793211
53793217
53793241
53793269
53793281
53793319
53793323
53793329
53793331
53793349
53793367
53793371
53793407
53793413
53793437
53793451
53793479
53793497
53793529
53793547
53793557
53793601
53793611
53793613
53793631
53793679
53793683
53793689
53793721
53793737
53793739
53793787
53793791
53793799
53793821
53793823
53793827
53793841
53793847
53793853
53793863
53793907
53793911
53793923
53793947
53793953
53793977
53793979
53793983
53794019
53794031
53794049
53794057
53794063
53794109
53794121
53794127
53794129
53794133
53794151
53794157
53794183
53794201
53794219
53794249
53794259
53794261
53794267
53794271
53794319
53794327
53794343
53794361
53794387
53794397
53794399
53794423
53794427
53794439
53794457
53794459
53794471
53794483
53794547
53794549
53794561
53794589
53794627
53794651
53794673
53794709
53794711
53794717
53794733
53794751
53794753
53794771
53794777
53794799
53794847
53794859
53794883
53794891
53794927
53794933
53794957
53794963
53795011
53795017
53795033
53795059
53795081
53795101
53795111
53795117
53795143
53795153
53795173
53795219
53795237
53795243
53795317
53795369
53795387
53795393
53795419
53795431
53795449
53795453
53795491
53795527
53795563
53795569
53795611
53795627
53795629
53795657
53795659
53795681
53795699
53795711
53795719
53795741
53795759
53795771
53795773
53795789
53795831
53795843
53795857
53795887
53795921
53795923
53795947
53795953
53795971
53795983
53795999
53796013
53796079
53796091
53796107
53796121
53796161
53796173
53796199
53796217
53796221
53796233
53796251
53796257
53796289
53796293
53796307
53796359
53796361
53796371
53796389
53796403
53796419
53796443
53796493
53796541
53796553
53796559
53796577
53796583
53796601
53796637
53796661
53796679
53796689
53796707
53796713
53796727
53796737
53796751
53796761
53796763
53796773
53796781
53796791
53796803
53796817
53796829
53796859
53796871
53796881
53796887
53796889
53796893
53796901
53796917
53796947
53797057
53797087
53797097
53797127
53797141
53797147
53797157
53797201
53797217
53797241
53797301
53797319
53797357
53797361
53797409
53797421
53797433
53797441
53797459
53797487
53797489
53797507
53797517
53797543
53797559
53797561
53797573
53797589
53797609
53797619
53797631
53797643
53797663
53797693
53797727
53797729
53797739
53797747
53797771
53797787
53797801
53797823
53797837
53797841
53797847
53797853
53797879
53797903
53797921
53797937
53797951
53797957
53797967
53797981
53797993
53797999
53798009
53798011
53798077
53798083
53798099
53798141
53798159
53798167
53798197
53798207
53798243
53798249
53798267
53798281
53798287
53798309
53798317
53798323
53798341
53798347
53798351
53798399
53798411
53798419
53798467
53798473
53798477
53798513
53798531
53798539
53798573
53798579
53798593
53798599
53798603
53798621
53798627
53798653
53798669
53798677
53798681
53798707
53798743
53798749
53798813
53798827
53798837
53798839
53798873
53798887
53798893
53798917
53798933
53798939
53798971
53798989
53799007
53799019
53799037
53799041
53799071
53799107
53799113
53799121
53799131
53799143
53799157
53799223
53799247
53799259
53799287
53799289
53799301
53799311
53799313
53799331
53799341
53799391
53799409
53799433
53799479
53799481
53799491
53799497
53799511
53799523
53799541
53799587
53799589
53799607
53799619
53799623
53799653
53799677
53799689
53799719
53799721
53799761
53799769
53799791
53799803
53799821
53799827
53799833
53799839
53799841
53799857
53799859
53799871
53799881
53799899
53799931
53799947
53799953
53799971
53799989
53800031
53800049
53800067
53800079
53800081
53800139
53800157
53800163
53800169
53800193
53800199
53800211
53800213
53800217
53800261
53800277
53800297
53800301
53800303
53800309
53800319
53800339
53800379
53800387
53800391
53800403
53800429
53800433
53800441
53800493
53800499
53800511
53800559
53800567
53800577
53800583
53800601
53800633
53800639
53800667
53800687
53800693
53800709
53800727
53800729
53800763
53800787
53800811
53800819
53800867
53800891
53800909
53800939
53800949
53800973
53800987
53801009
53801057
53801101
53801131
53801161
53801191
53801227
53801233
53801261
53801281
53801303
53801327
53801381
53801411
53801431
53801459
53801507
53801509
53801537
53801551
53801567
53801609
53801611
53801621
53801653
53801659
53801677
53801773
53801777
53801779
53801827
53801843
53801849
53801857
53801861
53801897
53801903
53801921
53801941
53801971
53801983
53802017
53802043
53802071
53802097
53802103
53802113
53802131
53802137
53802149
53802187
53802197
53802211
53802247
53802269
53802271
53802283
53802289
53802293
53802317
53802341
53802347
53802349
53802361
53802377
53802401
53802409
53802449
53802457
53802479
53802491
53802493
53802499
53802521
53802587
53802601
53802607
53802613
53802641
53802643
53802647
53802653
53802667
53802677
53802719
53802731
53802751
53802757
53802767
53802769
53802781
53802787
53802799
53802821
53802823
53802839
53802883
53802899
53802901
53802937
53802941
53802953
53802967
53802989
53802997
53803031
53803063
53803097
53803121
53803129
53803133
53803151
53803153
53803157
53803177
53803199
53803213
53803223
53803229
53803247
53803271
53803327
53803349
53803361
53803369
53803397
53803411
53803471
53803493
53803511
53803531
53803549
53803567
53803571
53803577
53803583
53803591
53803619
53803643
53803663
53803681
53803697
53803709
53803723
53803733
53803741
53803777
53803781
53803807
53803823
53803859
53803889
53803901
53803909
53803921
53803979
53804011
53804021
53804027
53804033
53804039
53804041
53804059
53804083
53804087
53804089
53804111
53804117
53804129
53804161
53804171
53804197
53804207
53804249
53804263
53804281
53804287
53804299
53804321
53804329
53804339
53804351
53804353
53804369
53804389
53804393
53804441
53804449
53804459
53804477
53804489
53804497
53804503
53804539
53804563
53804579
53804591
53804617
53804627
53804687
53804701
53804717
53804761
53804791
53804857
53804879
53804887
53804897
53804909
53804921
53804939
53804963
53804987
53805029
53805049
