53149697
53149703
53149709
53149729
53149739
53149771
53149781
53149787
53149799
53149801
53149807
53149813
53149829
53149843
53149853
53149861
53149879
53149891
53149909
53149919
53149931
53149949
53149951
53149969
53149979
53149991
53150023
53150029
53150039
53150047
53150051
53150057
53150081
53150099
53150101
53150113
53150131
53150137
53150147
53150159
53150161
53150183
53150219
53150221
53150233
53150249
53150281
53150287
53150297
53150311
53150323
53150333
53150371
53150407
53150411
53150413
53150437
53150441
53150443
53150453
53150477
53150509
53150527
53150549
53150579
53150597
53150609
53150621
53150633
53150639
53150651
53150659
53150663
53150683
53150701
53150717
53150729
53150737
53150743
53150753
53150803
53150807
53150819
53150827
53150873
53150893
53151001
53151013
53151041
53151071
53151083
53151101
53151127
53151157
53151173
53151187
53151199
53151221
53151233
53151253
53151269
53151281
53151323
53151331
53151337
53151349
53151353
53151359
53151361
53151377
53151409
53151419
53151433
53151451
53151463
53151467
53151473
53151481
53151487
53151491
53151517
53151541
53151559
53151613
53151617
53151629
53151641
53151661
53151691
53151713
53151719
53151757
53151767
53151773
53151799
53151803
53151817
53151821
53151841
53151851
53151853
53151859
53151863
53151881
53151893
53151907
53151941
53151953
53151961
53152003
53152009
53152019
53152051
53152067
53152087
53152093
53152111
53152133
53152153
53152199
53152201
53152219
53152237
53152261
53152271
53152283
53152381
53152397
53152399
53152403
53152427
53152457
53152459
53152493
53152499
53152529
53152531
53152549
53152553
53152559
53152579
53152613
53152637
53152639
53152661
53152667
53152681
53152691
53152703
53152711
53152717
53152751
53152753
53152763
53152787
53152789
53152807
53152811
53152871
53152877
53152889
53152903
53152907
53153063
53153071
53153081
53153131
53153137
53153141
53153153
53153173
53153209
53153249
53153263
53153281
53153291
53153293
53153297
53153323
53153327
53153341
53153377
53153413
53153447
53153467
53153501
53153539
53153557
53153603
53153627
53153629
53153651
53153657
53153677
53153687
53153689
53153699
53153701
53153717
53153729
53153743
53153767
53153777
53153783
53153797
53153801
53153827
53153831
53153857
53153869
53153873
53153923
53153927
53153939
53153987
53154029
53154037
53154043
53154067
53154083
53154107
53154109
53154169
53154193
53154217
53154239
53154253
53154259
53154289
53154307
53154313
53154319
53154341
53154347
53154373
53154377
53154379
53154397
53154421
53154433
53154443
53154467
53154473
53154481
53154499
53154511
53154551
53154581
53154623
53154641
53154649
53154653
53154659
53154671
53154701
53154713
53154721
53154749
53154757
53154779
53154781
53154797
53154821
53154823
53154833
53154839
53154841
53154847
53154859
53154889
53154911
53154917
53154947
53154967
53155007
53155021
53155033
53155043
53155061
53155079
53155097
53155117
53155133
53155153
53155163
53155177
53155183
53155213
53155241
53155247
53155259
53155301
53155307
53155309
53155327
53155337
53155351
53155367
53155381
53155397
53155423
53155429
53155433
53155451
53155457
53155471
53155523
53155547
53155561
53155573
53155577
53155591
53155603
53155631
53155633
53155649
53155657
53155679
53155681
53155693
53155699
53155727
53155741
53155757
53155759
53155771
53155777
53155801
53155813
53155831
53155849
53155853
53155871
53155877
53155891
53155897
53155937
53155951
53155987
53156011
53156017
53156029
53156063
53156083
53156111
53156113
53156119
53156123
53156141
53156171
53156183
53156189
53156221
53156237
53156251
53156269
53156293
53156303
53156317
53156321
53156339
53156347
53156371
53156417
53156429
53156447
53156479
53156497
53156513
53156561
53156563
53156573
53156591
53156617
53156641
53156659
53156687
53156689
53156693
53156711
53156717
53156731
53156767
53156783
53156791
53156801
53156819
53156839
53156843
53156849
53156861
53156863
53156867
53156881
53156893
53156911
53156923
53156989
53157001
53157017
53157059
53157077
53157107
53157149
53157151
53157173
53157187
53157199
53157227
53157253
53157257
53157259
53157263
53157323
53157337
53157367
53157427
53157431
53157437
53157469
53157479
53157491
53157523
53157539
53157557
53157563
53157571
53157583
53157619
53157647
53157659
53157661
53157673
53157683
53157701
53157703
53157721
53157737
53157739
53157743
53157749
53157751
53157773
53157787
53157791
53157817
53157821
53157829
53157833
53157857
53157859
53157869
53157911
53157941
53157947
53157959
53157961
53158051
53158109
53158117
53158121
53158123
53158153
53158169
53158177
53158199
53158223
53158241
53158249
53158253
53158291
53158321
53158327
53158367
53158373
53158379
53158411
53158423
53158463
53158471
53158489
53158513
53158519
53158531
53158559
53158571
53158577
53158579
53158597
53158607
53158613
53158631
53158649
53158657
53158661
53158667
53158669
53158687
53158691
53158709
53158753
53158759
53158799
53158843
53158867
53158873
53158901
53158909
53158951
53158961
53158993
53158997
53159009
53159063
53159081
53159123
53159143
53159149
53159167
53159173
53159219
53159231
53159237
53159261
53159287
53159297
53159317
53159363
53159369
53159377
53159383
53159387
53159443
53159479
53159497
53159501
53159503
53159521
53159537
53159543
53159563
53159621
53159651
53159671
53159681
53159683
53159707
53159737
53159741
53159747
53159749
53159753
53159779
53159791
53159797
53159803
53159807
53159809
53159819
53159837
53159839
53159849
53159851
53159893
53159917
53159921
53160013
53160073
53160101
53160109
53160137
53160143
53160181
53160187
53160197
53160203
53160209
53160221
53160223
53160227
53160251
53160259
53160269
53160299
53160329
53160389
53160391
53160397
53160403
53160409
53160439
53160467
53160473
53160487
53160491
53160493
53160529
53160533
53160539
53160551
53160553
53160557
53160563
53160589
53160617
53160623
53160677
53160719
53160721
53160733
53160761
53160763
53160769
53160773
53160781
53160827
53160851
53160881
53160883
53160893
53160923
53160929
53160931
53160941
53160959
53161007
53161013
53161019
53161039
53161049
53161099
53161103
53161117
53161123
53161127
53161139
53161169
53161181
53161219
53161231
53161243
53161247
53161253
53161307
53161319
53161327
53161331
53161369
53161399
53161421
53161429
53161481
53161483
53161517
53161541
53161609
53161643
53161649
53161651
53161673
53161679
53161681
53161687
53161721
53161729
53161733
53161741
53161777
53161783
53161793
53161831
53161847
53161883
53161903
53161921
53161937
53161939
53161957
53161967
53161973
53162003
53162033
53162063
53162099
53162101
53162107
53162113
53162119
53162159
53162167
53162231
53162237
53162251
53162261
53162267
53162273
53162309
53162359
53162387
53162411
53162467
53162477
53162479
53162507
53162521
53162563
53162567
53162611
53162623
53162633
53162647
53162677
53162701
53162731
53162743
53162783
53162797
53162801
53162803
53162807
53162819
53162827
53162831
53162833
53162839
53162849
53162891
53162909
53162929
53162933
53162983
53162999
53163001
53163013
53163017
53163041
53163079
53163091
53163107
53163113
53163127
53163133
53163137
53163151
53163161
53163169
53163203
53163217
53163239
53163247
53163283
53163289
53163323
53163359
53163367
53163371
53163379
53163401
53163421
53163427
53163431
53163433
53163443
53163479
53163493
53163541
53163547
53163559
53163581
53163613
53163623
53163631
53163679
53163683
53163689
53163697
53163701
53163707
53163727
53163739
53163749
53163751
53163821
53163829
53163841
53163871
53163889
53163893
53163923
53163941
53163961
53163983
53163991
53164009
53164021
53164043
53164057
53164087
53164091
53164093
53164099
53164103
53164129
53164157
53164159
53164169
53164187
53164207
53164259
53164273
53164289
53164291
53164313
53164327
53164343
53164361
53164373
53164427
53164471
53164499
53164537
53164549
53164589
53164609
53164619
53164649
53164651
53164673
53164687
53164691
53164697
53164739
53164747
53164751
53164759
53164781
53164817
53164829
53164843
53164847
53164861
53164897
53164921
53164927
53164963
53164973
53164997
53165003
53165009
53165027
53165081
53165083
53165089
53165107
53165111
53165113
53165117
53165141
53165153
53165159
53165191
53165209
53165261
53165269
53165293
53165317
53165347
53165353
53165377
53165383
53165393
53165417
53165419
53165447
53165449
53165461
53165471
53165473
53165503
53165509
53165531
53165533
53165537
53165557
53165569
53165597
53165599
53165611
53165617
53165677
53165689
53165699
53165701
53165711
53165737
53165753
53165771
53165813
53165821
53165863
53165869
53165891
53165909
53165911
53165921
53165923
53165927
53165939
53165941
53165947
53165951
53165993
53165999
53166011
53166013
53166037
53166059
53166073
53166079
53166083
53166101
53166107
53166109
53166121
53166181
53166203
53166221
53166227
53166229
53166241
53166247
53166307
53166331
53166349
53166403
53166413
53166439
53166517
53166551
53166571
53166583
53166587
53166629
53166649
53166653
53166683
53166691
53166697
53166713
53166719
53166721
53166761
53166787
53166793
53166797
53166809
53166833
53166857
53166887
53166931
53166941
53166983
53166989
53167013
53167021
53167057
53167067
53167091
53167129
53167133
53167157
53167183
53167189
53167193
53167207
53167217
53167229
53167241
53167249
53167297
53167327
53167343
53167357
53167379
53167391
53167397
53167399
53167451
53167463
53167501
53167519
53167561
53167589
53167633
53167663
53167717
53167727
53167747
53167753
53167811
53167813
53167831
53167841
53167843
53167847
53167861
53167867
53167937
53167943
53167949
53167963
53167981
53167987
53167999
53168033
53168039
53168041
53168047
53168077
53168113
53168161
53168177
53168183
53168209
53168239
53168243
53168261
53168273
53168287
53168293
53168351
53168359
53168369
53168377
53168383
53168411
53168429
53168447
53168449
53168461
53168477
53168483
53168491
53168509
53168543
53168551
53168573
53168579
53168581
53168603
53168623
53168653
53168671
53168701
53168719
53168729
53168737
53168743
53168767
53168771
53168777
53168831
53168849
53168879
53168903
53168953
53168957
53168981
53168987
53169041
53169043
53169059
53169071
53169091
53169097
53169121
53169139
53169143
53169161
53169167
53169187
53169197
53169203
53169241
53169269
53169287
53169299
53169313
53169341
53169349
53169359
53169367
53169373
53169397
53169427
53169451
53169461
53169469
53169509
53169511
53169517
53169521
53169539
53169541
53169553
53169559
53169569
53169577
53169601
53169671
53169689
53169707
53169713
53169719
53169773
53169791
53169799
53169803
53169811
53169827
53169833
53169889
53169913
53169917
53169937
53169943
53169967
53170001
53170009
53170027
53170069
53170109
53170127
53170129
53170157
53170163
53170171
53170193
53170199
53170211
53170217
53170219
53170241
53170277
53170279
53170297
53170307
53170321
53170331
53170343
53170349
53170361
53170391
53170393
53170433
53170451
53170459
53170477
53170483
53170511
53170519
53170529
53170553
53170561
53170567
53170609
53170627
53170633
53170639
53170643
53170651
53170657
53170699
53170703
53170723
53170751
53170753
53170801
53170807
53170829
53170837
53170853
53170877
53170913
53170927
53170939
53171011
53171017
53171021
53171023
53171039
53171051
53171057
53171059
53171081
53171093
53171143
53171149
53171159
53171161
53171191
53171201
53171203
53171221
53171233
53171269
53171303
53171311
53171333
53171351
53171353
53171389
53171411
53171431
53171467
53171477
53171483
53171491
53171497
53171513
53171527
53171533
53171539
53171549
53171579
53171581
53171621
53171623
53171641
53171647
53171659
53171681
53171689
53171707
53171719
53171731
53171737
53171749
53171843
53171857
53171887
53171891
53171933
53171941
53171953
53171969
53172001
53172011
53172017
53172043
53172047
53172059
53172103
53172131
53172137
53172139
53172143
53172149
53172151
53172169
53172173
53172179
53172191
53172193
53172239
53172247
53172313
53172331
53172349
53172403
53172433
53172461
53172491
53172503
53172517
53172547
53172569
53172571
53172599
53172653
53172661
53172673
53172677
53172683
53172701
53172703
53172709
53172731
53172797
53172809
53172827
53172829
53172841
53172853
53172857
53172869
53172877
53172883
53172893
53172919
53172937
53172943
53172947
53172949
53172971
53173007
53173051
53173061
53173067
53173073
53173111
53173117
53173147
53173157
53173177
53173189
53173201
53173213
53173247
53173271
53173279
53173313
53173319
53173333
53173409
53173423
53173427
53173429
53173451
53173487
53173489
53173511
53173513
53173531
53173537
53173541
53173553
53173567
53173583
53173607
53173613
53173621
53173643
53173651
53173667
53173669
53173693
53173709
53173721
53173727
53173741
53173753
53173777
53173801
53173819
53173823
53173831
53173871
53173877
53173889
53173903
53173937
53173949
53173963
53173973
53173987
53173997
53174041
53174047
53174053
53174057
53174063
53174111
53174123
53174131
53174153
53174167
53174201
53174203
53174227
53174237
53174239
53174257
53174267
53174287
53174299
53174327
53174339
53174357
53174383
53174431
53174461
53174489
53174497
53174501
53174509
53174533
53174543
53174557
53174593
53174599
53174609
53174629
53174633
53174647
53174659
53174683
53174707
53174713
53174717
53174729
53174731
53174747
53174767
53174791
53174839
53174857
53174923
53174941
53174959
53174983
53174987
53175007
53175061
53175071
53175131
53175139
53175151
53175169
53175191
53175193
53175203
53175217
53175251
53175263
53175277
53175289
53175293
53175307
53175313
53175329
53175341
53175359
53175383
53175449
53175491
53175523
53175533
53175539
53175559
53175569
53175599
53175601
53175607
53175637
53175641
53175667
53175671
53175673
53175679
53175719
53175721
53175751
53175781
53175797
53175817
53175833
53175853
53175869
53175877
53175917
53175923
53175929
53175953
53175961
53175971
53175989
53176007
53176021
53176031
53176037
53176049
53176061
53176073
53176093
53176099
53176121
53176133
53176147
53176199
53176213
53176217
53176219
53176229
53176261
53176267
53176271
53176309
53176313
53176351
53176367
53176369
53176429
53176441
53176451
53176463
53176469
53176471
53176477
53176481
53176489
53176507
53176553
53176589
53176597
53176603
53176619
53176639
53176703
53176723
53176729
53176741
53176769
53176771
53176817
53176819
53176829
53176831
53176841
53176843
53176847
53176859
53177017
53177023
53177027
53177051
53177053
53177063
53177077
53177087
53177093
53177099
53177107
53177129
53177147
53177153
53177161
53177167
53177171
53177203
53177209
53177221
53177227
53177273
53177279
53177281
53177303
53177317
53177321
53177323
53177339
53177363
53177381
53177401
53177413
53177417
53177441
53177459
53177489
53177521
53177549
53177557
53177563
53177569
53177573
53177591
53177639
53177689
53177711
53177723
53177731
53177737
53177743
53177749
53177791
53177797
53177837
53177879
53177881
53177893
53177897
53177911
53177947
53177963
53177987
53178007
53178011
53178043
53178049
53178053
53178067
53178071
53178079
53178089
53178109
53178137
53178161
53178187
53178211
53178241
53178253
53178259
53178371
53178379
53178409
53178413
53178427
53178439
53178443
53178449
53178457
53178467
53178469
53178491
53178497
53178523
53178527
53178539
53178551
53178563
53178577
53178607
53178611
53178661
53178683
53178707
53178709
53178743
53178751
53178767
53178773
53178781
53178799
53178803
53178809
53178833
53178869
53178877
53178887
53178899
53178911
53178947
53178959
53178971
53178977
53179019
53179073
53179099
53179109
53179117
53179121
53179123
53179169
53179171
53179177
53179187
53179199
53179201
53179223
53179267
53179277
53179303
53179327
53179351
53179363
53179387
53179391
53179393
53179411
53179447
53179459
53179463
53179481
53179493
53179523
53179597
53179627
53179661
53179699
53179733
53179741
53179751
53179769
53179771
53179813
53179817
53179897
53179909
53179937
53179943
53179957
53179967
53179969
53179991
53179999
53180003
53180047
53180167
53180189
53180191
53180203
53180213
53180243
53180251
53180261
53180263
53180269
53180311
53180327
53180329
53180333
53180339
53180357
53180377
53180383
53180389
53180419
53180467
53180473
53180489
53180549
53180597
53180599
53180609
53180683
53180713
53180749
53180759
53180789
53180801
53180849
53180861
53180863
53180893
53180909
53180927
53180987
53180989
53180993
53180999
53181001
53181013
53181047
53181097
53181113
53181131
53181137
53181169
53181181
53181187
53181197
53181199
53181211
53181257
53181259
53181277
53181307
53181329
53181347
53181353
53181371
53181379
53181383
53181391
53181397
53181407
53181413
53181473
53181509
53181533
53181571
53181577
53181587
53181599
53181607
53181641
53181701
53181721
53181731
53181761
53181767
53181811
53181827
53181851
53181857
53181871
53181881
53181907
53181929
53181937
53181941
53181943
53181977
53182021
53182037
53182109
53182111
53182127
53182147
53182163
53182169
53182183
53182189
53182211
53182219
53182229
53182237
53182253
53182291
53182303
53182313
53182321
53182331
53182361
53182403
53182439
53182447
53182487
53182489
53182513
53182537
53182543
53182553
53182559
53182561
53182567
53182583
53182589
53182603
53182609
53182631
53182637
53182643
53182663
53182697
53182733
53182741
53182771
53182793
53182807
53182813
53182819
53182847
53182859
53182861
53182867
53182889
53182931
53182933
53182951
53182973
53182993
53182999
53183003
53183041
53183051
53183057
53183069
53183077
53183087
53183101
53183113
53183167
53183203
53183209
53183231
53183233
53183243
53183281
53183287
53183357
53183359
53183363
53183369
53183401
53183423
53183443
53183447
53183453
53183483
53183491
53183509
53183573
53183587
53183609
53183617
53183629
53183677
53183681
53183687
53183719
53183731
53183737
53183747
53183749
53183771
53183777
53183783
53183807
53183813
53183891
53183927
53183971
53183987
53184013
53184017
53184023
53184067
53184083
53184149
53184151
53184161
53184167
53184181
53184203
53184233
53184247
53184269
53184283
53184317
53184331
53184337
53184367
53184389
53184407
53184409
53184413
53184419
53184427
53184451
53184557
53184587
53184613
53184643
53184689
53184701
53184707
53184727
53184731
53184737
53184739
53184757
53184787
53184827
53184839
53184841
53184853
53184881
53184889
53184931
53184973
53184979
53184983
53184997
53185001
53185007
53185051
53185063
53185073
53185081
53185087
53185117
53185127
53185141
53185147
53185189
53185193
53185211
53185213
53185219
53185259
53185261
53185271
53185283
53185303
53185339
53185343
53185393
53185417
53185423
53185459
53185463
53185493
53185501
53185511
53185513
53185543
53185619
53185621
53185631
53185633
53185679
53185721
53185753
53185763
53185771
53185793
53185813
53185817
53185841
53185849
53185859
53185861
53185879
53185889
53185903
53185907
53185931
53185933
53185981
53186011
53186027
53186033
53186041
53186059
53186069
53186099
53186113
53186123
53186219
53186233
53186269
53186291
53186293
53186299
53186303
53186333
53186363
53186369
53186417
53186423
53186429
53186431
53186437
53186447
53186459
53186467
53186479
53186503
53186509
53186527
53186533
53186537
53186599
53186611
53186621
53186629
53186633
53186641
53186647
53186663
53186687
53186699
53186713
53186729
53186767
53186773
53186779
53186801
53186813
53186839
53186849
53186857
53186867
53186911
53186923
53186933
53186941
53186951
53186977
53186983
53186989
53186993
53187011
53187049
53187077
53187089
53187149
53187163
53187187
53187223
53187229
53187257
53187263
53187269
53187301
53187319
53187349
53187353
53187359
53187367
53187371
53187383
53187391
53187401
53187427
53187457
53187467
53187493
53187499
53187521
53187527
53187529
53187539
53187551
53187571
53187583
53187613
53187643
53187649
53187671
53187677
53187683
53187709
53187721
53187731
53187737
53187751
53187803
53187809
53187829
53187839
53187853
53187887
53187919
53187931
53187941
53188027
53188039
53188061
53188063
53188081
53188103
53188141
53188147
53188169
53188181
53188207
53188231
53188237
53188241
53188243
53188249
53188253
53188271
53188297
53188313
53188321
53188337
53188339
53188361
53188379
53188423
53188433
53188451
53188453
53188477
53188483
53188493
53188501
53188511
53188517
53188561
53188579
53188589
53188601
53188607
53188633
53188637
53188651
53188691
53188703
53188717
53188741
53188757
53188763
53188781
53188789
53188823
53188831
53188843
53188867
53188873
53188897
53188907
53188921
53188957
53189009
53189027
53189053
53189069
53189083
53189111
53189131
53189167
53189183
53189197
53189231
53189249
53189261
53189281
53189293
53189299
53189309
53189321
53189329
53189351
53189359
53189371
53189401
53189407
53189419
53189429
53189453
53189467
53189483
53189533
53189557
53189627
53189629
53189641
53189657
53189701
53189713
53189723
53189729
53189761
53189767
53189779
53189783
53189791
53189809
53189819
53189827
53189837
53189849
53189881
53189897
53189951
53189953
53189963
53189977
53189993
53189999
53190037
53190073
53190077
53190091
53190103
53190119
53190121
53190143
53190199
53190223
53190251
53190257
53190259
53190271
53190287
53190299
53190311
53190359
53190373
53190377
53190391
53190427
53190461
53190469
53190479
53190493
53190499
53190503
53190523
53190547
53190581
53190587
53190617
53190619
53190667
53190673
53190677
53190691
53190703
53190737
53190749
53190751
53190791
53190911
53190923
53190931
53190971
53190989
53191007
53191031
53191049
53191087
53191093
53191097
53191121
53191139
53191153
53191183
53191189
53191217
53191219
53191223
53191291
53191373
53191409
53191417
53191427
53191429
53191493
53191499
53191531
53191543
53191553
53191561
53191577
53191591
53191613
53191679
53191693
53191703
53191717
53191739
53191777
53191783
53191837
53191841
53191843
53191867
53191871
53191889
53191909
53191927
53191937
53191949
53191969
53191973
53191979
53191991
53192011
53192021
53192023
53192053
53192057
53192059
53192089
53192093
53192101
53192143
53192147
53192149
53192197
53192213
53192219
53192233
53192257
53192263
53192281
53192309
53192323
53192341
53192387
53192401
53192407
53192423
53192431
53192437
53192479
53192509
53192519
53192521
53192551
53192593
53192597
53192651
53192663
53192729
53192747
53192749
53192801
53192809
53192827
53192879
53192891
53192911
53192933
53192947
53192977
53192999
53193001
53193059
53193067
53193071
53193083
53193097
53193121
53193131
53193169
53193197
53193209
53193211
53193229
53193233
53193269
53193299
53193373
53193379
53193409
53193419
53193433
53193443
53193449
53193463
53193499
53193557
53193563
53193577
53193587
53193631
53193649
53193653
53193739
53193757
53193773
53193793
53193797
53193817
53193841
53193883
53193911
53193941
53193947
53193961
53193979
53194007
53194019
53194021
53194051
53194061
53194067
53194079
53194153
53194157
53194159
53194189
53194237
53194259
53194283
53194303
53194313
53194333
53194363
53194369
53194391
53194409
53194417
53194429
53194441
53194447
53194489
53194511
53194517
53194529
53194541
53194601
53194651
53194657
53194693
53194697
53194721
53194723
53194727
53194769
53194793
53194831
53194849
53194859
53194871
53194873
53194877
53194879
53194919
53194951
53194963
53194969
53194979
53194991
53194993
53195047
53195059
53195063
53195069
53195083
53195099
53195123
53195137
53195141
53195189
53195209
53195237
53195243
53195249
53195279
53195291
53195299
53195323
53195369
53195377
53195423
53195501
53195509
53195537
53195579
53195581
53195591
53195609
53195629
53195641
53195647
53195651
53195699
53195707
53195743
53195749
53195809
53195833
53195837
53195851
53195881
53195887
53195897
53195929
53195951
53195957
53195959
53195971
53195977
53195999
53196001
53196007
53196053
53196071
53196097
53196103
53196119
53196127
53196131
53196149
53196161
53196163
53196167
53196193
53196197
53196211
53196233
53196271
53196293
53196323
53196337
53196361
53196389
53196419
53196421
53196439
53196497
53196499
53196503
53196511
53196569
53196601
53196607
53196613
53196623
53196641
53196667
53196691
53196707
53196733
53196739
53196743
53196749
53196761
53196763
53196797
53196799
53196823
53196833
53196839
53196851
53196853
53196863
53196877
53196881
53196889
53196901
53196919
53196931
53196943
53196959
53196971
53196973
53196989
53197007
53197013
53197021
53197057
53197069
53197073
53197103
53197121
53197127
53197141
53197153
53197181
53197211
53197219
53197241
53197253
53197343
53197357
53197381
53197393
53197411
53197421
53197477
53197481
53197489
53197523
53197537
53197567
53197583
53197591
53197649
53197679
53197681
53197691
53197699
53197733
53197813
53197819
53197841
53197847
53197877
53197961
53197973
53197987
53197993
53197997
53198021
53198023
53198029
53198051
53198053
53198063
53198071
53198107
53198111
53198129
53198179
53198203
53198227
53198231
53198261
53198297
53198311
53198339
53198359
53198381
53198401
53198413
53198447
53198503
53198533
53198539
53198549
53198597
53198599
53198641
53198653
53198669
53198671
53198693
53198699
53198723
53198753
53198791
53198801
53198807
53198843
53198857
53198861
53198863
53198891
53198897
53198911
53198921
53198927
53198947
53199011
53199043
53199059
53199067
53199073
53199077
53199101
53199119
53199151
53199233
53199241
53199247
53199269
53199271
53199281
53199283
53199287
53199329
53199361
53199413
53199457
53199463
53199479
53199481
53199491
53199527
53199547
53199551
53199569
53199577
53199581
53199583
53199617
53199649
53199683
53199691
53199719
53199733
53199743
53199779
53199781
53199787
53199799
53199823
53199841
53199859
53199877
53199889
53199899
53199931
53199959
53199967
53199973
53199983
53199997
53200009
53200013
53200031
53200039
53200051
53200067
53200093
53200097
53200109
53200111
53200139
53200177
53200183
53200201
53200207
53200223
53200237
53200243
53200249
53200253
53200267
53200289
53200291
53200307
53200319
53200333
53200349
53200351
53200363
53200369
53200379
53200391
53200409
53200421
53200423
53200439
53200453
53200457
53200489
53200501
53200517
53200519
53200571
53200577
53200579
53200583
53200597
53200603
53200607
53200621
53200661
53200669
53200699
53200727
53200751
53200753
53200793
53200811
53200813
53200843
53200853
53200883
53200913
53200957
53200963
53200997
53201011
53201017
53201021
53201063
53201069
53201087
53201101
53201117
53201119
53201147
53201171
53201173
53201219
53201221
53201237
53201249
53201261
53201339
53201371
53201389
53201413
53201419
53201429
53201431
53201459
53201471
53201497
53201521
53201527
53201557
53201567
53201569
53201609
53201627
53201647
53201651
53201677
53201719
53201741
53201749
53201761
53201773
53201803
53201809
53201831
53201861
53201927
53201977
53201989
53201999
53202029
53202031
53202047
53202067
53202091
53202101
53202131
53202139
53202143
53202157
53202199
53202203
53202229
53202239
53202241
53202251
53202257
53202287
53202307
53202319
53202343
53202349
53202353
53202361
53202371
53202403
53202421
53202439
53202467
53202491
53202493
53202497
53202557
53202577
53202593
53202613
53202631
53202649
53202661
53202691
53202697
53202761
53202763
53202767
53202769
53202823
53202829
53202833
53202839
53202847
53202857
53202893
53202931
53203001
53203019
53203039
53203049
53203067
53203079
53203091
53203109
53203121
53203133
53203153
53203177
53203181
53203187
53203231
53203237
53203243
53203253
53203259
53203273
53203277
53203279
53203291
53203303
53203307
53203333
53203343
53203351
53203379
53203511
53203519
53203541
53203547
53203559
53203567
53203571
53203583
53203597
53203607
53203613
53203621
53203639
53203643
53203681
53203699
53203721
53203741
53203751
53203753
53203763
53203769
53203783
53203789
53203811
53203823
53203831
53203841
53203889
53203939
53203949
53203957
53203973
53203979
53203981
53204023
53204059
53204089
53204093
53204119
53204131
53204167
53204171
53204189
53204191
53204197
53204251
53204273
53204293
53204297
53204303
53204309
53204311
53204321
53204323
53204353
53204369
53204413
53204443
53204449
53204453
53204461
53204519
53204533
53204537
53204563
53204603
53204623
53204651
53204659
53204687
53204689
53204737
53204761
53204777
53204783
53204831
53204857
53204861
53204863
53204867
53204869
53204873
53204887
53204903
53204929
53204953
53204969
53204981
53204989
53205011
53205013
53205023
53205029
53205059
53205067
53205071
53205077
53205107
53205109
53205137
53205143
53205161
53205181
53205193
53205221
53205239
53205283
53205293
53205323
53205349
53205379
53205391
53205403
53205469
53205479
53205497
53205499
53205511
53205521
53205541
53205547
53205557
53205589
53205611
53205613
53205617
53205619
53205623
53205637
53205653
53205679
53205697
53205707
53205709
53205769
53205773
53205791
53205797
53205821
53205829
53205851
53205853
53205881
53205913
53205949
53205959
53205961
53206001
53206009
53206019
53206031
53206057
53206067
53206079
53206081
53206103
53206121
53206129
53206133
53206157
53206159
53206169
53206177
53206183
53206187
53206189
53206229
53206273
53206301
53206319
53206357
53206369
53206381
53206399
53206409
53206411
53206423
53206427
53206451
53206459
53206463
53206471
53206487
53206501
53206577
53206589
53206597
53206627
53206639
53206661
53206667
53206691
53206693
53206697
53206717
53206721
53206739
53206759
53206763
53206771
53206789
53206847
53206861
53206871
53206877
53206883
53206891
53206913
53206919
53206921
53206939
53206969
53207003
53207009
53207017
53207023
53207047
53207051
53207057
53207117
53207123
53207153
53207171
53207173
53207197
53207251
53207279
53207281
53207309
53207317
53207351
53207359
53207387
53207419
53207423
53207459
53207477
53207503
53207521
53207549
53207573
53207629
53207669
53207681
53207683
53207689
53207711
53207743
53207747
53207753
53207767
53207797
53207821
53207827
53207831
53207839
53207863
53207867
53207881
53207893
53207933
53207941
53207951
53207969
53207981
53207989
53208007
53208013
53208017
53208019
53208061
53208083
53208101
53208107
53208137
53208143
53208149
53208161
53208163
53208173
53208179
53208187
53208203
53208209
53208217
53208247
53208293
53208349
53208373
53208433
53208439
53208443
53208481
53208511
53208523
53208527
53208577
53208583
53208599
53208601
53208629
53208643
53208647
53208689
53208709
53208733
53208763
53208781
53208817
53208833
53208847
53208851
53208871
53208877
53208901
53208907
53208937
53208941
53208983
53209111
53209127
53209129
53209147
53209151
53209153
53209159
53209183
53209193
53209223
53209259
53209279
53209307
53209309
53209313
53209319
53209381
53209393
53209397
53209421
53209427
53209469
53209477
53209489
53209501
53209517
53209523
53209529
53209543
53209561
53209573
53209613
53209631
53209657
53209661
53209669
53209703
53209727
53209771
53209801
53209817
53209901
53209909
53209913
53209921
53209939
53209951
53209957
53209979
53209987
53209997
53209999
53210009
53210011
53210023
53210081
53210123
53210147
53210159
53210177
53210189
53210207
53210233
53210249
53210257
53210263
53210281
53210299
53210309
53210321
53210327
53210347
53210359
53210369
53210383
53210407
53210413
53210419
53210429
53210461
53210467
53210471
53210473
53210489
53210501
53210557
53210581
53210593
53210617
53210623
53210657
53210681
53210693
53210701
53210711
53210713
53210741
53210749
53210761
53210771
53210783
53210789
53210791
53210813
53210831
53210837
53210873
53210893
53210897
53210903
53210917
53210947
53210951
53210957
53210977
53211013
53211031
53211047
53211049
53211083
53211089
53211091
53211131
53211157
53211181
53211203
53211227
53211251
53211269
53211271
53211281
53211287
53211299
53211307
53211329
53211371
53211391
53211413
53211449
53211493
53211527
53211559
53211583
53211611
53211617
53211619
53211623
53211643
53211659
53211667
53211701
53211713
53211721
53211733
53211737
53211773
53211787
53211791
53211797
53211833
53211871
53211889
53211901
53211929
53211953
53211959
53211967
53211971
53212007
53212021
53212051
53212067
53212073
53212079
53212139
53212147
53212171
53212183
53212189
53212231
53212241
53212283
53212297
53212309
53212321
53212339
53212343
53212351
53212373
53212381
53212403
53212427
53212429
53212433
53212447
53212451
53212459
53212463
53212469
53212487
53212529
53212541
53212561
53212603
53212657
53212667
53212721
53212729
53212811
53212813
53212849
53212879
53212889
53212891
53212903
53212909
53212921
53212927
53212933
53212949
53212963
53212979
53212981
53212987
53212997
53213051
53213063
53213087
53213089
53213123
53213159
53213161
53213177
53213183
53213207
53213227
53213233
53213257
53213261
53213263
53213269
53213273
53213297
53213309
53213323
53213333
53213341
53213351
53213371
53213389
53213393
53213401
53213429
53213497
53213543
53213551
53213597
53213599
53213617
53213627
53213647
53213653
53213663
53213669
53213683
53213687
53213717
53213731
53213761
53213779
53213827
53213857
53213863
53213891
53213911
53213939
53213957
53213977
53213983
53213987
53213999
53214001
53214017
53214053
53214113
53214137
53214151
53214167
53214169
53214179
53214209
53214221
53214241
53214311
53214331
53214361
53214431
53214439
53214443
53214461
53214467
53214493
53214517
53214523
53214527
53214541
53214559
53214593
53214619
53214643
53214647
53214653
53214661
53214671
53214673
53214691
53214697
53214719
53214767
53214787
53214793
53214823
53214841
53214851
53214853
53214859
53214871
53214881
53214907
53214919
53214923
53214943
53214961
53214989
53215009
53215033
53215039
53215061
53215069
53215079
53215081
53215091
53215121
53215133
53215153
53215163
53215199
53215207
53215229
