53608453
53608459
53608483
53608507
53608537
53608549
53608567
53608589
53608591
53608601
53608609
53608613
53608619
53608631
53608649
53608657
53608661
53608663
53608673
53608693
53608727
53608729
53608739
53608781
53608783
53608799
53608801
53608817
53608829
53608879
53608903
53608909
53608913
53608927
53608931
53608957
53608963
53608987
53609009
53609011
53609027
53609029
53609117
53609167
53609173
53609183
53609209
53609221
53609243
53609273
53609287
53609291
53609327
53609351
53609357
53609383
53609419
53609443
53609453
53609467
53609471
53609489
53609503
53609537
53609557
53609561
53609593
53609597
53609651
53609671
53609713
53609723
53609729
53609741
53609747
53609761
53609767
53609779
53609791
53609821
53609833
53609861
53609867
53609873
53609879
53609923
53609957
53609971
53609981
53610013
53610017
53610019
53610031
53610043
53610059
53610107
53610119
53610149
53610157
53610181
53610187
53610203
53610257
53610283
53610331
53610341
53610371
53610407
53610413
53610433
53610437
53610443
53610449
53610461
53610499
53610509
53610517
53610553
53610569
53610577
53610581
53610607
53610629
53610659
53610727
53610731
53610757
53610793
53610803
53610829
53610853
53610859
53610899
53610941
53610943
53610967
53610983
53611007
53611021
53611031
53611057
53611069
53611093
53611097
53611109
53611139
53611157
53611163
53611171
53611193
53611199
53611211
53611213
53611223
53611267
53611279
53611289
53611291
53611301
53611303
53611309
53611339
53611373
53611379
53611391
53611429
53611433
53611463
53611499
53611501
53611511
53611561
53611573
53611577
53611639
53611651
53611697
53611699
53611721
53611729
53611751
53611769
53611861
53611867
53611871
53611879
53611891
53611949
53611951
53611963
53611967
53611973
53612021
53612023
53612047
53612063
53612081
53612089
53612093
53612131
53612147
53612173
53612183
53612189
53612239
53612257
53612263
53612269
53612327
53612359
53612389
53612393
53612411
53612417
53612437
53612459
53612479
53612483
53612539
53612549
53612551
53612557
53612567
53612569
53612591
53612641
53612653
53612659
53612681
53612683
53612731
53612749
53612753
53612791
53612807
53612821
53612837
53612843
53612863
53612893
53612957
53612969
53612983
53612987
53612989
53613013
53613029
53613047
53613061
53613071
53613097
53613107
53613151
53613163
53613173
53613221
53613227
53613233
53613247
53613283
53613289
53613293
53613311
53613319
53613337
53613361
53613379
53613397
53613401
53613403
53613409
53613473
53613487
53613491
53613493
53613499
53613523
53613569
53613589
53613613
53613617
53613619
53613643
53613653
53613671
53613697
53613701
53613727
53613737
53613739
53613757
53613761
53613799
53613811
53613823
53613853
53613907
53613919
53613947
53614007
53614013
53614021
53614027
53614037
53614051
53614063
53614103
53614109
53614117
53614129
53614139
53614151
53614189
53614199
53614213
53614237
53614241
53614289
53614291
53614307
53614321
53614331
53614343
53614349
53614361
53614373
53614397
53614433
53614439
53614441
53614459
53614471
53614499
53614529
53614543
53614559
53614567
53614571
53614573
53614601
53614619
53614643
53614667
53614681
53614697
53614711
53614721
53614741
53614793
53614801
53614837
53614843
53614859
53614861
53614867
53614871
53614919
53614927
53614933
53614943
53614963
53614973
53614993
53614999
53615039
53615057
53615063
53615071
53615077
53615099
53615119
53615137
53615141
53615147
53615173
53615201
53615227
53615267
53615293
53615329
53615339
53615347
53615351
53615363
53615371
53615411
53615459
53615503
53615521
53615531
53615533
53615543
53615557
53615561
53615567
53615609
53615629
53615633
53615677
53615687
53615699
53615743
53615747
53615789
53615791
53615819
53615827
53615831
53615869
53615873
53615893
53615911
53615917
53615927
53615941
53615953
53615963
53616007
53616029
53616037
53616047
53616061
53616067
53616083
53616103
53616107
53616109
53616161
53616169
53616187
53616209
53616221
53616223
53616229
53616239
53616247
53616287
53616307
53616319
53616323
53616349
53616379
53616401
53616403
53616413
53616439
53616449
53616467
53616469
53616503
53616509
53616539
53616583
53616601
53616617
53616637
53616649
53616697
53616713
53616757
53616799
53616809
53616833
53616839
53616851
53616881
53616883
53616919
53616923
53616931
53616943
53617007
53617043
53617049
53617093
53617097
53617103
53617111
53617127
53617129
53617159
53617169
53617189
53617199
53617211
53617229
53617273
53617307
53617331
53617351
53617391
53617423
53617441
53617457
53617513
53617519
53617561
53617573
53617579
53617589
53617651
53617657
53617661
53617703
53617747
53617757
53617763
53617771
53617787
53617801
53617819
53617859
53617871
53617877
53617903
53617913
53617919
53617931
53617939
53617979
53617997
53618009
53618041
53618053
53618087
53618107
53618177
53618179
53618183
53618203
53618219
53618231
53618237
53618261
53618273
53618293
53618297
53618309
53618311
53618347
53618353
53618381
53618407
53618413
53618417
53618429
53618441
53618443
53618473
53618479
53618489
53618507
53618519
53618531
53618557
53618597
53618603
53618657
53618683
53618699
53618701
53618711
53618713
53618717
53618723
53618753
53618771
53618837
53618843
53618849
53618861
53618899
53618909
53618921
53618927
53618947
53619001
53619017
53619089
53619113
53619133
53619143
53619169
53619193
53619211
53619221
53619283
53619287
53619329
53619331
53619337
53619341
53619359
53619361
53619403
53619407
53619437
53619439
53619451
53619457
53619499
53619523
53619541
53619569
53619571
53619589
53619593
53619611
53619679
53619703
53619707
53619719
53619737
53619763
53619791
53619799
53619817
53619829
53619833
53619847
53619851
53619871
53619893
53619901
53619911
53619913
53619959
53619961
53619977
53620001
53620009
53620013
53620069
53620079
53620103
53620117
53620129
53620163
53620187
53620201
53620207
53620211
53620243
53620247
53620249
53620253
53620271
53620283
53620319
53620387
53620393
53620409
53620417
53620423
53620447
53620513
53620529
53620531
53620537
53620571
53620591
53620621
53620627
53620639
53620663
53620673
53620747
53620759
53620781
53620783
53620811
53620817
53620823
53620849
53620877
53620883
53620901
53620939
53620967
53620991
53621011
53621063
53621083
53621089
53621123
53621131
53621159
53621167
53621189
53621207
53621209
53621221
53621297
53621327
53621333
53621341
53621353
53621371
53621437
53621443
53621453
53621461
53621467
53621471
53621489
53621497
53621509
53621539
53621549
53621611
53621657
53621677
53621681
53621683
53621707
53621719
53621741
53621747
53621753
53621767
53621779
53621797
53621807
53621831
53621839
53621851
53621861
53621923
53621929
53621959
53621963
53621977
53621983
53621999
53622001
53622013
53622017
53622031
53622053
53622071
53622083
53622089
53622103
53622143
53622181
53622187
53622193
53622203
53622227
53622241
53622299
53622319
53622323
53622329
53622337
53622377
53622397
53622409
53622431
53622461
53622463
53622487
53622511
53622523
53622553
53622559
53622577
53622581
53622587
53622631
53622643
53622671
53622689
53622691
53622719
53622733
53622749
53622761
53622781
53622791
53622823
53622841
53622857
53622871
53622889
53622893
53622929
53622937
53622941
53622967
53622971
53622977
53622979
53622983
53622991
53623019
53623057
53623061
53623069
53623081
53623093
53623159
53623177
53623183
53623217
53623237
53623243
53623259
53623343
53623363
53623369
53623393
53623399
53623417
53623421
53623429
53623433
53623463
53623469
53623481
53623499
53623513
53623519
53623543
53623547
53623589
53623601
53623607
53623631
53623667
53623679
53623711
53623733
53623747
53623753
53623771
53623781
53623807
53623847
53623849
53623853
53623873
53623883
53623897
53623907
53623931
53623937
53623943
53623949
53623961
53623993
53624009
53624027
53624041
53624047
53624071
53624083
53624093
53624101
53624117
53624119
53624143
53624149
53624159
53624183
53624237
53624257
53624279
53624299
53624303
53624371
53624377
53624381
53624387
53624401
53624407
53624423
53624447
53624453
53624491
53624503
53624521
53624531
53624533
53624563
53624591
53624609
53624617
53624629
53624657
53624663
53624693
53624713
53624773
53624777
53624789
53624819
53624833
53624863
53624867
53624873
53624887
53624899
53624933
53624959
53625001
53625023
53625043
53625059
53625067
53625079
53625097
53625101
53625107
53625109
53625113
53625137
53625139
53625149
53625193
53625223
53625281
53625311
53625317
53625331
53625337
53625371
53625389
53625401
53625409
53625431
53625457
53625503
53625541
53625563
53625571
53625587
53625613
53625643
53625679
53625697
53625703
53625721
53625743
53625757
53625763
53625779
53625787
53625791
53625797
53625821
53625829
53625889
53625917
53625937
53625941
53625947
53625967
53625997
53626003
53626039
53626057
53626091
53626093
53626121
53626127
53626141
53626163
53626169
53626171
53626193
53626207
53626247
53626277
53626351
53626387
53626393
53626399
53626403
53626427
53626439
53626451
53626459
53626471
53626487
53626537
53626541
53626561
53626567
53626571
53626589
53626609
53626627
53626631
53626669
53626679
53626691
53626697
53626709
53626717
53626723
53626751
53626753
53626799
53626819
53626841
53626871
53626877
53626907
53626927
53626981
53626997
53626999
53627029
53627069
53627071
53627083
53627087
53627089
53627107
53627131
53627153
53627209
53627243
53627251
53627279
53627281
53627297
53627309
53627311
53627317
53627347
53627383
53627389
53627429
53627447
53627459
53627461
53627521
53627527
53627533
53627569
53627593
53627597
53627599
53627603
53627617
53627621
53627657
53627677
53627687
53627701
53627719
53627773
53627797
53627813
53627839
53627851
53627921
53627941
53627957
53627963
53627969
53627993
53627999
53628011
53628017
53628061
53628101
53628119
53628131
53628139
53628167
53628173
53628187
53628193
53628199
53628257
53628271
53628277
53628283
53628299
53628301
53628307
53628329
53628343
53628347
53628371
53628389
53628391
53628397
53628401
53628403
53628413
53628559
53628587
53628599
53628613
53628623
53628683
53628689
53628691
53628703
53628713
53628733
53628737
53628767
53628769
53628781
53628797
53628803
53628851
53628871
53628881
53628901
53628923
53628959
53628973
53628983
53628989
53629013
53629049
53629063
53629073
53629087
53629097
53629099
53629117
53629129
53629133
53629157
53629181
53629193
53629217
53629253
53629273
53629297
53629337
53629369
53629379
53629393
53629403
53629423
53629447
53629453
53629463
53629487
53629501
53629519
53629549
53629561
53629573
53629601
53629603
53629607
53629621
53629633
53629699
53629711
53629717
53629727
53629759
53629769
53629777
53629789
53629801
53629811
53629817
53629819
53629831
53629931
53629943
53629973
53629981
53629991
53629993
53629999
53630021
53630047
53630111
53630147
53630153
53630167
53630191
53630207
53630249
53630299
53630303
53630323
53630371
53630387
53630389
53630429
53630441
53630443
53630491
53630513
53630531
53630537
53630539
53630543
53630557
53630567
53630573
53630581
53630593
53630609
53630611
53630617
53630627
53630639
53630653
53630659
53630671
53630677
53630693
53630719
53630737
53630741
53630783
53630789
53630791
53630803
53630827
53630833
53630839
53630849
53630851
53630873
53630879
53630891
53630893
53630921
53630923
53630959
53630981
53630987
53630999
53631029
53631049
53631077
53631079
53631103
53631119
53631131
53631187
53631217
53631229
53631251
53631257
53631287
53631299
53631301
53631307
53631317
53631323
53631329
53631349
53631367
53631373
53631427
53631499
53631533
53631541
53631551
53631553
53631563
53631569
53631587
53631593
53631619
53631631
53631647
53631659
53631673
53631679
53631733
53631751
53631797
53631827
53631847
53631863
53631869
53631881
53631887
53631901
53631913
53631961
53631967
53631989
53632009
53632031
53632037
53632039
53632057
53632063
53632069
53632091
53632097
53632133
53632147
53632153
53632157
53632171
53632181
53632207
53632253
53632259
53632273
53632283
53632301
53632303
53632321
53632363
53632451
53632457
53632471
53632493
53632507
53632519
53632541
53632543
53632583
53632591
53632627
53632643
53632651
53632703
53632729
53632741
53632751
53632769
53632793
53632811
53632819
53632837
53632853
53632889
53632907
53632921
53632933
53632937
53632939
53632967
53632981
53632993
53633003
53633009
53633051
53633071
53633081
53633119
53633141
53633149
53633159
53633161
53633197
53633221
53633227
53633291
53633353
53633369
53633399
53633417
53633449
53633473
53633477
53633479
53633483
53633491
53633527
53633543
53633551
53633563
53633621
53633639
53633647
53633659
53633663
53633681
53633693
53633707
53633711
53633729
53633737
53633743
53633779
53633807
53633809
53633819
53633837
53633843
53633849
53633873
53633939
53633989
53634013
53634041
53634083
53634089
53634149
53634179
53634193
53634197
53634223
53634227
53634233
53634239
53634257
53634289
53634313
53634353
53634389
53634419
53634457
53634491
53634521
53634523
53634527
53634547
53634563
53634593
53634641
53634653
53634667
53634673
53634697
53634703
53634709
53634727
53634731
53634733
53634761
53634769
53634787
53634797
53634809
53634821
53634829
53634851
53634859
53634863
53634869
53634877
53634883
53634913
53634923
53634947
53634961
53635003
53635019
53635027
53635031
53635063
53635069
53635073
53635079
53635121
53635151
53635159
53635171
53635229
53635247
53635249
53635261
53635327
53635331
53635349
53635369
53635397
53635411
53635427
53635441
53635451
53635453
53635457
53635469
53635489
53635501
53635541
53635553
53635559
53635573
53635579
53635591
53635619
53635627
53635657
53635691
53635717
53635741
53635759
53635781
53635817
53635823
53635837
53635843
53635861
53635871
53635919
53635943
53635963
53635973
53635987
53636017
53636021
53636029
53636039
53636057
53636101
53636123
53636129
53636131
53636201
53636203
53636213
53636227
53636243
53636249
53636267
53636269
53636279
53636321
53636329
53636357
53636383
53636389
53636413
53636461
53636489
53636491
53636501
53636519
53636521
53636533
53636537
53636567
53636587
53636593
53636623
53636633
53636641
53636647
53636701
53636711
53636731
53636741
53636743
53636749
53636761
53636773
53636777
53636797
53636801
53636809
53636881
53636899
53636909
53636911
53636923
53636927
53636929
53636951
53636963
53636977
53636987
53637029
53637049
53637071
53637083
53637109
53637119
53637121
53637137
53637151
53637167
53637191
53637203
53637229
53637251
53637253
53637263
53637277
53637289
53637317
53637349
53637373
53637391
53637401
53637413
53637421
53637433
53637473
53637491
53637497
53637503
53637511
53637523
53637527
53637539
53637569
53637581
53637593
53637599
53637607
53637611
53637629
53637631
53637653
53637659
53637691
53637707
53637739
53637743
53637757
53637769
53637803
53637809
53637821
53637833
53637841
53637847
53637851
53637853
53637869
53637877
53637889
53637929
53637937
53637943
53637953
53637959
53637979
53638019
53638031
53638037
53638051
53638097
53638133
53638147
53638183
53638223
53638259
53638267
53638289
53638297
53638301
53638307
53638309
53638397
53638427
53638433
53638447
53638457
53638471
53638483
53638499
53638561
53638591
53638601
53638639
53638643
53638657
53638679
53638681
53638687
53638751
53638771
53638799
53638801
53638811
53638813
53638841
53638853
53638861
53638873
53638877
53638889
53638901
53638909
53638939
53638973
53638987
53638997
53639023
53639039
53639041
53639077
53639081
53639087
53639099
53639101
53639107
53639119
53639149
53639171
53639177
53639237
53639239
53639249
53639251
53639263
53639281
53639297
53639303
53639323
53639359
53639389
53639423
53639429
53639431
53639441
53639459
53639501
53639507
53639513
53639561
53639567
53639569
53639581
53639591
53639617
53639623
53639627
53639633
53639659
53639669
53639671
53639681
53639687
53639693
53639701
53639711
53639741
53639753
53639771
53639779
53639783
53639797
53639863
53639891
53639903
53639917
53639921
53639959
53639969
53639987
53640001
53640017
53640023
53640061
53640077
53640079
53640089
53640091
53640107
53640109
53640143
53640157
53640179
53640193
53640271
53640283
53640313
53640319
53640329
53640331
53640337
53640359
53640361
53640403
53640407
53640409
53640421
53640427
53640437
53640451
53640467
53640469
53640497
53640523
53640541
53640547
53640557
53640589
53640599
53640637
53640689
53640707
53640721
53640733
53640739
53640767
53640779
53640791
53640793
53640817
53640827
53640841
53640869
53640871
53640877
53640883
53640893
53640913
53640931
53640941
53640949
53640973
53641031
53641051
53641099
53641121
53641127
53641151
53641153
53641163
53641169
53641177
53641183
53641187
53641193
53641223
53641229
53641277
53641283
53641309
53641319
53641331
53641333
53641361
53641373
53641397
53641411
53641463
53641481
53641513
53641517
53641519
53641537
53641547
53641657
53641667
53641669
53641697
53641699
53641723
53641733
53641739
53641781
53641799
53641853
53641859
53641871
53641901
53641949
53641961
53641969
53641979
53641999
53642023
53642041
53642047
53642053
53642081
53642093
53642101
53642107
53642131
53642167
53642179
53642189
53642209
53642219
53642221
53642287
53642291
53642321
53642333
53642353
53642359
53642389
53642399
53642401
53642419
53642441
53642443
53642461
53642467
53642471
53642507
53642513
53642521
53642549
53642551
53642573
53642579
53642581
53642587
53642593
53642627
53642653
53642671
53642689
53642737
53642747
53642749
53642753
53642759
53642773
53642777
53642791
53642821
53642863
53642867
53642917
53642921
53642951
53642959
53642971
53642987
53642993
53643013
53643043
53643067
53643091
53643097
53643103
53643119
53643131
53643157
53643167
53643193
53643197
53643241
53643253
53643263
53643277
53643283
53643341
53643371
53643389
53643397
53643407
53643409
53643413
53643493
53643509
53643511
53643523
53643529
53643559
53643563
53643641
53643697
53643719
53643731
53643757
53643763
53643767
53643769
53643773
53643781
53643787
53643809
53643839
53643841
53643851
53643869
53643883
53643893
53643899
53643913
53643943
53643991
53644001
53644033
53644037
53644057
53644067
53644093
53644099
53644103
53644141
53644147
53644159
53644181
53644183
53644207
53644271
53644273
53644307
53644309
53644337
53644363
53644379
53644387
53644417
53644453
53644463
53644471
53644499
53644501
53644517
53644529
53644541
53644553
53644573
53644597
53644627
53644637
53644667
53644691
53644697
53644699
53644727
53644729
53644739
53644781
53644793
53644817
53644819
53644841
53644861
53644883
53644919
53644939
53644949
53644963
53644967
53644991
53645003
53645021
53645023
53645069
53645071
53645087
53645089
53645107
53645117
53645143
53645147
53645161
53645167
53645191
53645203
53645231
53645237
53645239
53645287
53645297
53645299
53645327
53645329
53645357
53645369
53645393
53645401
53645461
53645479
53645509
53645519
53645539
53645587
53645611
53645617
53645623
53645633
53645651
53645653
53645707
53645723
53645731
53645771
53645773
53645777
53645783
53645789
53645791
53645833
53645843
53645849
53645869
53645881
53645887
53645929
53645939
53645953
53645957
53645981
53645989
53646001
53646007
53646011
53646013
53646037
53646059
53646083
53646107
53646113
53646119
53646161
53646191
53646199
53646233
53646247
53646277
53646283
53646289
53646331
53646343
53646353
53646371
53646377
53646391
53646487
53646497
53646503
53646521
53646533
53646569
53646583
53646587
53646613
53646631
53646643
53646661
53646673
53646689
53646701
53646721
53646739
53646763
53646793
53646809
53646811
53646847
53646851
53646893
53646907
53646919
53646947
53646949
53646953
53646977
53646979
53647021
53647067
53647091
53647093
53647123
53647141
53647157
53647159
53647171
53647177
53647199
53647207
53647211
53647259
53647271
53647277
53647309
53647313
53647327
53647337
53647357
53647381
53647397
53647403
53647411
53647423
53647439
53647441
53647457
53647459
53647483
53647493
53647519
53647543
53647547
53647549
53647567
53647571
53647589
53647603
53647619
53647663
53647667
53647673
53647679
53647681
53647717
53647723
53647751
53647757
53647777
53647787
53647793
53647807
53647831
53647837
53647861
53647871
53647877
53647901
53647907
53647927
53647939
53647991
53648033
53648053
53648087
53648093
53648099
53648123
53648171
53648183
53648201
53648233
53648263
53648279
53648293
53648303
53648323
53648327
53648333
53648359
53648363
53648369
53648401
53648411
53648423
53648437
53648449
53648453
53648467
53648501
53648509
53648527
53648537
53648591
53648597
53648599
53648603
53648611
53648633
53648657
53648669
53648677
53648681
53648701
53648713
53648717
53648729
53648731
53648741
53648783
53648797
53648809
53648827
53648831
53648849
53648893
53648899
53648911
53648929
53648971
53648981
53648999
53649017
53649019
53649031
53649049
53649053
53649077
53649097
53649131
53649143
53649151
53649157
53649163
53649173
53649209
53649221
53649227
53649241
53649247
53649269
53649307
53649311
53649329
53649353
53649359
53649367
53649373
53649377
53649383
53649403
53649451
53649481
53649487
53649503
53649511
53649523
53649527
53649529
53649551
53649553
53649571
53649577
53649581
53649613
53649641
53649649
53649653
53649697
53649707
53649719
53649721
53649737
53649763
53649779
53649793
53649829
53649839
53649851
53649857
53649859
53649877
53649899
53649917
53649923
53649929
53649941
53649949
53649979
53649997
53650013
53650019
53650061
53650067
53650117
53650139
53650169
53650187
53650189
53650193
53650211
53650217
53650229
53650271
53650273
53650277
53650297
53650313
53650327
53650339
53650381
53650423
53650439
53650447
53650459
53650523
53650543
53650567
53650573
53650613
53650621
53650631
53650741
53650747
53650757
53650811
53650847
53650859
53650867
53650871
53650907
53650939
53650943
53650969
53651009
53651011
53651021
53651027
53651047
53651053
53651071
53651089
53651093
53651113
53651123
53651137
53651159
53651197
53651207
53651219
53651233
53651251
53651263
53651281
53651291
53651293
53651309
53651321
53651333
53651407
53651413
53651417
53651419
53651431
53651441
53651447
53651467
53651471
53651509
53651527
53651539
53651593
53651597
53651621
53651629
53651671
53651701
53651713
53651743
53651747
53651753
53651761
53651777
53651797
53651809
53651867
53651869
53651891
53651909
53651921
53651929
53651987
53651999
53652023
53652083
53652101
53652127
53652133
53652161
53652167
53652199
53652217
53652251
53652283
53652301
53652329
53652343
53652373
53652383
53652419
53652421
53652449
53652451
53652457
53652463
53652481
53652503
53652509
53652517
53652541
53652551
53652569
53652601
53652617
53652631
53652647
53652659
53652667
53652673
53652707
53652719
53652727
53652757
53652761
53652763
53652769
53652779
53652791
53652811
53652821
53652829
53652839
53652853
53652881
53652913
53652919
53652983
53653021
53653031
53653069
53653079
53653081
53653091
53653129
53653151
53653153
53653177
53653183
53653189
53653199
53653213
53653247
53653333
53653339
53653357
53653363
53653373
53653387
53653423
53653427
53653429
53653459
53653477
53653489
53653507
53653601
53653669
53653673
53653679
53653681
53653711
53653727
53653753
53653757
53653763
53653771
53653813
53653823
53653843
53653883
53653903
53653913
53653961
53653979
53653991
53653993
53654017
53654053
53654059
53654113
53654131
53654137
53654171
53654173
53654177
53654189
53654191
53654231
53654243
53654257
53654303
53654317
53654323
53654327
53654333
53654353
53654369
53654387
53654413
53654429
53654449
53654467
53654473
53654479
53654501
53654519
53654539
53654569
53654581
53654599
53654617
53654621
53654633
53654639
53654641
53654647
53654681
53654687
53654693
53654717
53654719
53654729
53654743
53654747
53654749
53654753
53654761
53654789
53654801
53654827
53654857
53654891
53654899
53654903
53654963
53654969
53654971
53654987
53654989
53655011
53655037
53655047
53655061
53655083
53655181
53655193
53655209
53655211
53655223
53655229
53655269
53655289
53655293
53655319
53655331
53655391
53655397
53655461
53655463
53655479
53655493
53655499
53655509
53655521
53655523
53655533
53655541
53655559
53655583
53655607
53655629
53655631
53655643
53655649
53655653
53655659
53655673
53655683
53655703
53655727
53655733
53655743
53655751
53655779
53655799
53655853
53655857
53655869
53655871
53655881
53655919
53655967
53655971
53655991
53656007
53656037
53656051
53656069
53656081
53656091
53656111
53656121
53656147
53656151
53656153
53656201
53656219
53656223
53656243
53656261
53656277
53656279
53656283
53656289
53656297
53656321
53656397
53656417
53656433
53656441
53656451
53656453
53656459
53656487
53656507
53656523
53656531
53656543
53656579
53656597
53656601
53656609
53656619
53656621
53656633
53656649
53656711
53656727
53656739
53656763
53656781
53656789
53656831
53656853
53656859
53656891
53656903
53656909
53656937
53656951
53656973
53657011
53657029
53657039
53657053
53657081
53657099
53657111
53657113
53657167
53657179
53657189
53657209
53657237
53657239
53657243
53657251
53657257
53657293
53657297
53657309
53657333
53657339
53657341
53657347
53657371
53657377
53657381
53657407
53657431
53657447
53657449
53657467
53657509
53657519
53657531
53657537
53657567
53657573
53657599
53657629
53657647
53657657
53657671
53657693
53657717
53657749
53657759
53657761
53657771
53657777
53657789
53657809
53657819
53657861
53657867
53657893
53657897
53657911
53657921
53657939
53657941
53657951
53657959
53657977
53657987
53657999
53658013
53658019
53658041
53658043
53658083
53658107
53658113
53658127
53658131
53658173
53658181
53658191
53658197
53658221
53658229
53658233
53658247
53658277
53658329
53658331
53658359
53658373
53658377
53658383
53658391
53658403
53658457
53658499
53658503
53658509
53658523
53658533
53658569
53658581
53658601
53658623
53658637
53658667
53658673
53658677
53658691
53658697
53658707
53658713
53658719
53658721
53658727
53658743
53658763
53658809
53658821
53658853
53658859
53658863
53658877
53658881
53658887
53658911
53658959
53658971
53658973
53659003
53659033
53659061
53659087
53659103
53659117
53659129
53659159
53659163
53659169
53659181
53659187
53659217
53659273
53659279
53659297
53659301
53659339
53659343
53659387
53659393
53659423
53659433
53659469
53659471
53659493
53659523
53659547
53659559
53659561
53659579
53659589
53659603
53659607
53659631
53659637
53659643
53659649
53659651
53659663
53659673
53659747
53659757
53659777
53659783
53659787
53659789
53659799
53659811
53659841
53659867
53659877
53659901
53659909
53659919
53659927
53659951
53659961
53659979
53659981
53659997
53659999
53660003
53660011
53660017
53660029
53660071
53660077
53660111
53660119
53660129
53660141
53660149
53660207
53660209
53660213
53660227
53660261
53660281
53660291
53660293
53660317
53660333
53660339
53660359
53660371
53660377
53660401
53660429
53660437
53660443
53660447
53660459
53660461
53660489
53660507
53660567
53660569
53660573
53660611
53660623
53660627
53660639
53660657
53660707
53660723
53660729
53660749
53660791
53660801
53660833
53660851
53660869
53660879
53660897
53660917
53660939
53660951
53660953
53660977
53660983
53661011
53661017
53661071
53661103
53661109
53661133
53661143
53661173
53661191
53661227
53661229
53661239
53661269
53661287
53661317
53661319
53661331
53661347
53661353
53661379
53661427
53661431
53661457
53661479
53661511
53661539
53661547
53661583
53661593
53661607
53661617
53661623
53661637
53661653
53661679
53661683
53661697
53661703
53661709
53661763
53661767
53661787
53661791
53661793
53661847
53661859
53661863
53661869
53661887
53661901
53661931
53661973
53661991
53662019
53662031
53662033
53662039
53662067
53662079
53662087
53662097
53662111
53662139
53662159
53662171
53662187
53662223
53662241
53662253
53662261
53662291
53662303
53662307
53662309
53662313
53662363
53662393
53662423
53662459
53662471
53662507
53662529
53662547
53662561
53662577
53662601
53662619
53662621
53662649
53662663
53662681
53662729
53662733
53662759
53662781
53662793
53662813
53662823
53662837
53662853
53662879
53662901
53662907
53662969
53662993
53663039
53663053
53663063
53663111
53663119
53663123
53663131
53663147
53663153
53663161
53663171
53663177
53663179
53663191
53663221
53663227
53663251
53663261
53663297
53663303
53663327
53663333
53663359
53663377
53663443
53663447
53663453
53663473
53663483
53663497
53663503
53663557
53663563
53663569
53663593
53663609
53663633
53663639
53663647
53663671
53663683
53663689
53663737
53663741
53663749
53663767
53663773
53663783
53663803
53663837
53663839
53663867
53663873
53663881
53663887
53663893
53663903
53663921
53663941
53663959
53663969
53663971
53664011
53664029
53664047
53664059
53664067
53664071
53664077
53664101
53664109
53664157
53664161
53664167
53664187
53664197
53664209
53664211
53664251
53664269
53664349
53664409
53664437
53664439
53664511
53664517
53664539
53664551
53664557
53664593
53664599
53664617
53664619
53664623
53664649
53664671
53664679
53664691
53664701
53664707
53664749
53664769
53664791
53664799
53664803
53664823
53664839
53664841
53664847
53664851
53664893
53664899
53664901
53664907
53664913
53664917
53664931
53664983
53664997
53665013
53665019
53665069
53665091
53665121
53665127
53665151
53665159
53665193
53665201
53665217
53665219
53665223
53665237
53665267
53665289
53665319
53665327
53665343
53665349
53665373
53665427
53665483
53665489
53665517
53665523
53665567
53665571
53665603
53665607
53665613
53665637
53665649
53665663
53665669
53665673
53665687
53665691
53665697
53665721
53665757
53665789
53665793
53665813
53665817
53665837
53665883
53665901
53665949
53665961
53665973
53665981
53666003
53666017
53666029
53666033
53666069
53666071
53666077
53666083
53666087
53666101
53666113
53666141
53666167
53666183
53666189
53666209
53666213
53666227
53666233
53666251
53666287
53666293
53666309
53666321
53666323
53666329
53666351
53666357
53666381
53666387
53666419
53666423
53666479
53666489
53666491
53666497
53666513
53666563
53666629
53666677
53666689
53666693
53666707
53666713
53666719
53666729
53666731
53666741
53666747
53666749
53666783
53666803
53666831
53666861
53666863
53666869
53666891
53666897
53666923
53666929
53666939
53666941
53666947
53666959
53666971
53666993
53666999
53667013
53667037
53667059
53667137
53667151
53667161
53667179
53667193
53667199
53667209
53667227
53667233
53667239
53667247
53667253
53667281
53667301
53667329
53667377
53667379
53667389
53667391
53667407
53667413
53667431
53667491
53667503
53667527
53667539
53667553
53667563
53667577
53667583
53667599
53667611
53667631
53667637
53667667
53667683
53667697
53667707
53667709
53667721
53667751
53667833
53667847
53667899
53667917
53667923
53667941
53667961
53667973
53668001
53668007
53668033
53668051
53668073
53668079
53668081
53668117
53668127
53668151
53668159
53668163
53668169
53668187
53668193
53668247
53668249
53668259
53668271
53668291
53668297
53668319
53668339
53668367
53668387
53668393
53668399
53668411
53668421
53668457
53668469
53668477
53668481
53668487
53668493
53668523
53668529
53668543
53668561
53668577
53668613
53668619
53668639
53668663
53668679
53668717
53668721
53668733
53668751
53668753
53668777
53668789
53668793
53668799
53668801
53668817
53668831
53668841
53668883
53668897
53668903
53668919
53668921
53668931
53668933
53668963
53668973
53668991
53668999
53669009
53669023
53669039
53669059
53669069
53669131
53669137
53669141
53669149
53669179
53669191
53669207
53669233
53669249
53669257
53669269
53669299
53669309
53669359
53669387
53669393
53669411
53669431
53669437
53669503
53669513
53669531
53669537
53669593
53669599
53669611
53669659
53669669
53669687
53669701
53669717
53669771
53669789
53669821
53669831
53669839
53669843
53669857
53669873
53669909
53669929
53669933
53669947
53669951
53669953
53669983
53670007
53670011
53670013
53670031
53670061
53670077
53670103
53670119
53670131
53670137
53670167
53670181
53670187
53670191
53670209
53670223
53670229
53670233
53670259
53670277
53670311
53670347
53670361
53670371
53670433
53670437
53670439
53670457
53670469
53670481
53670509
53670511
53670527
53670553
53670559
53670571
53670583
53670587
53670601
53670623
53670629
53670637
53670647
53670671
53670679
53670691
53670697
53670713
53670739
53670761
53670769
53670781
53670787
53670797
53670811
53670829
53670863
53670893
53670899
53670901
53670913
53670919
53671021
53671031
53671063
53671073
53671081
53671129
53671147
53671153
53671187
53671207
53671229
53671231
53671237
53671249
53671309
53671313
53671357
53671367
53671381
53671393
53671403
53671411
53671421
53671427
53671433
53671441
53671463
53671477
53671481
53671507
53671511
53671517
53671529
53671537
53671543
53671559
53671589
53671619
53671661
53671679
53671691
53671711
53671727
53671729
53671733
53671741
53671753
53671759
53671763
53671777
53671781
53671801
53671823
53671831
53671841
53671847
53671861
53671901
53671909
53671913
53671939
53671957
53671967
53671997
53672051
53672071
53672081
53672117
53672147
53672149
53672153
53672161
53672173
53672183
53672257
53672263
53672279
53672291
53672303
53672323
53672329
53672347
53672369
53672389
53672393
53672407
53672413
53672419
53672431
53672461
53672467
53672483
53672513
53672537
53672573
53672599
53672603
53672611
53672617
53672629
53672653
53672659
53672669
53672693
53672699
53672711
53672737
53672753
53672767
53672771
53672779
53672789
53672797
53672819
53672833
53672849
53672851
53672909
53672911
53672917
53672923
53672951
53672953
53672959
53672981
53672989
53672999
53673001
53673091
53673133
53673143
53673149
53673161
53673167
53673187
53673211
53673239
53673247
53673251
53673253
53673317
53673337
53673341
53673343
53673349
53673359
53673379
53673391
53673397
53673401
53673407
53673409
53673413
53673439
53673443
53673463
53673509
53673517
53673523
53673533
53673583
53673593
53673619
53673623
53673637
53673673
53673677
53673703
53673733
53673749
53673773
53673793
53673817
53673821
53673857
53673869
53673887
53673899
53673911
53673929
53673931
53673979
