54329351
54329369
54329371
54329389
54329411
54329419
54329459
54329461
54329489
54329507
54329537
54329549
54329581
54329621
54329647
54329659
54329663
54329677
54329687
54329707
54329729
54329741
54329767
54329771
54329777
54329813
54329837
54329857
54329867
54329881
54329897
54329903
54329917
54329923
54329939
54329969
54329971
54330037
54330047
54330049
54330053
54330083
54330103
54330121
54330127
54330149
54330169
54330187
54330191
54330193
54330203
54330217
54330257
54330293
54330299
54330307
54330343
54330359
54330373
54330377
54330391
54330421
54330431
54330461
54330491
54330499
54330511
54330527
54330553
54330559
54330581
54330593
54330599
54330613
54330643
54330649
54330667
54330713
54330719
54330733
54330743
54330779
54330797
54330839
54330841
54330877
54330901
54330953
54330967
54330971
54330977
54330979
54331009
54331021
54331033
54331073
54331087
54331091
54331093
54331111
54331141
54331163
54331183
54331213
54331217
54331243
54331261
54331301
54331309
54331327
54331331
54331339
54331351
54331369
54331421
54331423
54331427
54331447
54331463
54331493
54331513
54331517
54331523
54331531
54331591
54331603
54331633
54331657
54331687
54331699
54331721
54331723
54331733
54331751
54331757
54331759
54331777
54331787
54331789
54331817
54331829
54331889
54331897
54331909
54331951
54331961
54331973
54331987
54331999
54332023
54332027
54332053
54332071
54332081
54332087
54332099
54332101
54332123
54332129
54332183
54332209
54332227
54332237
54332293
54332297
54332309
54332347
54332359
54332393
54332401
54332413
54332431
54332437
54332441
54332461
54332471
54332477
54332479
54332483
54332497
54332507
54332543
54332549
54332557
54332563
54332581
54332599
54332651
54332699
54332717
54332741
54332743
54332753
54332767
54332777
54332783
54332807
54332813
54332827
54332843
54332851
54332869
54332881
54332911
54332933
54332939
54332947
54332981
54333001
54333007
54333011
54333017
54333029
54333043
54333053
54333067
54333089
54333091
54333101
54333113
54333151
54333161
54333163
54333193
54333203
54333239
54333259
54333263
54333271
54333287
54333299
54333311
54333329
54333341
54333347
54333379
54333401
54333413
54333431
54333437
54333439
54333463
54333469
54333473
54333491
54333563
54333577
54333589
54333611
54333619
54333623
54333647
54333661
54333689
54333701
54333703
54333707
54333743
54333757
54333761
54333803
54333823
54333841
54333869
54333883
54333899
54333911
54333919
54333941
54333943
54333949
54333967
54333971
54333991
54333997
54334001
54334003
54334031
54334043
54334097
54334121
54334151
54334153
54334157
54334177
54334183
54334187
54334199
54334201
54334229
54334249
54334271
54334309
54334331
54334333
54334361
54334367
54334417
54334421
54334451
54334459
54334507
54334517
54334519
54334529
54334531
54334543
54334549
54334561
54334573
54334597
54334627
54334633
54334673
54334729
54334733
54334741
54334769
54334781
54334801
54334817
54334823
54334829
54334831
54334853
54334879
54334897
54334919
54334937
54334949
54334979
54334991
54334997
54334999
54335023
54335027
54335063
54335081
54335089
54335119
54335143
54335153
54335207
54335227
54335249
54335251
54335293
54335297
54335311
54335317
54335327
54335339
54335341
54335353
54335363
54335419
54335443
54335447
54335471
54335509
54335527
54335543
54335551
54335581
54335609
54335627
54335641
54335651
54335663
54335731
54335741
54335747
54335753
54335767
54335779
54335797
54335819
54335849
54335857
54335863
54335881
54335891
54335903
54335923
54335969
54335989
54336011
54336031
54336083
54336103
54336119
54336167
54336179
54336187
54336197
54336203
54336221
54336223
54336241
54336251
54336319
54336329
54336341
54336349
54336361
54336367
54336377
54336379
54336407
54336413
54336427
54336431
54336449
54336473
54336479
54336481
54336497
54336533
54336571
54336617
54336631
54336643
54336647
54336671
54336673
54336677
54336679
54336701
54336719
54336727
54336761
54336791
54336809
54336839
54336853
54336859
54336871
54336881
54336901
54336917
54336943
54336949
54336959
54336967
54336973
54336977
54336983
54337007
54337009
54337037
54337043
54337057
54337099
54337111
54337121
54337147
54337159
54337189
54337249
54337267
54337279
54337313
54337333
54337343
54337373
54337379
54337391
54337411
54337417
54337421
54337427
54337429
54337433
54337441
54337447
54337453
54337471
54337483
54337487
54337529
54337553
54337573
54337579
54337589
54337597
54337601
54337631
54337639
54337651
54337691
54337709
54337711
54337727
54337733
54337747
54337783
54337817
54337837
54337847
54337849
54337861
54337873
54337889
54337897
54337901
54337951
54337957
54337961
54337963
54337973
54337991
54337993
54338021
54338027
54338041
54338047
54338057
54338059
54338099
54338107
54338113
54338117
54338177
54338183
54338189
54338201
54338203
54338209
54338227
54338261
54338279
54338287
54338299
54338321
54338329
54338377
54338411
54338413
54338419
54338437
54338503
54338509
54338519
54338521
54338539
54338549
54338551
54338561
54338569
54338591
54338597
54338611
54338623
54338639
54338657
54338701
54338717
54338729
54338731
54338743
54338747
54338759
54338771
54338777
54338831
54338839
54338863
54338873
54338897
54338923
54338969
54339017
54339049
54339067
54339073
54339091
54339119
54339137
54339149
54339161
54339167
54339169
54339203
54339223
54339239
54339253
54339283
54339289
54339407
54339419
54339431
54339451
54339457
54339511
54339529
54339557
54339577
54339583
54339587
54339611
54339619
54339631
54339647
54339671
54339697
54339713
54339739
54339781
54339793
54339811
54339821
54339833
54339839
54339877
54339953
54339977
54339983
54339991
54340009
54340031
54340067
54340103
54340123
54340127
54340141
54340147
54340157
54340159
54340189
54340199
54340207
54340259
54340277
54340291
54340301
54340327
54340339
54340343
54340411
54340453
54340459
54340471
54340487
54340523
54340537
54340549
54340553
54340567
54340571
54340579
54340591
54340603
54340607
54340667
54340669
54340673
54340709
54340717
54340723
54340733
54340763
54340771
54340801
54340807
54340831
54340859
54340877
54340879
54340889
54340943
54340987
54340991
54341009
54341017
54341039
54341051
54341093
54341101
54341117
54341143
54341201
54341213
54341227
54341239
54341267
54341279
54341291
54341317
54341321
54341327
54341351
54341363
54341369
54341381
54341383
54341393
54341431
54341453
54341459
54341509
54341519
54341533
54341557
54341579
54341591
54341593
54341597
54341603
54341611
54341627
54341657
54341671
54341689
54341699
54341719
54341731
54341753
54341759
54341797
54341803
54341821
54341839
54341869
54341897
54341899
54341921
54341941
54341951
54341953
54341971
54342017
54342037
54342049
54342053
54342083
54342091
54342103
54342107
54342139
54342151
54342181
54342187
54342191
54342209
54342227
54342229
54342263
54342269
54342271
54342329
54342347
54342361
54342373
54342389
54342397
54342401
54342419
54342439
54342443
54342479
54342503
54342511
54342517
54342539
54342581
54342623
54342661
54342683
54342703
54342709
54342737
54342749
54342779
54342787
54342803
54342853
54342929
54342941
54342971
54343001
54343007
54343019
54343027
54343039
54343049
54343057
54343087
54343127
54343193
54343199
54343213
54343229
54343243
54343277
54343283
54343297
54343321
54343349
54343351
54343381
54343397
54343447
54343451
54343453
54343459
54343469
54343493
54343507
54343519
54343537
54343559
54343631
54343643
54343657
54343693
54343697
54343717
54343739
54343769
54343789
54343811
54343831
54343859
54343879
54343889
54343907
54343937
54343979
54343981
54344011
54344089
54344093
54344111
54344113
54344117
54344149
54344183
54344197
54344203
54344233
54344243
54344263
54344287
54344293
54344321
54344341
54344357
54344387
54344399
54344401
54344417
54344419
54344429
54344489
54344497
54344501
54344509
54344533
54344539
54344567
54344569
54344599
54344603
54344611
54344627
54344659
54344669
54344671
54344681
54344683
54344779
54344783
54344789
54344809
54344813
54344827
54344867
54344881
54344887
54344909
54344911
54344987
54344999
54345001
54345007
54345013
54345017
54345037
54345089
54345103
54345167
54345173
54345191
54345223
54345227
54345229
54345271
54345281
54345283
54345287
54345331
54345359
54345367
54345383
54345419
54345427
54345433
54345457
54345463
54345469
54345479
54345503
54345517
54345521
54345523
54345553
54345569
54345587
54345589
54345607
54345611
54345659
54345671
54345673
54345689
54345703
54345721
54345761
54345763
54345773
54345817
54345839
54345847
54345853
54345857
54345887
54345901
54345997
54346013
54346037
54346043
54346063
54346073
54346121
54346129
54346133
54346141
54346151
54346153
54346157
54346177
54346183
54346189
54346207
54346211
54346219
54346231
54346249
54346273
54346277
54346283
54346301
54346307
54346349
54346363
54346373
54346387
54346421
54346463
54346483
54346489
54346507
54346541
54346543
54346553
54346573
54346577
54346613
54346619
54346639
54346651
54346679
54346697
54346709
54346717
54346777
54346781
54346843
54346867
54346921
54346931
54346951
54346961
54346997
54347009
54347039
54347057
54347077
54347081
54347089
54347093
54347143
54347149
54347159
54347171
54347177
54347179
54347197
54347203
54347213
54347269
54347287
54347323
54347329
54347341
54347347
54347357
54347387
54347389
54347411
54347441
54347473
54347477
54347549
54347563
54347599
54347611
54347627
54347663
54347687
54347693
54347701
54347707
54347717
54347719
54347723
54347729
54347747
54347773
54347779
54347831
54347833
54347849
54347851
54347863
54347879
54347893
54347897
54347927
54347941
54347947
54347957
54347981
54347983
54348013
54348023
54348029
54348043
54348061
54348089
54348127
54348131
54348137
54348143
54348187
54348193
54348199
54348209
54348223
54348251
54348331
54348353
54348383
54348391
54348397
54348401
54348433
54348443
54348461
54348509
54348521
54348527
54348529
54348551
54348559
54348571
54348577
54348629
54348631
54348653
54348659
54348709
54348727
54348737
54348751
54348757
54348769
54348773
54348781
54348787
54348803
54348869
54348901
54348907
54348923
54348941
54348953
54348989
54348991
54348997
54349013
54349019
54349027
54349049
54349073
54349079
54349093
54349111
54349117
54349123
54349129
54349171
54349181
54349199
54349237
54349247
54349283
54349297
54349319
54349331
54349409
54349423
54349439
54349441
54349447
54349469
54349499
54349511
54349543
54349553
54349571
54349601
54349619
54349627
54349643
54349651
54349657
54349661
54349693
54349699
54349717
54349733
54349753
54349769
54349787
54349847
54349849
54349871
54349873
54349877
54349879
54349909
54349957
54349961
54349987
54350011
54350017
54350029
54350039
54350041
54350053
54350117
54350123
54350141
54350159
54350171
54350201
54350209
54350227
54350249
54350267
54350293
54350327
54350339
54350353
54350369
54350371
54350399
54350407
54350441
54350453
54350473
54350497
54350501
54350519
54350551
54350563
54350567
54350591
54350603
54350629
54350663
54350687
54350689
54350711
54350729
54350761
54350867
54350873
54350897
54350899
54350903
54350911
54350929
54350951
54350969
54350987
54351019
54351041
54351049
54351067
54351083
54351109
54351119
54351127
54351163
54351169
54351179
54351197
54351203
54351221
54351239
54351251
54351263
54351287
54351313
54351361
54351373
54351383
54351389
54351403
54351413
54351443
54351509
54351541
54351559
54351569
54351581
54351589
54351593
54351607
54351617
54351623
54351643
54351667
54351683
54351721
54351749
54351751
54351767
54351823
54351833
54351841
54351859
54351883
54351889
54351893
54351911
54351923
54351943
54351953
54351961
54351971
54352049
54352057
54352073
54352093
54352171
54352219
54352229
54352231
54352271
54352357
54352367
54352399
54352423
54352433
54352453
54352471
54352481
54352499
54352541
54352561
54352589
54352591
54352607
54352631
54352643
54352651
54352681
54352687
54352691
54352693
54352717
54352721
54352751
54352759
54352777
54352783
54352789
54352801
54352829
54352867
54352943
54352957
54352981
54353011
54353021
54353023
54353041
54353051
54353081
54353087
54353093
54353119
54353149
54353183
54353227
54353231
54353293
54353303
54353329
54353353
54353363
54353371
54353401
54353417
54353423
54353459
54353473
54353477
54353489
54353503
54353513
54353521
54353597
54353599
54353617
54353653
54353671
54353681
54353687
54353693
54353707
54353711
54353713
54353723
54353759
54353773
54353863
54353869
54353891
54353903
54353909
54353921
54353939
54353941
54353953
54353963
54353983
54353993
54354019
54354023
54354029
54354077
54354089
54354109
54354161
54354187
54354197
54354217
54354229
54354239
54354259
54354277
54354319
54354341
54354361
54354371
54354373
54354401
54354407
54354431
54354437
54354511
54354527
54354539
54354551
54354569
54354577
54354631
54354637
54354667
54354731
54354743
54354761
54354767
54354793
54354827
54354829
54354841
54354847
54354869
54354893
54354901
54354907
54354917
54354919
54354929
54354931
54354941
54355013
54355027
54355031
54355033
54355061
54355073
54355097
54355099
54355151
54355153
54355177
54355199
54355201
54355207
54355229
54355241
54355297
54355303
54355313
54355339
54355361
54355387
54355391
54355393
54355403
54355421
54355429
54355451
54355487
54355507
54355513
54355517
54355519
54355537
54355549
54355577
54355589
54355591
54355597
54355607
54355643
54355711
54355723
54355733
54355747
54355753
54355759
54355781
54355799
54355813
54355823
54355837
54355843
54355853
54355867
54355883
54355897
54355907
54355909
54355957
54355991
54355993
54356039
54356041
54356053
54356077
54356083
54356101
54356129
54356143
54356149
54356161
54356167
54356173
54356177
54356227
54356231
54356249
54356317
54356339
54356347
54356369
54356371
54356377
54356413
54356417
54356431
54356453
54356459
54356461
54356479
54356501
54356507
54356513
54356537
54356539
54356557
54356579
54356593
54356623
54356639
54356647
54356657
54356683
54356689
54356699
54356707
54356711
54356723
54356741
54356761
54356767
54356789
54356801
54356807
54356821
54356849
54356851
54356867
54356873
54356879
54356927
54356947
54356983
54356987
54356989
54356999
54357001
54357013
54357047
54357053
54357071
54357097
54357169
54357179
54357197
54357209
54357217
54357227
54357241
54357253
54357307
54357311
54357361
54357367
54357371
54357379
54357389
54357409
54357421
54357463
54357481
54357497
54357503
54357509
54357553
54357557
54357559
54357587
54357599
54357607
54357631
54357659
54357673
54357683
54357691
54357697
54357713
54357749
54357761
54357769
54357799
54357817
54357827
54357833
54357839
54357851
54357881
54357889
54357929
54357943
54357967
54357983
54357997
54358001
54358009
54358043
54358049
54358067
54358079
54358081
54358141
54358153
54358189
54358193
54358207
54358211
54358219
54358229
54358253
54358279
54358289
54358307
54358309
54358331
54358349
54358351
54358391
54358393
54358427
54358429
54358477
54358483
54358489
54358519
54358543
54358553
54358573
54358583
54358597
54358663
54358669
54358679
54358687
54358691
54358693
54358699
54358709
54358721
54358739
54358769
54358781
54358783
54358853
54358859
54358861
54358891
54358901
54358919
54358937
54358961
54358987
54359003
54359017
54359059
54359069
54359087
54359117
54359141
54359161
54359167
54359191
54359197
54359293
54359299
54359309
54359329
54359351
54359363
54359381
54359443
54359447
54359453
54359467
54359471
54359483
54359497
54359519
54359527
54359533
54359567
54359587
54359593
54359621
54359639
54359651
54359653
54359671
54359677
54359681
54359699
54359707
54359749
54359759
54359807
54359813
54359831
54359839
54359861
54359873
54359881
54359909
54359923
54359933
54359951
54359953
54360029
54360049
54360077
54360091
54360113
54360133
54360149
54360157
54360179
54360193
54360199
54360209
54360223
54360277
54360347
54360353
54360359
54360379
54360389
54360403
54360409
54360433
54360443
54360469
54360479
54360497
54360499
54360503
54360521
54360533
54360541
54360637
54360667
54360721
54360731
54360739
54360743
54360751
54360773
54360829
54360841
54360847
54360851
54360869
54360871
54360893
54360899
54360907
54360923
54360947
54360961
54360991
54361037
54361049
54361063
54361067
54361081
54361091
54361117
54361183
54361193
54361211
54361253
54361273
54361277
54361297
54361319
54361343
54361369
54361381
54361409
54361423
54361429
54361441
54361459
54361471
54361477
54361487
54361493
54361499
54361501
54361511
54361513
54361523
54361543
54361561
54361609
54361633
54361639
54361667
54361669
54361687
54361739
54361757
54361819
54361841
54361873
54361877
54361889
54361891
54361943
54361961
54361973
54361981
54361997
54361999
54362017
54362053
54362093
54362101
54362111
54362123
54362137
54362149
54362167
54362171
54362177
54362183
54362201
54362207
54362227
54362233
54362237
54362257
54362263
54362279
54362291
54362299
54362303
54362323
54362339
54362359
54362369
54362377
54362381
54362383
54362387
54362411
54362417
54362419
54362431
54362453
54362459
54362491
54362513
54362519
54362521
54362533
54362563
54362603
54362653
54362669
54362681
54362689
54362729
54362767
54362801
54362827
54362839
54362851
54362899
54362911
54362963
54362983
54362989
54362999
54363031
54363037
54363041
54363077
54363079
54363083
54363121
54363151
54363157
54363187
54363193
54363217
54363227
54363241
54363259
54363269
54363289
54363293
54363301
54363373
54363409
54363437
54363461
54363469
54363479
54363497
54363521
54363523
54363539
54363563
54363571
54363587
54363593
54363601
54363607
54363623
54363629
54363643
54363649
54363703
54363707
54363713
54363779
54363787
54363791
54363797
54363809
54363833
54363847
54363853
54363857
54363877
54363887
54363899
54363949
54363979
54363983
54364021
54364027
54364033
54364069
54364081
54364091
54364097
54364103
54364109
54364127
54364133
54364153
54364171
54364207
54364229
54364231
54364291
54364307
54364313
54364369
54364391
54364397
54364399
54364417
54364423
54364439
54364451
54364459
54364463
54364469
54364511
54364543
54364573
54364577
54364601
54364619
54364621
54364637
54364649
54364693
54364703
54364721
54364733
54364747
54364753
54364781
54364799
54364813
54364823
54364841
54364867
54364873
54364889
54364907
54364957
54364987
54365011
54365033
54365081
54365089
54365093
54365119
54365147
54365161
54365189
54365203
54365209
54365219
54365239
54365243
54365257
54365273
54365281
54365291
54365293
54365387
54365419
54365429
54365449
54365461
54365471
54365477
54365483
54365497
54365501
54365513
54365527
54365533
54365557
54365567
54365653
54365659
54365671
54365741
54365777
54365797
54365809
54365833
54365837
54365849
54365867
54365873
54365891
54365911
54365933
54365939
54365953
54365989
54365999
54366001
54366007
54366023
54366073
54366083
54366101
54366113
54366127
54366131
54366139
54366149
54366161
54366197
54366211
54366217
54366229
54366241
54366253
54366259
54366313
54366331
54366337
54366341
54366359
54366397
54366401
54366409
54366437
54366439
54366449
54366469
54366479
54366497
54366509
54366511
54366517
54366563
54366569
54366643
54366647
54366659
54366667
54366679
54366691
54366709
54366721
54366737
54366751
54366757
54366769
54366791
54366853
54366863
54366869
54366881
54366887
54366889
54366941
54366947
54366989
54366997
54367031
54367039
54367051
54367057
54367063
54367069
54367091
54367111
54367123
54367213
54367237
54367249
54367253
54367267
54367277
54367283
54367301
54367307
54367333
54367337
54367349
54367363
54367367
54367421
54367427
54367447
54367451
54367463
54367471
54367477
54367501
54367507
54367529
54367543
54367549
54367589
54367631
54367637
54367657
54367667
54367711
54367727
54367777
54367793
54367801
54367843
54367847
54367891
54367909
54367931
54367933
54367967
54367993
54368047
54368051
54368081
54368099
54368147
54368233
54368269
54368299
54368309
54368317
54368333
54368339
54368381
54368399
54368449
54368467
54368477
54368491
54368521
54368549
54368551
54368563
54368579
54368593
54368609
54368617
54368647
54368659
54368663
54368683
54368693
54368773
54368789
54368819
54368843
54368863
54368869
54368879
54368887
54368893
54368903
54368917
54368927
54368953
54368971
54368983
54368999
54369017
54369023
54369037
54369041
54369047
54369059
54369097
54369131
54369137
54369151
54369187
54369191
54369197
54369199
54369223
54369251
54369269
54369277
54369307
54369311
54369347
54369353
54369377
54369379
54369397
54369421
54369437
54369449
54369481
54369521
54369529
54369533
54369551
54369559
54369563
54369569
54369607
54369619
54369641
54369671
54369703
54369713
54369767
54369779
54369797
54369817
54369823
54369827
54369829
54369839
54369881
54369899
54369901
54369911
54369919
54369923
54369937
54369943
54369967
54369979
54370003
54370009
54370013
54370021
54370033
54370037
54370051
54370067
54370073
54370079
54370081
54370123
54370163
54370171
54370177
54370193
54370201
54370207
54370237
54370247
54370259
54370271
54370307
54370319
54370333
54370339
54370363
54370411
54370417
54370423
54370453
54370483
54370487
54370489
54370523
54370529
54370577
54370579
54370583
54370601
54370627
54370639
54370669
54370699
54370711
54370717
54370733
54370747
54370751
54370753
54370759
54370763
54370787
54370793
54370817
54370831
54370847
54370861
54370891
54370903
54370907
54370933
54370937
54370957
54370973
54370999
54371017
54371021
54371029
54371047
54371077
54371089
54371099
54371111
54371123
54371137
54371147
54371153
54371159
54371173
54371183
54371209
54371227
54371231
54371263
54371279
54371281
54371311
54371323
54371341
54371347
54371357
54371363
54371399
54371459
54371461
54371497
54371501
54371503
54371573
54371579
54371591
54371599
54371677
54371683
54371687
54371689
54371731
54371753
54371771
54371813
54371827
54371851
54371879
54371893
54371927
54371951
54371959
54371971
54372007
54372029
54372067
54372077
54372107
54372127
54372139
54372179
54372193
54372211
54372229
54372247
54372259
54372293
54372317
54372337
54372349
54372359
54372389
54372401
54372403
54372407
54372413
54372421
54372427
54372431
54372457
54372469
54372473
54372523
54372551
54372559
54372569
54372589
54372599
54372631
54372653
54372673
54372691
54372707
54372743
54372751
54372757
54372761
54372781
54372803
54372811
54372823
54372839
54372841
54372863
54372881
54372893
54372917
54372959
54372973
54373009
54373019
54373061
54373069
54373103
54373129
54373133
54373139
54373147
54373159
54373181
54373183
54373213
54373237
54373273
54373303
54373309
54373321
54373337
54373369
54373373
54373427
54373477
54373489
54373493
54373499
54373507
54373511
54373523
54373559
54373591
54373607
54373651
54373661
54373663
54373723
54373729
54373733
54373789
54373807
54373819
54373849
54373853
54373873
54373889
54373897
54373903
54373931
54373933
54373937
54373951
54373981
54373999
54374003
54374011
54374017
54374063
54374069
54374087
54374129
54374141
54374147
54374149
54374153
54374171
54374183
54374189
54374191
54374207
54374227
54374233
54374239
54374251
54374267
54374329
54374377
54374389
54374393
54374399
54374401
54374413
54374429
54374471
54374477
54374479
54374513
54374519
54374531
54374539
54374557
54374597
54374603
54374689
54374717
54374731
54374743
54374773
54374777
54374779
54374791
54374807
54374819
54374839
54374849
54374861
54374863
54374917
54374927
54374953
54374981
54375031
54375037
54375053
54375071
54375073
54375077
54375109
54375127
54375157
54375161
54375187
54375227
54375281
54375301
54375313
54375329
54375331
54375341
54375361
54375371
54375407
54375439
54375491
54375523
54375527
54375539
54375577
54375589
54375637
54375641
54375647
54375653
54375661
54375677
54375689
54375697
54375709
54375719
54375731
54375751
54375773
54375781
54375791
54375817
54375823
54375833
54375883
54375889
54375901
54375907
54375913
54375917
54375943
54375947
54375973
54375991
54376057
54376099
54376129
54376159
54376169
54376171
54376181
54376187
54376213
54376219
54376243
54376297
54376327
54376331
54376339
54376351
54376367
54376409
54376417
54376453
54376457
54376471
54376493
54376501
54376513
54376519
54376541
54376547
54376549
54376561
54376571
54376579
54376601
54376607
54376627
54376657
54376667
54376709
54376733
54376747
54376757
54376771
54376801
54376849
54376859
54376909
54376913
54376957
54376961
54376967
54376981
54376997
54377003
54377009
54377017
54377027
54377051
54377077
54377093
54377119
54377159
54377207
54377231
54377263
54377273
54377299
54377303
54377333
54377363
54377369
54377381
54377387
54377399
54377423
54377429
54377431
54377447
54377459
54377461
54377471
54377473
54377483
54377489
54377501
54377513
54377539
54377569
54377579
54377599
54377621
54377641
54377647
54377663
54377683
54377711
54377723
54377749
54377801
54377809
54377839
54377857
54377861
54377899
54377993
54378001
54378007
54378017
54378041
54378059
54378067
54378073
54378083
54378109
54378113
54378127
54378131
54378139
54378169
54378179
54378193
54378217
54378221
54378227
54378241
54378251
54378253
54378263
54378283
54378293
54378301
54378319
54378343
54378349
54378367
54378383
54378421
54378431
54378439
54378449
54378469
54378547
54378559
54378581
54378613
54378637
54378659
54378679
54378697
54378719
54378721
54378769
54378787
54378823
54378871
54378959
54378967
54378977
54378983
54379001
54379019
54379021
54379033
54379051
54379067
54379123
54379139
54379151
54379183
54379187
54379201
54379231
54379249
54379253
54379261
54379271
54379313
54379333
54379343
54379357
54379361
54379393
54379399
54379417
54379421
54379453
54379469
54379471
54379483
54379499
54379513
54379531
54379543
54379561
54379597
54379621
54379631
54379639
54379657
54379693
54379733
54379739
54379763
54379771
54379783
54379811
54379837
54379841
54379847
54379867
54379877
54379883
54379931
54379937
54379951
54379967
54379999
54380089
54380101
54380113
54380159
54380167
54380177
54380201
54380213
54380273
54380311
54380329
54380351
54380353
54380357
54380371
54380393
54380407
54380437
54380453
54380461
54380497
54380567
54380587
54380593
54380611
54380621
54380629
54380633
54380653
54380659
54380699
54380701
54380731
54380759
54380761
54380791
54380827
54380849
54380857
54380891
54380899
54380969
54380971
54380987
54381001
54381029
54381053
54381071
54381091
54381139
54381163
54381169
54381193
54381203
54381227
54381253
54381281
54381319
54381337
54381367
54381377
54381389
54381391
54381427
54381443
54381451
54381461
54381497
54381511
54381557
54381577
54381599
54381611
54381617
54381619
54381647
54381659
54381661
54381697
54381707
54381721
54381731
54381751
54381779
54381791
54381797
54381809
54381851
54381863
54381881
54381883
54381889
54381923
54381947
54381973
54381979
54382019
54382039
54382061
54382079
54382103
54382109
54382117
54382127
54382147
54382183
54382241
54382253
54382259
54382261
54382283
54382297
54382309
54382319
54382333
54382357
54382369
54382387
54382409
54382457
54382459
54382469
54382477
54382529
54382547
54382571
54382577
54382613
54382621
54382631
54382633
54382639
54382667
54382673
54382697
54382703
54382729
54382771
54382789
54382793
54382799
54382817
54382819
54382829
54382843
54382849
54382871
54382873
54382891
54382907
54382927
54382967
54382981
54382987
54383009
54383023
54383041
54383057
54383099
54383117
54383137
54383159
54383167
54383257
54383299
54383389
54383401
54383411
54383419
54383429
54383443
54383447
54383449
54383489
54383531
54383557
54383573
54383587
54383591
54383633
54383639
54383669
54383711
54383723
54383741
54383779
54383807
54383851
54383873
54383881
54383887
54383893
54383911
54383921
54383933
54383939
54383971
54383977
54383993
54384041
54384047
54384059
54384097
54384131
54384151
54384221
54384229
54384233
54384247
54384263
54384271
54384277
54384283
54384287
54384313
54384331
54384353
54384361
54384373
54384389
54384391
54384427
54384437
54384439
54384467
54384481
54384497
54384521
54384529
54384557
54384559
54384587
54384601
54384619
54384641
54384653
54384661
54384667
54384691
54384703
54384713
54384727
54384761
54384791
54384839
54384871
54384877
54384907
54384919
54384929
54384937
54384971
54384991
54385031
54385061
54385069
54385081
54385103
54385109
54385127
54385171
54385183
54385187
54385189
54385231
54385249
54385267
54385273
54385283
54385297
54385313
54385327
54385333
54385351
54385421
54385451
54385453
54385459
54385477
54385481
54385483
54385489
54385493
54385517
54385537
54385549
54385561
54385609
54385631
54385633
54385649
54385673
54385679
54385691
54385697
54385699
54385739
54385741
54385753
54385757
54385763
54385769
54385783
54385801
54385813
54385861
54385889
54385921
54385931
54385937
54385939
54385943
54385951
54385963
54385993
54386027
54386029
54386039
54386081
54386089
54386093
54386117
54386119
54386159
54386201
54386203
54386239
54386243
54386261
54386287
54386317
54386333
54386399
54386407
54386413
54386477
54386491
54386503
54386543
54386551
54386557
54386573
54386599
54386603
54386641
54386653
54386693
54386713
54386729
54386737
54386753
54386767
54386771
54386779
54386809
54386819
54386837
54386863
54386867
54386887
54386897
54386909
54386963
54386993
54386999
54387007
54387023
54387041
54387043
54387083
54387089
54387103
54387119
54387121
54387127
54387133
54387163
54387167
54387191
54387259
54387323
54387337
54387343
54387353
54387379
54387407
54387427
54387449
54387461
54387497
54387517
54387523
54387527
54387551
54387569
54387583
54387587
54387589
54387631
54387643
54387679
54387713
54387737
54387757
54387761
54387763
54387797
54387799
54387841
54387859
54387863
54387869
54387871
54387887
54387889
54387901
54387941
54387943
54387953
54387959
54387961
54387967
54388001
54388003
54388067
54388069
54388073
54388091
54388109
54388153
54388211
54388231
54388247
54388267
54388273
54388277
54388283
54388297
54388309
54388331
54388333
54388357
54388361
54388363
54388379
54388391
54388417
54388459
54388463
54388471
54388511
54388517
54388549
54388553
54388567
54388571
54388573
54388667
54388669
54388693
54388739
54388777
54388781
54388793
54388799
54388801
54388819
54388843
54388847
54388877
54388883
54388897
54388903
54388907
54388913
54388931
54388993
54389009
54389017
54389087
54389099
54389107
54389113
54389117
54389129
54389131
54389141
54389173
54389201
54389219
54389243
54389249
54389261
54389263
54389299
54389311
54389317
54389323
54389359
54389389
54389393
54389399
54389417
54389473
54389483
54389507
54389509
54389551
54389567
54389581
54389597
54389617
54389627
54389639
54389689
54389719
54389737
54389771
54389773
54389789
54389791
54389807
54389809
54389827
54389831
54389833
54389843
54389849
54389869
54389873
54389897
54389921
54389939
54390001
54390013
54390023
54390029
54390041
54390071
54390073
54390107
54390113
54390121
54390169
54390173
54390181
54390187
54390197
54390221
54390257
54390263
54390289
54390299
54390311
54390359
54390367
54390379
54390383
54390409
54390443
54390449
54390499
54390509
54390527
54390541
54390551
54390563
54390643
54390649
54390691
54390697
54390737
54390751
54390779
54390827
54390841
54390859
54390881
54390893
54390937
54390943
54390961
54390971
54390983
54390991
54391003
54391031
54391039
54391061
54391093
54391123
54391151
54391157
54391171
54391189
54391201
54391213
54391217
54391241
54391273
54391339
54391367
54391397
54391423
54391439
54391457
54391459
54391487
54391511
54391523
54391529
54391541
54391553
54391567
54391583
54391613
54391637
54391651
54391657
54391663
54391669
54391679
54391691
54391693
54391703
54391709
54391717
54391781
54391783
54391787
54391793
54391807
54391817
54391829
54391847
54391867
54391921
54391943
54392029
54392047
54392057
54392077
54392123
54392147
54392167
54392189
54392203
54392209
54392243
54392267
54392279
54392311
54392323
54392341
54392357
54392389
54392399
54392413
54392431
54392483
54392509
54392557
54392563
54392567
54392579
54392581
54392587
54392593
54392621
54392633
54392651
54392659
54392669
54392671
54392683
54392713
54392717
54392729
54392743
54392747
54392753
54392759
54392797
54392837
54392857
54392873
54392881
54392917
54392927
54392939
54392963
54392969
54392983
54392993
54393007
54393011
54393023
54393049
54393083
54393107
54393109
54393139
54393169
54393173
54393179
54393187
54393191
54393193
54393197
54393239
54393253
54393307
54393331
54393349
54393359
54393377
54393389
54393401
54393407
54393431
54393433
54393439
54393461
54393467
54393497
54393503
54393527
54393533
54393571
54393587
54393601
54393611
54393629
54393631
54393641
54393649
54393653
54393679
54393707
54393709
54393743
54393767
54393841
54393869
54393887
54393907
54393947
54393971
54394001
54394009
54394037
54394049
54394051
54394061
54394073
54394099
54394117
54394129
54394139
54394147
54394157
54394163
54394189
54394231
54394253
54394279
54394289
54394303
54394313
54394337
54394349
54394357
54394391
54394393
54394409
54394411
54394433
54394451
54394499
54394513
54394523
54394537
54394547
54394573
54394583
54394607
54394621
54394643
54394649
54394667
54394721
54394723
54394729
54394757
54394763
54394771
54394783
54394799
54394811
54394819
54394831
54394843
54394861
54394877
