51642401
51642407
51642419
51642421
51642431
51642433
51642443
51642457
51642529
51642581
51642593
51642601
51642623
51642629
51642671
51642673
51642677
51642691
51642697
51642761
51642763
51642791
51642793
51642827
51642839
51642847
51642887
51642907
51642911
51642917
51642937
51642949
51642961
51642971
51642977
51642979
51643037
51643069
51643099
51643103
51643183
51643217
51643223
51643237
51643261
51643279
51643289
51643307
51643309
51643321
51643343
51643351
51643367
51643381
51643391
51643409
51643429
51643481
51643499
51643507
51643511
51643523
51643541
51643561
51643567
51643573
51643583
51643589
51643597
51643607
51643609
51643633
51643651
51643681
51643687
51643699
51643721
51643769
51643771
51643793
51643829
51643859
51643877
51643927
51643937
51643981
51643987
51643997
51644009
51644053
51644059
51644063
51644081
51644093
51644107
51644111
51644183
51644189
51644191
51644221
51644231
51644251
51644279
51644311
51644321
51644323
51644339
51644371
51644381
51644393
51644441
51644501
51644533
51644561
51644597
51644617
51644651
51644699
51644713
51644731
51644743
51644771
51644777
51644783
51644809
51644851
51644863
51644881
51644891
51644897
51644899
51644909
51644927
51644947
51644987
51645019
51645023
51645029
51645049
51645053
51645071
51645073
51645103
51645109
51645131
51645137
51645157
51645179
51645203
51645221
51645227
51645233
51645241
51645247
51645263
51645299
51645331
51645361
51645367
51645379
51645389
51645397
51645413
51645421
51645427
51645431
51645469
51645493
51645497
51645499
51645523
51645533
51645547
51645551
51645563
51645569
51645611
51645631
51645637
51645641
51645661
51645701
51645703
51645707
51645731
51645767
51645791
51645793
51645817
51645823
51645851
51645877
51645887
51645889
51645911
51645931
51645943
51645959
51645961
51645973
51645991
51646037
51646057
51646069
51646073
51646097
51646103
51646121
51646151
51646159
51646193
51646207
51646211
51646219
51646229
51646241
51646307
51646337
51646349
51646369
51646393
51646409
51646421
51646457
51646471
51646499
51646549
51646559
51646571
51646601
51646613
51646643
51646649
51646657
51646717
51646723
51646733
51646739
51646747
51646781
51646801
51646823
51646831
51646841
51646871
51646873
51646879
51646897
51646939
51646949
51646951
51647009
51647027
51647041
51647051
51647059
51647087
51647093
51647107
51647129
51647131
51647159
51647177
51647203
51647269
51647287
51647303
51647311
51647327
51647329
51647353
51647357
51647363
51647383
51647389
51647417
51647437
51647447
51647473
51647483
51647507
51647527
51647539
51647549
51647551
51647569
51647611
51647621
51647633
51647641
51647657
51647669
51647693
51647699
51647707
51647711
51647749
51647759
51647779
51647789
51647801
51647831
51647851
51647861
51647873
51647879
51647963
51647969
51647977
51647983
51648007
51648013
51648049
51648097
51648109
51648127
51648131
51648143
51648173
51648197
51648199
51648209
51648211
51648229
51648239
51648241
51648299
51648301
51648313
51648319
51648323
51648353
51648367
51648379
51648407
51648413
51648427
51648439
51648463
51648473
51648497
51648529
51648551
51648563
51648581
51648587
51648607
51648671
51648677
51648679
51648689
51648691
51648713
51648721
51648733
51648743
51648749
51648757
51648767
51648787
51648803
51648809
51648811
51648827
51648833
51648841
51648847
51648851
51648853
51648881
51648899
51648901
51648959
51648997
51649019
51649051
51649079
51649109
51649121
51649139
51649141
51649159
51649177
51649183
51649219
51649223
51649229
51649231
51649267
51649271
51649289
51649291
51649313
51649387
51649393
51649397
51649439
51649469
51649487
51649511
51649523
51649529
51649531
51649583
51649597
51649601
51649607
51649639
51649643
51649673
51649691
51649727
51649739
51649753
51649777
51649799
51649823
51649867
51649877
51649889
51649903
51649907
51649933
51649943
51649951
51650033
51650069
51650083
51650089
51650129
51650141
51650147
51650149
51650173
51650191
51650197
51650213
51650239
51650243
51650257
51650273
51650281
51650293
51650297
51650317
51650323
51650351
51650383
51650393
51650399
51650419
51650453
51650477
51650497
51650503
51650551
51650561
51650563
51650579
51650623
51650633
51650659
51650671
51650723
51650737
51650761
51650771
51650789
51650813
51650843
51650917
51650971
51650993
51651011
51651013
51651023
51651109
51651113
51651121
51651133
51651143
51651157
51651161
51651181
51651199
51651209
51651221
51651241
51651251
51651269
51651289
51651337
51651377
51651401
51651409
51651421
51651437
51651463
51651469
51651473
51651493
51651517
51651539
51651541
51651553
51651563
51651571
51651599
51651623
51651631
51651641
51651659
51651679
51651683
51651713
51651739
51651751
51651757
51651781
51651791
51651799
51651827
51651851
51651863
51651869
51651881
51651883
51651907
51651949
51651959
51651973
51652009
51652031
51652039
51652049
51652057
51652063
51652067
51652093
51652123
51652141
51652147
51652163
51652189
51652193
51652207
51652213
51652283
51652291
51652313
51652339
51652343
51652351
51652357
51652379
51652399
51652423
51652439
51652453
51652459
51652499
51652547
51652607
51652609
51652619
51652637
51652651
51652673
51652723
51652739
51652747
51652751
51652753
51652759
51652771
51652781
51652801
51652819
51652831
51652873
51652889
51652891
51652897
51652901
51652903
51652921
51652927
51652943
51652949
51652957
51652967
51652981
51653027
51653033
51653051
51653053
51653081
51653083
51653087
51653113
51653137
51653149
51653159
51653167
51653177
51653201
51653207
51653209
51653213
51653227
51653243
51653249
51653257
51653269
51653291
51653297
51653299
51653311
51653333
51653351
51653387
51653417
51653447
51653453
51653489
51653491
51653507
51653509
51653513
51653579
51653629
51653663
51653677
51653687
51653689
51653711
51653743
51653773
51653807
51653831
51653839
51653857
51653867
51653873
51653897
51653933
51653963
51653977
51653983
51653993
51654011
51654019
51654023
51654037
51654049
51654079
51654101
51654107
51654121
51654151
51654203
51654271
51654283
51654299
51654311
51654319
51654371
51654391
51654431
51654437
51654461
51654487
51654511
51654523
51654529
51654541
51654569
51654599
51654601
51654643
51654661
51654671
51654689
51654709
51654719
51654751
51654761
51654797
51654817
51654821
51654839
51654853
51654871
51654877
51654907
51654917
51654929
51654947
51654949
51654971
51654979
51654989
51655001
51655007
51655013
51655067
51655073
51655081
51655111
51655147
51655157
51655159
51655181
51655183
51655193
51655211
51655223
51655229
51655259
51655291
51655297
51655321
51655363
51655379
51655381
51655391
51655399
51655403
51655421
51655423
51655481
51655489
51655501
51655519
51655523
51655561
51655573
51655609
51655627
51655649
51655657
51655687
51655691
51655711
51655717
51655733
51655753
51655763
51655817
51655913
51655921
51655957
51655991
51656027
51656053
51656057
51656063
51656083
51656113
51656119
51656131
51656179
51656197
51656233
51656237
51656239
51656249
51656281
51656309
51656369
51656377
51656411
51656417
51656471
51656483
51656491
51656519
51656533
51656543
51656593
51656603
51656617
51656621
51656623
51656641
51656651
51656653
51656669
51656677
51656681
51656701
51656719
51656729
51656747
51656791
51656833
51656851
51656861
51656903
51656909
51656947
51656951
51656981
51656989
51656993
51657013
51657019
51657041
51657049
51657071
51657119
51657163
51657173
51657187
51657197
51657223
51657227
51657247
51657259
51657283
51657293
51657311
51657313
51657317
51657329
51657383
51657401
51657413
51657421
51657427
51657443
51657451
51657479
51657493
51657503
51657511
51657527
51657533
51657539
51657583
51657589
51657629
51657643
51657649
51657673
51657677
51657689
51657703
51657707
51657721
51657733
51657743
51657757
51657779
51657791
51657829
51657887
51657913
51657923
51657937
51657959
51657989
51658001
51658027
51658067
51658081
51658111
51658127
51658153
51658219
51658241
51658247
51658301
51658303
51658331
51658333
51658339
51658349
51658361
51658363
51658381
51658403
51658429
51658457
51658463
51658487
51658513
51658531
51658543
51658547
51658559
51658567
51658577
51658589
51658627
51658639
51658681
51658693
51658703
51658709
51658721
51658751
51658753
51658757
51658769
51658787
51658829
51658861
51658907
51658909
51658913
51658921
51658949
51658973
51658979
51658987
51658991
51659017
51659021
51659033
51659053
51659087
51659089
51659093
51659143
51659159
51659171
51659183
51659189
51659203
51659239
51659261
51659269
51659273
51659281
51659291
51659317
51659323
51659359
51659369
51659371
51659389
51659393
51659407
51659429
51659441
51659453
51659459
51659473
51659519
51659561
51659591
51659593
51659603
51659623
51659677
51659681
51659687
51659693
51659717
51659723
51659743
51659749
51659761
51659801
51659809
51659831
51659833
51659843
51659849
51659873
51659887
51659897
51659903
51659911
51659929
51659963
51659977
51659989
51660017
51660019
51660023
51660073
51660137
51660173
51660179
51660197
51660211
51660227
51660247
51660269
51660293
51660299
51660307
51660359
51660361
51660377
51660407
51660409
51660431
51660437
51660443
51660463
51660481
51660493
51660509
51660517
51660559
51660589
51660613
51660617
51660619
51660641
51660649
51660667
51660683
51660701
51660703
51660727
51660733
51660751
51660757
51660781
51660811
51660821
51660823
51660853
51660857
51660863
51660871
51660883
51660899
51660901
51660907
51660913
51660923
51660937
51660979
51661003
51661063
51661067
51661073
51661117
51661123
51661153
51661219
51661223
51661229
51661237
51661241
51661261
51661277
51661303
51661307
51661333
51661343
51661349
51661373
51661387
51661391
51661397
51661411
51661457
51661471
51661481
51661501
51661529
51661537
51661609
51661613
51661637
51661651
51661667
51661669
51661699
51661733
51661739
51661751
51661783
51661787
51661811
51661843
51661853
51661859
51661867
51661889
51661901
51661921
51661999
51662011
51662029
51662057
51662069
51662113
51662119
51662141
51662147
51662161
51662183
51662231
51662239
51662243
51662291
51662321
51662329
51662341
51662363
51662381
51662411
51662417
51662449
51662459
51662483
51662497
51662519
51662521
51662549
51662551
51662579
51662587
51662591
51662593
51662599
51662617
51662641
51662671
51662683
51662707
51662713
51662731
51662749
51662773
51662797
51662827
51662851
51662869
51662873
51662893
51662921
51662951
51662977
51663023
51663041
51663043
51663047
51663089
51663091
51663107
51663113
51663127
51663149
51663179
51663191
51663197
51663203
51663229
51663233
51663247
51663251
51663257
51663263
51663281
51663307
51663319
51663347
51663371
51663383
51663389
51663397
51663407
51663427
51663431
51663439
51663449
51663463
51663533
51663541
51663553
51663607
51663643
51663673
51663707
51663737
51663739
51663749
51663751
51663791
51663847
51663851
51663853
51663883
51663917
51663919
51663943
51663947
51663961
51663967
51663973
51663979
51664001
51664033
51664057
51664061
51664069
51664087
51664103
51664127
51664157
51664213
51664219
51664231
51664243
51664267
51664271
51664273
51664331
51664339
51664351
51664367
51664373
51664381
51664433
51664447
51664451
51664517
51664523
51664537
51664549
51664567
51664577
51664619
51664637
51664661
51664663
51664673
51664687
51664733
51664757
51664793
51664799
51664813
51664829
51664841
51664849
51664859
51664871
51664883
51664889
51664909
51664931
51664939
51664981
51664993
51665011
51665021
51665039
51665041
51665077
51665099
51665101
51665111
51665113
51665137
51665143
51665147
51665149
51665191
51665197
51665203
51665219
51665279
51665293
51665311
51665321
51665323
51665333
51665359
51665387
51665399
51665413
51665423
51665461
51665473
51665507
51665519
51665563
51665599
51665609
51665687
51665689
51665701
51665711
51665723
51665741
51665827
51665837
51665857
51665869
51665897
51665903
51665909
51665917
51665927
51665953
51665989
51666001
51666011
51666029
51666037
51666047
51666071
51666101
51666103
51666137
51666151
51666157
51666163
51666193
51666217
51666227
51666233
51666239
51666253
51666271
51666283
51666289
51666299
51666323
51666331
51666337
51666343
51666347
51666379
51666389
51666401
51666403
51666409
51666413
51666443
51666463
51666473
51666479
51666493
51666497
51666499
51666539
51666557
51666577
51666617
51666649
51666707
51666709
51666733
51666737
51666767
51666773
51666787
51666821
51666827
51666829
51666851
51666887
51666889
51666899
51666941
51666977
51667001
51667003
51667013
51667019
51667043
51667069
51667079
51667087
51667127
51667151
51667159
51667171
51667193
51667211
51667247
51667249
51667261
51667271
51667277
51667307
51667313
51667331
51667333
51667351
51667367
51667379
51667391
51667393
51667397
51667409
51667423
51667433
51667457
51667489
51667493
51667507
51667529
51667541
51667543
51667547
51667571
51667613
51667619
51667621
51667663
51667691
51667703
51667723
51667727
51667757
51667771
51667801
51667807
51667823
51667871
51667883
51667901
51667909
51667919
51667939
51667949
51667969
51668003
51668017
51668027
51668039
51668063
51668119
51668131
51668207
51668213
51668249
51668261
51668263
51668303
51668329
51668339
51668347
51668363
51668377
51668399
51668411
51668417
51668443
51668473
51668489
51668497
51668501
51668527
51668531
51668563
51668567
51668621
51668677
51668681
51668731
51668737
51668767
51668783
51668791
51668819
51668863
51668917
51668921
51668927
51668977
51668987
51669019
51669049
51669053
51669067
51669089
51669091
51669119
51669169
51669173
51669193
51669197
51669199
51669209
51669253
51669259
51669263
51669283
51669301
51669313
51669349
51669367
51669383
51669421
51669433
51669461
51669463
51669481
51669491
51669509
51669521
51669539
51669547
51669559
51669571
51669577
51669581
51669587
51669599
51669601
51669637
51669643
51669659
51669679
51669689
51669691
51669701
51669731
51669743
51669757
51669763
51669803
51669809
51669811
51669841
51669853
51669887
51669913
51669923
51669941
51669971
51669973
51669977
51669991
51669997
51670007
51670013
51670027
51670043
51670097
51670103
51670163
51670183
51670217
51670247
51670261
51670271
51670277
51670303
51670363
51670379
51670387
51670393
51670417
51670439
51670447
51670453
51670457
51670483
51670501
51670513
51670517
51670529
51670543
51670573
51670603
51670631
51670637
51670643
51670651
51670693
51670699
51670753
51670763
51670771
51670777
51670781
51670789
51670793
51670799
51670807
51670867
51670891
51670909
51670963
51670991
51671021
51671033
51671063
51671071
51671099
51671117
51671119
51671149
51671153
51671201
51671227
51671231
51671239
51671273
51671281
51671287
51671309
51671339
51671413
51671419
51671441
51671447
51671461
51671479
51671491
51671549
51671563
51671597
51671611
51671677
51671689
51671713
51671729
51671749
51671759
51671791
51671797
51671801
51671821
51671827
51671831
51671839
51671911
51671927
51671929
51671969
51671981
51671989
51672011
51672031
51672041
51672067
51672073
51672097
51672193
51672199
51672211
51672217
51672221
51672227
51672233
51672251
51672281
51672323
51672331
51672359
51672371
51672389
51672391
51672407
51672433
51672437
51672487
51672529
51672581
51672589
51672619
51672623
51672637
51672641
51672659
51672667
51672671
51672679
51672727
51672737
51672749
51672769
51672779
51672791
51672821
51672823
51672839
51672847
51672869
51672883
51672889
51672899
51672931
51672941
51672991
51673003
51673007
51673009
51673049
51673067
51673073
51673117
51673129
51673169
51673207
51673213
51673231
51673247
51673277
51673291
51673309
51673313
51673327
51673339
51673367
51673381
51673397
51673411
51673417
51673429
51673459
51673471
51673477
51673481
51673499
51673507
51673553
51673607
51673619
51673631
51673637
51673639
51673651
51673681
51673703
51673723
51673747
51673751
51673753
51673757
51673763
51673799
51673823
51673841
51673859
51673873
51673877
51673879
51673903
51673907
51673913
51673927
51673943
51673991
51674011
51674039
51674081
51674083
51674087
51674107
51674113
51674149
51674171
51674177
51674191
51674209
51674213
51674221
51674263
51674267
51674269
51674279
51674299
51674321
51674341
51674369
51674401
51674411
51674431
51674449
51674521
51674531
51674563
51674587
51674591
51674599
51674617
51674633
51674639
51674641
51674647
51674657
51674659
51674669
51674677
51674683
51674717
51674771
51674773
51674783
51674807
51674809
51674837
51674867
51674879
51674881
51674891
51674911
51674921
51674939
51674941
51674969
51674971
51674981
51674983
51674989
51674993
51675011
51675017
51675031
51675049
51675061
51675067
51675073
51675077
51675103
51675119
51675133
51675139
51675163
51675191
51675229
51675251
51675259
51675263
51675271
51675277
51675289
51675301
51675341
51675343
51675353
51675373
51675431
51675443
51675467
51675469
51675473
51675493
51675499
51675511
51675521
51675523
51675553
51675571
51675581
51675599
51675647
51675653
51675671
51675719
51675721
51675737
51675739
51675749
51675773
51675781
51675787
51675797
51675817
51675847
51675851
51675857
51675907
51675913
51675931
51675959
51675997
51676003
51676019
51676021
51676069
51676091
51676099
51676103
51676111
51676123
51676127
51676129
51676139
51676151
51676187
51676201
51676213
51676217
51676237
51676241
51676259
51676283
51676291
51676297
51676301
51676343
51676351
51676357
51676397
51676403
51676433
51676451
51676483
51676489
51676511
51676517
51676543
51676553
51676571
51676589
51676609
51676621
51676661
51676663
51676673
51676727
51676733
51676747
51676771
51676799
51676831
51676873
51676909
51676921
51676931
51676951
51676967
51676987
51676997
51677027
51677039
51677051
51677053
51677071
51677081
51677083
51677089
51677117
51677141
51677177
51677203
51677221
51677257
51677287
51677347
51677363
51677371
51677383
51677407
51677453
51677459
51677519
51677537
51677539
51677551
51677599
51677611
51677621
51677629
51677653
51677699
51677707
51677723
51677737
51677741
51677749
51677779
51677783
51677827
51677833
51677839
51677861
51677869
51677921
51677933
51677947
51678013
51678019
51678047
51678049
51678083
51678091
51678097
51678167
51678169
51678191
51678197
51678223
51678227
51678229
51678247
51678251
51678311
51678313
51678329
51678337
51678343
51678383
51678413
51678433
51678437
51678439
51678449
51678463
51678467
51678469
51678479
51678481
51678503
51678527
51678533
51678547
51678617
51678619
51678637
51678703
51678743
51678761
51678791
51678799
51678811
51678853
51678857
51678883
51678889
51678923
51678937
51678941
51678943
51678947
51678959
51678989
51679021
51679027
51679049
51679063
51679087
51679093
51679097
51679123
51679129
51679141
51679151
51679153
51679157
51679169
51679171
51679211
51679213
51679217
51679231
51679253
51679283
51679289
51679333
51679423
51679447
51679469
51679477
51679493
51679499
51679517
51679543
51679549
51679561
51679577
51679591
51679619
51679637
51679651
51679657
51679669
51679673
51679681
51679709
51679723
51679741
51679777
51679801
51679807
51679819
51679841
51679889
51679907
51679913
51679921
51679939
51679963
51679973
51679997
51680003
51680053
51680063
51680071
51680081
51680089
51680093
51680113
51680129
51680137
51680143
51680179
51680183
51680197
51680243
51680263
51680303
51680309
51680327
51680347
51680351
51680371
51680393
51680413
51680429
51680443
51680467
51680477
51680521
51680557
51680567
51680579
51680597
51680599
51680633
51680641
51680653
51680669
51680693
51680719
51680723
51680729
51680737
51680743
51680753
51680771
51680843
51680879
51680891
51680903
51680911
51680953
51680957
51680983
51681011
51681017
51681041
51681043
51681079
51681101
51681127
51681167
51681169
51681181
51681191
51681211
51681221
51681229
51681263
51681271
51681283
51681293
51681337
51681359
51681367
51681379
51681401
51681403
51681419
51681439
51681481
51681491
51681493
51681517
51681521
51681523
51681533
51681541
51681601
51681611
51681613
51681661
51681719
51681739
51681779
51681787
51681797
51681809
51681841
51681863
51681871
51681893
51681899
51681911
51681923
51681947
51681961
51681979
51682027
51682051
51682061
51682063
51682073
51682079
51682121
51682199
51682217
51682237
51682243
51682277
51682283
51682307
51682313
51682327
51682331
51682349
51682361
51682369
51682373
51682387
51682399
51682441
51682453
51682483
51682493
51682531
51682537
51682571
51682577
51682583
51682607
51682637
51682639
51682649
51682721
51682723
51682739
51682769
51682789
51682801
51682823
51682847
51682853
51682867
51682871
51682877
51682889
51682903
51682931
51682951
51682963
51683011
51683029
51683039
51683053
51683081
51683123
51683129
51683131
51683141
51683153
51683161
51683201
51683251
51683267
51683273
51683309
51683311
51683341
51683347
51683381
51683389
51683399
51683419
51683431
51683447
51683449
51683497
51683537
51683543
51683557
51683563
51683573
51683627
51683633
51683651
51683717
51683719
51683741
51683747
51683761
51683773
51683809
51683833
51683837
51683843
51683861
51683881
51683899
51683911
51683917
51683939
51683959
51683969
51683987
51683993
51684043
51684107
51684109
51684121
51684167
51684173
51684181
51684187
51684221
51684247
51684253
51684299
51684319
51684331
51684337
51684341
51684343
51684359
51684383
51684397
51684401
51684433
51684439
51684461
51684527
51684547
51684551
51684553
51684569
51684623
51684683
51684713
51684761
51684799
51684817
51684833
51684851
51684859
51684863
51684889
51684901
51684937
51684943
51684953
51684973
51684991
51685021
51685037
51685043
51685057
51685069
51685079
51685087
51685129
51685141
51685159
51685169
51685177
51685199
51685213
51685217
51685243
51685247
51685261
51685267
51685273
51685313
51685327
51685349
51685351
51685369
51685397
51685451
51685481
51685489
51685519
51685523
51685561
51685591
51685619
51685631
51685637
51685651
51685687
51685693
51685717
51685723
51685741
51685769
51685783
51685787
51685793
51685819
51685847
51685867
51685873
51685883
51685891
51685939
51685943
51685969
51685973
51686017
51686039
51686053
51686057
51686059
51686081
51686111
51686119
51686143
51686147
51686153
51686161
51686189
51686191
51686197
51686203
51686209
51686227
51686287
51686291
51686309
51686317
51686329
51686339
51686351
51686357
51686389
51686431
51686471
51686489
51686491
51686519
51686549
51686597
51686627
51686659
51686683
51686711
51686779
51686849
51686863
51686879
51686893
51686923
51686927
51686933
51686959
51686963
51686977
51687023
51687043
51687047
51687059
51687061
51687067
51687107
51687109
51687121
51687131
51687197
51687221
51687227
51687241
51687253
51687257
51687269
51687271
51687281
51687283
51687287
51687329
51687331
51687343
51687359
51687379
51687401
51687413
51687439
51687469
51687479
51687487
51687521
51687529
51687553
51687607
51687617
51687661
51687689
51687707
51687709
51687719
51687737
51687761
51687791
51687793
51687817
51687821
51687851
51687863
51687899
51687901
51687919
51687949
51687959
51687971
51687991
51687997
51688019
51688033
51688051
51688057
51688073
51688093
51688103
51688139
51688141
51688157
51688187
51688201
51688243
51688261
51688267
51688271
51688339
51688361
51688363
51688369
51688393
51688397
51688447
51688457
51688463
51688471
51688513
51688523
51688541
51688591
51688601
51688603
51688627
51688649
51688657
51688697
51688711
51688739
51688753
51688771
51688807
51688829
51688837
51688849
51688859
51688877
51688883
51688909
51688921
51688927
51688969
51689017
51689039
51689047
51689083
51689087
51689123
51689137
51689149
51689159
51689161
51689167
51689171
51689173
51689189
51689191
51689201
51689203
51689213
51689219
51689249
51689269
51689273
51689279
51689317
51689321
51689327
51689347
51689353
51689359
51689371
51689377
51689389
51689413
51689423
51689461
51689471
51689497
51689527
51689531
51689549
51689551
51689563
51689567
51689591
51689597
51689611
51689647
51689657
51689663
51689711
51689719
51689731
51689749
51689761
51689773
51689821
51689831
51689857
51689863
51689879
51689887
51689903
51689909
51689923
51689933
51689941
51689969
51689987
51690011
51690019
51690049
51690097
51690173
51690179
51690263
51690281
51690311
51690323
51690329
51690389
51690391
51690413
51690437
51690439
51690451
51690467
51690473
51690479
51690493
51690503
51690539
51690559
51690563
51690571
51690581
51690589
51690593
51690619
51690623
51690641
51690649
51690677
51690679
51690721
51690757
51690781
51690797
51690839
51690841
51690853
51690869
51690871
51690883
51690893
51690901
51690907
51690923
51690937
51690941
51690943
51690949
51690979
51690983
51691019
51691061
51691069
51691091
51691121
51691127
51691141
51691147
51691163
51691223
51691231
51691243
51691259
51691261
51691273
51691279
51691307
51691319
51691349
51691361
51691363
51691391
51691429
51691433
51691439
51691463
51691499
51691531
51691537
51691559
51691567
51691579
51691597
51691631
51691691
51691697
51691709
51691711
51691721
51691753
51691771
51691777
51691789
51691813
51691817
51691831
51691859
51691873
51691877
51691897
51691919
51691933
51691961
51691987
51691993
51691999
51692029
51692033
51692089
51692099
51692101
51692107
51692129
51692153
51692161
51692167
51692177
51692191
51692197
51692203
51692233
51692237
51692273
51692279
51692287
51692299
51692323
51692327
51692351
51692371
51692383
51692401
51692419
51692423
51692467
51692503
51692533
51692539
51692551
51692567
51692617
51692629
51692639
51692647
51692657
51692659
51692701
51692741
51692747
51692783
51692789
51692827
51692843
51692881
51692917
51692933
51692957
51692987
51692989
51692999
51693007
51693023
51693067
51693077
51693079
51693133
51693137
51693139
51693149
51693163
51693193
51693203
51693211
51693221
51693223
51693241
51693253
51693269
51693377
51693409
51693427
51693431
51693437
51693449
51693493
51693503
51693511
51693527
51693529
51693539
51693541
51693553
51693557
51693559
51693569
51693599
51693637
51693641
51693659
51693667
51693679
51693703
51693713
51693727
51693731
51693739
51693757
51693769
51693791
51693797
51693809
51693823
51693827
51693839
51693841
51693871
51693877
51693913
51694009
51694021
51694033
51694039
51694043
51694061
51694067
51694091
51694099
51694129
51694163
51694171
51694183
51694189
51694199
51694241
51694243
51694261
51694273
51694277
51694289
51694333
51694339
51694351
51694369
51694373
51694381
51694387
51694393
51694417
51694441
51694477
51694499
51694523
51694543
51694553
51694583
51694597
51694607
51694609
51694619
51694631
51694651
51694673
51694681
51694691
51694697
51694703
51694751
51694757
51694771
51694781
51694787
51694793
51694817
51694829
51694837
51694847
51694859
51694871
51694873
51694879
51694897
51694921
51694933
51694939
51694997
51695003
51695041
51695047
51695051
51695071
51695093
51695107
51695131
51695141
51695153
51695167
51695173
51695177
51695201
51695209
51695213
51695261
51695263
51695279
51695291
51695297
51695359
51695389
51695411
51695431
51695459
51695489
51695509
51695519
51695531
51695533
51695551
51695563
51695627
51695639
51695653
51695663
51695681
51695747
51695767
51695773
51695797
51695821
51695837
51695849
51695857
51695863
51695867
51695887
51695971
51695981
51695983
51695989
51696049
51696077
51696089
51696101
51696103
51696109
51696119
51696163
51696173
51696179
51696181
51696221
51696223
51696259
51696311
51696317
51696319
51696343
51696361
51696377
51696389
51696391
51696431
51696443
51696457
51696461
51696481
51696509
51696523
51696527
51696551
51696559
51696577
51696583
51696599
51696607
51696611
51696637
51696649
51696653
51696683
51696691
51696703
51696727
51696761
51696767
51696769
51696797
51696823
51696839
51696857
51696877
51696901
51696913
51696919
51696971
51696973
51696977
51696989
51696991
51697003
51697007
51697049
51697069
51697091
51697097
51697099
51697109
51697127
51697141
51697171
51697193
51697201
51697237
51697253
51697259
51697273
51697279
51697319
51697333
51697337
51697339
51697379
51697381
51697409
51697453
51697483
51697489
51697507
51697531
51697571
51697573
51697577
51697579
51697589
51697609
51697627
51697637
51697643
51697649
51697673
51697687
51697699
51697703
51697729
51697733
51697741
51697753
51697777
51697783
51697787
51697823
51697829
51697831
51697847
51697861
51697873
51697883
51697903
51697907
51697931
51697963
51698029
51698033
51698041
51698047
51698051
51698063
51698077
51698081
51698113
51698137
51698149
51698177
51698191
51698197
51698201
51698209
51698237
51698239
51698249
51698279
51698281
51698299
51698321
51698327
51698347
51698363
51698393
51698401
51698407
51698419
51698431
51698443
51698453
51698467
51698477
51698497
51698533
51698539
51698609
51698701
51698707
51698711
51698719
51698737
51698747
51698749
51698789
51698813
51698821
51698861
51698939
51698951
51698987
51698993
51699007
51699017
51699031
51699049
51699059
51699061
51699071
51699077
51699113
51699119
51699139
51699161
51699169
51699203
51699233
51699253
51699283
51699293
51699313
51699337
51699341
51699343
51699353
51699371
51699383
51699407
51699419
51699443
51699457
51699491
51699497
51699503
51699523
51699559
51699581
51699587
51699611
51699617
51699643
51699649
51699667
51699673
51699691
51699709
51699719
51699731
51699749
51699773
51699793
51699821
51699887
51699911
51699913
51699937
51699959
51699961
51699979
51699997
51700003
51700013
51700073
51700087
51700091
51700109
51700163
51700171
51700193
51700217
51700223
51700237
51700267
51700291
51700309
51700331
51700351
51700357
51700373
51700379
51700381
51700403
51700409
51700427
51700457
51700477
51700487
51700547
51700601
51700651
51700669
51700673
51700679
51700703
51700741
51700801
51700807
51700813
51700837
51700879
51700889
51700907
51700937
51700967
51700969
51701011
51701053
51701057
51701059
51701141
51701161
51701227
51701239
51701249
51701303
51701317
51701323
51701327
51701333
51701339
51701347
51701359
51701389
51701393
51701411
51701417
51701423
51701431
51701443
51701449
51701453
51701473
51701477
51701479
51701483
51701491
51701501
51701509
51701537
51701549
51701567
51701581
51701621
51701623
51701627
51701647
51701669
51701687
51701719
51701729
51701731
51701789
51701801
51701803
51701851
51701857
51701917
51701921
51701929
51701933
51701939
51701941
51701989
51702029
51702071
51702073
51702089
51702109
51702121
51702149
51702199
51702221
51702223
51702251
51702257
51702281
51702289
51702307
51702317
51702341
51702361
51702403
51702433
51702437
51702449
51702461
51702463
51702473
51702479
51702481
51702509
51702523
51702529
51702569
51702587
51702611
51702617
51702647
51702671
51702709
51702713
51702751
51702767
51702779
51702793
51702803
51702863
51702869
51702883
51702901
51702943
51702977
51702979
51702983
51702991
51703019
51703021
51703031
51703039
51703049
51703063
51703081
51703087
51703117
51703121
51703139
51703147
51703153
51703159
51703177
51703187
51703207
51703217
51703261
51703291
51703321
51703331
51703339
51703357
51703361
51703369
51703373
51703403
51703441
51703453
51703459
51703493
51703499
51703507
51703523
51703543
51703573
51703601
51703627
51703633
51703643
51703669
51703679
51703709
51703733
51703777
51703787
51703789
51703801
51703811
51703831
51703843
51703853
51703867
51703871
51703903
51703909
51703913
51703933
51703943
51703957
51703963
51703973
51704011
51704033
51704039
51704057
51704099
51704131
51704137
51704143
51704153
51704171
51704173
51704197
51704209
51704227
51704267
51704287
51704291
51704297
51704347
51704353
51704357
51704407
51704417
51704431
51704441
51704449
51704459
51704479
51704489
51704501
51704537
51704551
51704563
51704573
51704579
51704581
51704603
51704629
51704663
51704669
51704677
51704689
51704693
51704753
51704761
51704773
51704801
51704819
51704911
51704921
51704927
51704929
51704957
51704959
51704971
51704987
51705001
51705013
51705047
51705077
51705089
51705091
51705103
51705107
51705119
51705139
51705151
51705161
51705163
51705187
51705191
51705209
51705229
51705239
51705293
51705301
51705319
51705337
51705343
51705373
51705377
51705413
51705439
51705443
51705461
51705473
51705481
51705487
51705497
51705527
51705557
51705583
51705601
51705611
51705623
51705629
51705649
51705659
51705671
51705673
51705683
51705701
51705733
51705739
51705743
51705757
51705767
51705769
51705791
51705809
51705847
51705851
51705877
51705883
51705887
51705911
51705919
51705943
51705949
51705989
51706009
51706013
51706019
51706037
51706079
51706091
51706097
51706117
51706121
51706147
51706199
51706229
51706267
51706297
51706307
51706313
51706321
51706327
51706331
51706337
51706397
51706409
51706423
51706433
51706441
51706489
51706493
51706519
51706541
51706561
51706579
51706583
51706609
51706643
51706651
51706663
51706693
51706709
51706727
51706763
51706777
51706801
51706807
51706859
51706861
51706873
51706883
51706901
51706931
51706937
51706943
51706973
51706981
51706987
51707011
51707017
51707021
51707053
51707057
51707063
51707107
51707119
51707137
51707153
51707177
51707179
51707207
51707221
51707231
51707237
51707239
51707269
51707281
51707297
51707333
51707347
51707393
51707399
51707413
51707419
51707431
51707459
51707483
51707507
51707603
51707627
51707639
51707647
51707651
51707671
51707699
51707707
51707713
51707729
51707737
51707741
51707753
51707813
51707819
51707869
51707891
51707893
