52035647
52035671
52035673
52035677
52035707
52035743
52035757
52035769
52035791
52035811
52035839
52035859
52035881
52035883
52035911
52035943
52035953
52036001
52036007
52036009
52036013
52036027
52036037
52036057
52036067
52036069
52036087
52036129
52036157
52036163
52036169
52036177
52036181
52036199
52036207
52036211
52036217
52036223
52036241
52036247
52036277
52036291
52036331
52036333
52036349
52036399
52036417
52036427
52036429
52036441
52036463
52036471
52036489
52036499
52036519
52036547
52036549
52036559
52036577
52036627
52036639
52036651
52036679
52036697
52036723
52036727
52036729
52036769
52036771
52036781
52036783
52036793
52036811
52036819
52036871
52036883
52036891
52036903
52036921
52036951
52036969
52036973
52036979
52037023
52037047
52037053
52037113
52037129
52037147
52037173
52037177
52037287
52037309
52037317
52037327
52037383
52037387
52037389
52037399
52037407
52037441
52037449
52037471
52037483
52037509
52037519
52037549
52037551
52037567
52037591
52037593
52037621
52037633
52037639
52037659
52037693
52037717
52037723
52037737
52037749
52037767
52037801
52037813
52037857
52037863
52037879
52037893
52037917
52037963
52037971
52037981
52037989
52038013
52038023
52038067
52038079
52038083
52038097
52038113
52038157
52038191
52038193
52038197
52038229
52038251
52038253
52038257
52038263
52038271
52038281
52038289
52038313
52038341
52038361
52038419
52038439
52038449
52038457
52038517
52038559
52038577
52038589
52038599
52038607
52038617
52038619
52038629
52038659
52038661
52038667
52038689
52038691
52038713
52038733
52038737
52038769
52038773
52038781
52038797
52038809
52038821
52038829
52038841
52038859
52038869
52038893
52038911
52038947
52038991
52039007
52039019
52039051
52039109
52039123
52039151
52039177
52039181
52039187
52039189
52039219
52039241
52039249
52039277
52039307
52039321
52039333
52039367
52039391
52039399
52039439
52039447
52039451
52039453
52039459
52039511
52039513
52039541
52039553
52039571
52039573
52039577
52039597
52039633
52039643
52039657
52039667
52039681
52039697
52039699
52039709
52039721
52039733
52039747
52039751
52039753
52039759
52039781
52039787
52039807
52039831
52039837
52039849
52039903
52039909
52039927
52039963
52039973
52039987
52040017
52040033
52040047
52040057
52040063
52040083
52040113
52040119
52040129
52040141
52040159
52040161
52040189
52040201
52040269
52040273
52040279
52040293
52040299
52040311
52040321
52040371
52040399
52040473
52040477
52040497
52040509
52040561
52040567
52040579
52040591
52040623
52040671
52040687
52040693
52040699
52040711
52040731
52040741
52040749
52040777
52040803
52040827
52040831
52040837
52040861
52040887
52040903
52040951
52040953
52040983
52041001
52041023
52041037
52041047
52041053
52041091
52041103
52041107
52041139
52041161
52041163
52041169
52041211
52041221
52041229
52041239
52041257
52041271
52041289
52041313
52041331
52041337
52041347
52041377
52041413
52041419
52041421
52041427
52041449
52041463
52041491
52041523
52041527
52041541
52041553
52041623
52041629
52041683
52041727
52041749
52041757
52041767
52041799
52041809
52041823
52041841
52041877
52041881
52041887
52041907
52041937
52041959
52041971
52041973
52041989
52041991
52042009
52042021
52042061
52042093
52042097
52042139
52042157
52042171
52042201
52042213
52042217
52042223
52042229
52042241
52042271
52042279
52042297
52042303
52042373
52042391
52042409
52042421
52042439
52042453
52042469
52042481
52042493
52042511
52042519
52042541
52042547
52042561
52042567
52042579
52042619
52042631
52042633
52042651
52042657
52042693
52042709
52042717
52042723
52042741
52042747
52042759
52042789
52042807
52042811
52042829
52042847
52042867
52042877
52042883
52042889
52042891
52042901
52042927
52042931
52042937
52043027
52043041
52043059
52043083
52043099
52043177
52043183
52043231
52043237
52043269
52043281
52043291
52043293
52043317
52043323
52043347
52043351
52043353
52043357
52043359
52043401
52043419
52043441
52043471
52043483
52043491
52043501
52043521
52043567
52043581
52043587
52043597
52043627
52043633
52043689
52043731
52043741
52043759
52043819
52043833
52043843
52043861
52043863
52043879
52043891
52043897
52043909
52043911
52043939
52043969
52043977
52044001
52044017
52044019
52044043
52044049
52044119
52044131
52044137
52044151
52044169
52044217
52044227
52044269
52044277
52044323
52044353
52044367
52044371
52044373
52044383
52044413
52044437
52044449
52044467
52044481
52044493
52044521
52044571
52044583
52044611
52044617
52044631
52044649
52044661
52044677
52044679
52044689
52044697
52044709
52044731
52044739
52044757
52044779
52044799
52044809
52044833
52044893
52044899
52044911
52044913
52044931
52044943
52044947
52044983
52045033
52045039
52045057
52045061
52045073
52045079
52045087
52045117
52045129
52045163
52045171
52045183
52045193
52045207
52045219
52045223
52045241
52045271
52045289
52045291
52045319
52045337
52045339
52045349
52045361
52045363
52045369
52045379
52045387
52045391
52045393
52045439
52045453
52045457
52045463
52045501
52045507
52045519
52045537
52045583
52045589
52045601
52045613
52045649
52045663
52045673
52045699
52045703
52045709
52045723
52045733
52045739
52045751
52045783
52045787
52045793
52045811
52045813
52045817
52045837
52045853
52045901
52045927
52045937
52045949
52045957
52045963
52045979
52045991
52046009
52046023
52046041
52046077
52046081
52046089
52046101
52046107
52046123
52046131
52046143
52046207
52046233
52046273
52046287
52046317
52046321
52046327
52046353
52046429
52046443
52046459
52046461
52046473
52046483
52046497
52046509
52046513
52046521
52046549
52046563
52046569
52046573
52046581
52046593
52046597
52046609
52046623
52046629
52046633
52046651
52046653
52046663
52046699
52046713
52046717
52046747
52046749
52046767
52046789
52046803
52046807
52046821
52046849
52046857
52046879
52046881
52046887
52046903
52046957
52046959
52046963
52046977
52046983
52046987
52046989
52047043
52047067
52047077
52047119
52047139
52047179
52047181
52047209
52047287
52047311
52047323
52047337
52047341
52047371
52047407
52047449
52047451
52047487
52047497
52047503
52047509
52047511
52047559
52047563
52047599
52047601
52047607
52047629
52047647
52047679
52047683
52047703
52047719
52047731
52047733
52047763
52047767
52047797
52047799
52047803
52047833
52047839
52047841
52047869
52047871
52047881
52047883
52047907
52047917
52047923
52047929
52047943
52047959
52047967
52047979
52047997
52048013
52048021
52048037
52048043
52048093
52048097
52048099
52048109
52048121
52048151
52048153
52048177
52048211
52048219
52048231
52048247
52048253
52048259
52048267
52048289
52048303
52048309
52048313
52048327
52048351
52048369
52048427
52048453
52048487
52048499
52048501
52048523
52048567
52048571
52048573
52048583
52048613
52048621
52048627
52048631
52048663
52048669
52048709
52048727
52048729
52048753
52048769
52048811
52048831
52048861
52048879
52048889
52048901
52048933
52048943
52048957
52048979
52048981
52048987
52048991
52048993
52049003
52049027
52049029
52049119
52049141
52049149
52049167
52049191
52049203
52049237
52049251
52049267
52049273
52049281
52049293
52049321
52049329
52049363
52049369
52049411
52049423
52049429
52049449
52049453
52049471
52049537
52049573
52049579
52049587
52049593
52049609
52049611
52049629
52049663
52049671
52049677
52049681
52049707
52049717
52049719
52049729
52049731
52049743
52049813
52049827
52049839
52049849
52049857
52049923
52049929
52049939
52049941
52049957
52049969
52049981
52049993
52050013
52050017
52050049
52050077
52050091
52050109
52050133
52050149
52050161
52050169
52050181
52050199
52050211
52050221
52050227
52050233
52050247
52050259
52050269
52050283
52050343
52050353
52050359
52050377
52050391
52050407
52050409
52050421
52050433
52050437
52050461
52050463
52050469
52050487
52050499
52050517
52050521
52050539
52050589
52050613
52050631
52050637
52050641
52050659
52050673
52050697
52050731
52050763
52050773
52050781
52050797
52050799
52050811
52050839
52050847
52050871
52050883
52050917
52050919
52050931
52050959
52050989
52050997
52051033
52051081
52051121
52051133
52051151
52051163
52051169
52051187
52051211
52051217
52051249
52051261
52051291
52051301
52051313
52051319
52051357
52051367
52051381
52051397
52051403
52051411
52051451
52051477
52051523
52051567
52051577
52051579
52051619
52051631
52051633
52051667
52051679
52051687
52051693
52051763
52051871
52051891
52051913
52051927
52051997
52051999
52052003
52052023
52052027
52052029
52052041
52052047
52052089
52052137
52052141
52052149
52052167
52052177
52052179
52052227
52052261
52052279
52052291
52052309
52052311
52052323
52052327
52052333
52052369
52052393
52052401
52052417
52052423
52052447
52052449
52052509
52052513
52052549
52052551
52052557
52052563
52052579
52052597
52052603
52052633
52052639
52052677
52052681
52052699
52052713
52052717
52052773
52052831
52052843
52052851
52052857
52052873
52052881
52052911
52052921
52052953
52052971
52052977
52052983
52052993
52053041
52053097
52053107
52053121
52053139
52053151
52053187
52053203
52053227
52053229
52053233
52053241
52053251
52053259
52053311
52053319
52053343
52053359
52053361
52053373
52053377
52053427
52053431
52053461
52053493
52053497
52053503
52053509
52053527
52053539
52053569
52053587
52053593
52053601
52053611
52053613
52053649
52053689
52053691
52053719
52053731
52053763
52053773
52053809
52053877
52053893
52053907
52053919
52053941
52053943
52053959
52053979
52053997
52054007
52054019
52054027
52054039
52054049
52054061
52054069
52054081
52054097
52054099
52054103
52054111
52054139
52054141
52054151
52054181
52054199
52054201
52054237
52054259
52054271
52054273
52054279
52054283
52054307
52054309
52054337
52054349
52054369
52054393
52054399
52054403
52054447
52054469
52054501
52054517
52054559
52054603
52054637
52054649
52054669
52054703
52054711
52054721
52054729
52054757
52054771
52054787
52054823
52054829
52054831
52054837
52054879
52054903
52054907
52054909
52054973
52054987
52055011
52055023
52055033
52055039
52055053
52055099
52055123
52055137
52055153
52055219
52055221
52055249
52055257
52055291
52055317
52055357
52055389
52055401
52055407
52055429
52055431
52055447
52055467
52055473
52055483
52055503
52055519
52055539
52055557
52055569
52055579
52055587
52055617
52055621
52055623
52055629
52055677
52055701
52055711
52055723
52055761
52055771
52055797
52055807
52055827
52055849
52055879
52055881
52055897
52055909
52055933
52055947
52055951
52055987
52055999
52056013
52056047
52056079
52056127
52056133
52056149
52056163
52056197
52056217
52056233
52056269
52056271
52056287
52056313
52056317
52056331
52056341
52056343
52056353
52056391
52056427
52056437
52056439
52056461
52056469
52056481
52056493
52056517
52056527
52056541
52056551
52056583
52056623
52056629
52056673
52056679
52056689
52056691
52056709
52056721
52056733
52056749
52056761
52056779
52056791
52056793
52056803
52056847
52056857
52056863
52056877
52056881
52056899
52056931
52056937
52056989
52057021
52057037
52057139
52057151
52057157
52057171
52057193
52057199
52057231
52057237
52057253
52057267
52057297
52057301
52057309
52057361
52057381
52057399
52057403
52057469
52057531
52057543
52057547
52057571
52057573
52057601
52057619
52057627
52057633
52057657
52057661
52057673
52057679
52057693
52057699
52057721
52057729
52057751
52057771
52057781
52057783
52057793
52057807
52057877
52057879
52057931
52057933
52057939
52057991
52057997
52058003
52058009
52058011
52058023
52058047
52058087
52058089
52058099
52058101
52058117
52058143
52058159
52058179
52058183
52058191
52058197
52058239
52058261
52058273
52058311
52058327
52058333
52058339
52058351
52058381
52058399
52058401
52058411
52058431
52058441
52058449
52058459
52058521
52058527
52058543
52058581
52058597
52058621
52058627
52058647
52058653
52058659
52058693
52058707
52058711
52058717
52058731
52058737
52058753
52058779
52058791
52058801
52058819
52058837
52058849
52058863
52058873
52058893
52058899
52058927
52058953
52058969
52058983
52058999
52059017
52059043
52059071
52059101
52059113
52059121
52059131
52059149
52059167
52059179
52059191
52059239
52059251
52059307
52059311
52059313
52059331
52059353
52059367
52059377
52059383
52059391
52059421
52059433
52059451
52059467
52059479
52059521
52059523
52059529
52059547
52059577
52059583
52059587
52059613
52059617
52059643
52059671
52059701
52059751
52059767
52059773
52059853
52059857
52059869
52059893
52059911
52059919
52059929
52059937
52059941
52059949
52059961
52059977
52059979
52059989
52059991
52060003
52060009
52060033
52060049
52060091
52060093
52060123
52060157
52060159
52060163
52060187
52060189
52060193
52060207
52060219
52060223
52060237
52060271
52060301
52060303
52060313
52060319
52060321
52060367
52060373
52060381
52060387
52060403
52060417
52060427
52060433
52060453
52060457
52060483
52060493
52060499
52060507
52060543
52060549
52060553
52060559
52060583
52060601
52060621
52060637
52060669
52060721
52060751
52060781
52060843
52060859
52060867
52060871
52060901
52060903
52060949
52060991
52061027
52061033
52061039
52061057
52061071
52061099
52061111
52061129
52061137
52061143
52061147
52061153
52061179
52061189
52061203
52061231
52061239
52061263
52061279
52061291
52061297
52061299
52061309
52061323
52061329
52061333
52061341
52061353
52061363
52061381
52061393
52061407
52061411
52061417
52061419
52061447
52061459
52061461
52061509
52061521
52061533
52061563
52061579
52061587
52061591
52061623
52061663
52061683
52061687
52061717
52061771
52061773
52061791
52061797
52061809
52061827
52061831
52061839
52061851
52061899
52061909
52061951
52061969
52061993
52062001
52062061
52062079
52062091
52062103
52062137
52062139
52062161
52062173
52062193
52062259
52062287
52062301
52062371
52062389
52062391
52062397
52062401
52062421
52062469
52062473
52062481
52062487
52062499
52062503
52062509
52062533
52062541
52062553
52062559
52062581
52062583
52062587
52062599
52062601
52062611
52062617
52062631
52062649
52062701
52062709
52062719
52062727
52062763
52062767
52062781
52062799
52062821
52062833
52062841
52062853
52062863
52062889
52062893
52062929
52062947
52062949
52062973
52062979
52062991
52063003
52063019
52063031
52063049
52063051
52063069
52063079
52063127
52063147
52063157
52063159
52063171
52063189
52063213
52063223
52063243
52063247
52063259
52063261
52063267
52063273
52063279
52063313
52063339
52063351
52063369
52063373
52063393
52063397
52063409
52063433
52063447
52063457
52063483
52063511
52063567
52063573
52063579
52063589
52063597
52063603
52063619
52063631
52063633
52063643
52063657
52063691
52063703
52063717
52063747
52063799
52063811
52063813
52063867
52063889
52063897
52063909
52063919
52063937
52063951
52063969
52063981
52063987
52064011
52064017
52064041
52064053
52064057
52064059
52064101
52064113
52064153
52064191
52064197
52064209
52064231
52064261
52064267
52064273
52064281
52064303
52064321
52064339
52064393
52064399
52064401
52064413
52064417
52064423
52064431
52064447
52064449
52064471
52064563
52064627
52064633
52064647
52064651
52064669
52064671
52064687
52064689
52064699
52064707
52064723
52064729
52064741
52064743
52064759
52064783
52064827
52064833
52064839
52064843
52064891
52064923
52064941
52064953
52064977
52064981
52064983
52064989
52064993
52065001
52065011
52065019
52065037
52065043
52065053
52065059
52065061
52065071
52065103
52065107
52065119
52065137
52065157
52065191
52065227
52065229
52065241
52065257
52065259
52065281
52065283
52065287
52065289
52065311
52065313
52065323
52065341
52065397
52065427
52065457
52065463
52065473
52065479
52065487
52065521
52065539
52065547
52065569
52065581
52065593
52065659
52065667
52065691
52065731
52065737
52065743
52065749
52065787
52065799
52065829
52065851
52065869
52065899
52065913
52065929
52065931
52065943
52065953
52065961
52065967
52065971
52066037
52066051
52066073
52066097
52066111
52066151
52066199
52066211
52066229
52066237
52066243
52066247
52066277
52066283
52066321
52066349
52066361
52066369
52066387
52066463
52066477
52066493
52066499
52066519
52066523
52066541
52066543
52066579
52066589
52066607
52066621
52066627
52066633
52066649
52066661
52066667
52066681
52066711
52066727
52066769
52066789
52066823
52066831
52066841
52066849
52066853
52066891
52066901
52066907
52066909
52066921
52066939
52066967
52067017
52067027
52067033
52067051
52067077
52067111
52067131
52067149
52067153
52067159
52067161
52067167
52067203
52067207
52067219
52067227
52067263
52067269
52067287
52067303
52067317
52067329
52067357
52067363
52067437
52067471
52067479
52067497
52067513
52067531
52067537
52067551
52067573
52067599
52067623
52067627
52067629
52067641
52067683
52067689
52067713
52067737
52067747
52067749
52067767
52067833
52067849
52067857
52067867
52067887
52067891
52067893
52067927
52067947
52067993
52068001
52068007
52068011
52068041
52068077
52068091
52068097
52068109
52068143
52068167
52068169
52068173
52068187
52068209
52068217
52068223
52068239
52068241
52068257
52068271
52068281
52068299
52068323
52068371
52068377
52068397
52068409
52068413
52068421
52068449
52068469
52068529
52068547
52068587
52068613
52068629
52068677
52068689
52068691
52068703
52068713
52068719
52068733
52068761
52068769
52068781
52068791
52068823
52068839
52068847
52068851
52068853
52068959
52068967
52069009
52069013
52069049
52069081
52069133
52069151
52069159
52069163
52069169
52069187
52069189
52069219
52069231
52069271
52069289
52069313
52069319
52069327
52069331
52069343
52069363
52069379
52069387
52069393
52069403
52069411
52069421
52069441
52069463
52069543
52069547
52069559
52069571
52069583
52069601
52069607
52069637
52069643
52069649
52069651
52069711
52069729
52069733
52069757
52069781
52069799
52069807
52069811
52069837
52069859
52069879
52069883
52069889
52069931
52069933
52069939
52069949
52069957
52069961
52069973
52069981
52069991
52070017
52070021
52070023
52070047
52070071
52070077
52070087
52070093
52070107
52070131
52070147
52070171
52070197
52070209
52070231
52070233
52070237
52070257
52070267
52070309
52070329
52070339
52070357
52070383
52070423
52070441
52070443
52070453
52070461
52070467
52070489
52070497
52070503
52070519
52070521
52070531
52070567
52070569
52070593
52070617
52070639
52070657
52070687
52070713
52070719
52070741
52070743
52070749
52070789
52070833
52070867
52070869
52070911
52070927
52070939
52070947
52070957
52070959
52070989
52071007
52071013
52071023
52071029
52071067
52071079
52071083
52071109
52071113
52071121
52071133
52071139
52071157
52071163
52071181
52071193
52071199
52071223
52071233
52071251
52071259
52071263
52071277
52071301
52071317
52071337
52071359
52071389
52071401
52071403
52071421
52071427
52071473
52071479
52071499
52071511
52071553
52071577
52071653
52071659
52071713
52071727
52071743
52071751
52071787
52071821
52071827
52071841
52071881
52071883
52071889
52071893
52071941
52071949
52071953
52071961
52071967
52072001
52072019
52072109
52072123
52072133
52072151
52072169
52072201
52072247
52072261
52072271
52072277
52072289
52072301
52072303
52072327
52072367
52072373
52072409
52072417
52072421
52072439
52072451
52072453
52072477
52072523
52072541
52072543
52072549
52072561
52072567
52072571
52072609
52072619
52072627
52072637
52072681
52072687
52072697
52072721
52072723
52072729
52072753
52072763
52072781
52072793
52072799
52072817
52072831
52072837
52072843
52072847
52072859
52072861
52072879
52072883
52072913
52072931
52072961
52072973
52072981
52072991
52073027
52073029
52073041
52073051
52073059
52073071
52073089
52073101
52073107
52073113
52073117
52073141
52073143
52073179
52073191
52073209
52073233
52073269
52073279
52073303
52073327
52073339
52073347
52073353
52073377
52073381
52073477
52073491
52073503
52073513
52073537
52073543
52073557
52073569
52073599
52073627
52073639
52073653
52073657
52073663
52073711
52073713
52073717
52073729
52073753
52073767
52073789
52073803
52073843
52073849
52073867
52073887
52073921
52073933
52073939
52073947
52073953
52073963
52073993
52074007
52074013
52074023
52074031
52074089
52074101
52074109
52074119
52074131
52074137
52074149
52074173
52074181
52074233
52074271
52074299
52074301
52074317
52074329
52074361
52074367
52074377
52074391
52074397
52074409
52074413
52074427
52074437
52074443
52074493
52074499
52074511
52074527
52074601
52074643
52074679
52074697
52074709
52074767
52074811
52074833
52074853
52074857
52074863
52074881
52074899
52074901
52074929
52074931
52074937
52074943
52074949
52074973
52075007
52075031
52075069
52075073
52075103
52075159
52075171
52075211
52075223
52075253
52075321
52075327
52075339
52075349
52075357
52075367
52075379
52075393
52075399
52075411
52075421
52075423
52075459
52075477
52075501
52075531
52075553
52075559
52075579
52075603
52075609
52075663
52075669
52075697
52075717
52075721
52075741
52075757
52075759
52075783
52075813
52075853
52075867
52075871
52075889
52075897
52075901
52075957
52075963
52075987
52075993
52076021
52076023
52076033
52076039
52076069
52076077
52076107
52076113
52076137
52076147
52076149
52076159
52076161
52076179
52076183
52076197
52076201
52076221
52076239
52076243
52076251
52076261
52076267
52076281
52076317
52076327
52076333
52076357
52076377
52076399
52076411
52076413
52076419
52076449
52076459
52076467
52076471
52076513
52076533
52076537
52076539
52076551
52076599
52076617
52076641
52076671
52076677
52076693
52076789
52076803
52076809
52076819
52076833
52076861
52076863
52076873
52076897
52076909
52076957
52076963
52076977
52077013
52077029
52077041
52077049
52077059
52077071
52077101
52077107
52077133
52077143
52077149
52077161
52077163
52077169
52077173
52077187
52077197
52077203
52077209
52077211
52077227
52077281
52077287
52077329
52077349
52077367
52077373
52077379
52077391
52077401
52077407
52077479
52077481
52077491
52077547
52077563
52077581
52077587
52077607
52077629
52077631
52077637
52077653
52077661
52077679
52077691
52077733
52077743
52077761
52077791
52077821
52077847
52077877
52077899
52077901
52077941
52077973
52077979
52077983
52077989
52078007
52078009
52078027
52078051
52078073
52078087
52078111
52078181
52078189
52078199
52078211
52078217
52078219
52078237
52078307
52078309
52078321
52078333
52078381
52078391
52078393
52078409
52078421
52078447
52078469
52078513
52078517
52078549
52078561
52078583
52078589
52078603
52078661
52078673
52078681
52078687
52078717
52078727
52078777
52078781
52078787
52078813
52078823
52078841
52078879
52078889
52078909
52078921
52079029
52079051
52079059
52079087
52079089
52079113
52079129
52079141
52079179
52079213
52079267
52079303
52079309
52079333
52079341
52079351
52079371
52079453
52079459
52079479
52079491
52079497
52079537
52079557
52079561
52079603
52079611
52079617
52079623
52079633
52079663
52079669
52079689
52079701
52079743
52079759
52079801
52079803
52079813
52079851
52079861
52079897
52079899
52079903
52079939
52079977
52079999
52080019
52080037
52080043
52080047
52080059
52080101
52080107
52080109
52080113
52080137
52080151
52080167
52080169
52080187
52080271
52080313
52080337
52080359
52080361
52080389
52080407
52080419
52080437
52080449
52080451
52080461
52080467
52080473
52080493
52080499
52080529
52080547
52080563
52080569
52080583
52080593
52080599
52080617
52080629
52080631
52080643
52080661
52080667
52080689
52080703
52080737
52080739
52080779
52080797
52080811
52080907
52080929
52080943
52080967
52080971
52080983
52080989
52080997
52081019
52081027
52081031
52081061
52081063
52081069
52081079
52081097
52081153
52081157
52081189
52081201
52081231
52081273
52081279
52081297
52081301
52081331
52081349
52081363
52081391
52081397
52081409
52081417
52081423
52081433
52081487
52081507
52081517
52081537
52081541
52081543
52081567
52081571
52081573
52081583
52081613
52081633
52081639
52081649
52081657
52081663
52081723
52081769
52081807
52081853
52081859
52081877
52081879
52081889
52081921
52081927
52081933
52081937
52081951
52081957
52081961
52082003
52082011
52082047
52082083
52082089
52082099
52082111
52082117
52082137
52082141
52082161
52082167
52082171
52082179
52082183
52082209
52082267
52082279
52082291
52082293
52082297
52082299
52082311
52082321
52082323
52082333
52082351
52082353
52082389
52082413
52082473
52082483
52082497
52082531
52082561
52082599
52082609
52082617
52082621
52082633
52082647
52082683
52082731
52082777
52082839
52082843
52082867
52082881
52082897
52082903
52082911
52082923
52082929
52082963
52082969
52082977
52083001
52083049
52083061
52083077
52083103
52083113
52083133
52083137
52083139
52083149
52083151
52083167
52083179
52083197
52083221
52083271
52083299
52083301
52083323
52083329
52083331
52083341
52083347
52083401
52083403
52083433
52083443
52083491
52083509
52083527
52083593
52083613
52083637
52083667
52083671
52083677
52083709
52083719
52083727
52083737
52083743
52083749
52083763
52083841
52083851
52083881
52083887
52083893
52083917
52083919
52083929
52083931
52083947
52083979
52084003
52084027
52084093
52084117
52084129
52084171
52084177
52084183
52084199
52084211
52084231
52084267
52084289
52084297
52084321
52084327
52084337
52084343
52084369
52084381
52084399
52084427
52084457
52084471
52084499
52084519
52084537
52084541
52084547
52084573
52084577
52084579
52084597
52084607
52084649
52084657
52084663
52084691
52084693
52084709
52084723
52084733
52084777
52084807
52084831
52084913
52084931
52084951
52084973
52084979
52084987
52085003
52085009
52085017
52085021
52085029
52085039
52085051
52085069
52085081
52085119
52085153
52085191
52085219
52085237
52085249
52085269
52085311
52085329
52085339
52085351
52085357
52085359
52085389
52085393
52085413
52085437
52085443
52085491
52085533
52085543
52085557
52085581
52085587
52085597
52085609
52085623
52085633
52085641
52085651
52085659
52085701
52085713
52085717
52085723
52085743
52085767
52085791
52085809
52085819
52085833
52085837
52085843
52085851
52085861
52085923
52085939
52085963
52085989
52086019
52086037
52086101
52086103
52086137
52086143
52086149
52086179
52086193
52086211
52086217
52086241
52086259
52086313
52086319
52086323
52086371
52086409
52086427
52086469
52086493
52086499
52086511
52086527
52086533
52086539
52086553
52086563
52086571
52086613
52086641
52086649
52086653
52086659
52086679
52086689
52086719
52086731
52086751
52086761
52086773
52086817
52086821
52086841
52086877
52086883
52086907
52086919
52086953
52086967
52086977
52087027
52087039
52087043
52087069
52087081
52087109
52087121
52087127
52087141
52087163
52087169
52087187
52087199
52087241
52087253
52087267
52087297
52087309
52087313
52087333
52087361
52087403
52087423
52087457
52087459
52087487
52087513
52087523
52087543
52087549
52087559
52087561
52087579
52087583
52087597
52087631
52087639
52087667
52087681
52087687
52087697
52087699
52087723
52087727
52087787
52087793
52087807
52087829
52087831
52087837
52087853
52087859
52087879
52087913
52087927
52087957
52087969
52087979
52087991
52087993
52088039
52088107
52088129
52088159
52088171
52088203
52088213
52088219
52088237
52088243
52088249
52088287
52088293
52088297
52088299
52088303
52088371
52088381
52088411
52088429
52088447
52088461
52088467
52088471
52088473
52088483
52088497
52088501
52088513
52088539
52088567
52088581
52088651
52088657
52088683
52088719
52088741
52088753
52088759
52088779
52088789
52088791
52088797
52088801
52088807
52088837
52088849
52088857
52088879
52088893
52088921
52088957
52088977
52088987
52089001
52089031
52089041
52089047
52089049
52089073
52089091
52089109
52089131
52089143
52089187
52089197
52089199
52089209
52089253
52089281
52089283
52089287
52089293
52089341
52089347
52089353
52089379
52089397
52089403
52089409
52089439
52089461
52089491
52089493
52089509
52089523
52089551
52089559
52089563
52089571
52089577
52089589
52089601
52089629
52089637
52089707
52089731
52089761
52089767
52089769
52089787
52089799
52089883
52089907
52089911
52089929
52089971
52089977
52089991
52090019
52090033
52090063
52090079
52090109
52090123
52090133
52090163
52090169
52090183
52090201
52090211
52090217
52090223
52090237
52090271
52090273
52090303
52090307
52090321
52090327
52090349
52090369
52090387
52090393
52090403
52090417
52090421
52090453
52090471
52090477
52090483
52090529
52090547
52090579
52090589
52090603
52090613
52090631
52090637
52090639
52090651
52090657
52090663
52090697
52090729
52090733
52090747
52090763
52090781
52090789
52090811
52090813
52090817
52090823
52090861
52090877
52090903
52090921
52090949
52090979
52091003
52091023
52091029
52091057
52091059
52091063
52091069
52091071
52091089
52091119
52091147
52091161
52091173
52091177
52091201
52091203
52091219
52091261
52091269
52091309
52091329
52091339
52091353
52091363
52091393
52091399
52091401
52091419
52091437
52091471
52091477
52091489
52091491
52091497
52091509
52091537
52091539
52091549
52091551
52091579
52091609
52091623
52091639
52091701
52091719
52091783
52091797
52091827
52091833
52091843
52091881
52091887
52091899
52091929
52091947
52091957
52091959
52091989
52091999
52092013
52092023
52092037
52092071
52092113
52092169
52092191
52092193
52092197
52092223
52092239
52092241
52092283
52092329
52092331
52092361
52092367
52092373
52092379
52092389
52092409
52092419
52092421
52092463
52092499
52092511
52092527
52092529
52092541
52092553
52092569
52092571
52092583
52092647
52092653
52092683
52092697
52092713
52092721
52092731
52092739
52092773
52092793
52092797
52092839
52092853
52092863
52092883
52092893
52092899
52092917
52092941
52092959
52092983
52092991
52093009
52093021
52093031
52093033
52093043
52093087
52093121
52093133
52093159
52093163
52093187
52093201
52093211
52093259
52093267
52093289
52093297
52093303
52093313
52093319
52093331
52093351
52093369
52093397
52093403
52093409
52093417
52093427
52093453
52093463
52093471
52093487
52093499
52093501
52093507
52093513
52093537
52093543
52093567
52093571
52093583
52093619
52093621
52093631
52093633
52093667
52093681
52093697
52093703
52093709
52093711
52093721
52093751
52093757
52093759
52093771
52093777
52093807
52093823
52093829
52093861
52093879
52093883
52093949
52093961
52093963
52094023
52094033
52094047
52094051
52094087
52094093
52094099
52094111
52094117
52094123
52094197
52094209
52094213
52094221
52094233
52094249
52094267
52094293
52094321
52094323
52094347
52094363
52094401
52094407
52094429
52094437
52094453
52094467
52094503
52094507
52094519
52094531
52094533
52094551
52094569
52094573
52094587
52094621
52094633
52094657
52094683
52094717
52094719
52094741
52094743
52094761
52094767
52094773
52094797
52094803
52094831
52094843
52094863
52094869
52094873
52094879
52094897
52094899
52094909
52094929
52094989
52095011
52095013
52095041
52095047
52095067
52095073
52095079
52095083
52095103
52095119
52095167
52095179
52095187
52095203
52095229
52095233
52095257
52095287
52095319
52095331
52095341
52095367
52095377
52095383
52095409
52095413
52095419
52095427
52095431
52095451
52095467
52095479
52095481
52095503
52095509
52095539
52095541
52095559
52095581
52095619
52095677
52095683
52095709
52095721
52095727
52095859
52095877
52095893
52095899
52095907
52095959
52095961
52095971
52096001
52096003
52096019
52096039
52096049
52096067
52096073
52096087
52096129
52096133
52096139
52096147
52096153
52096169
52096181
52096183
52096189
52096229
52096249
52096301
52096367
52096393
52096397
52096427
52096433
52096459
52096511
52096529
52096531
52096549
52096559
52096631
52096637
52096699
52096711
52096739
52096741
52096757
52096763
52096831
52096843
52096861
52096871
52096883
52096903
52096907
52096927
52096949
52096973
52096987
52096991
52097011
52097029
52097041
52097057
52097077
52097099
52097131
52097141
52097159
52097161
52097179
52097189
52097207
52097239
52097249
52097263
52097273
52097303
52097327
52097341
52097359
52097363
52097387
52097389
52097417
52097431
52097471
52097473
52097489
52097501
52097533
52097557
52097561
52097579
52097581
52097587
52097597
52097609
52097611
52097623
52097641
52097653
52097657
52097671
52097687
52097699
52097723
52097777
52097779
52097797
52097803
52097807
52097819
52097831
52097863
52097879
52097909
52097917
52097951
52097953
52097957
52097959
52097963
52097971
52097977
52097989
52098023
52098031
52098083
52098091
52098097
52098103
52098107
52098119
52098131
52098139
52098143
52098157
52098169
52098191
52098199
52098229
52098253
52098271
52098281
52098301
52098317
52098337
52098349
52098359
52098377
52098391
52098401
52098443
52098461
52098467
52098469
52098481
52098493
52098503
52098511
52098521
52098547
52098559
52098581
52098601
52098619
52098647
52098649
52098653
52098667
52098677
52098737
52098743
52098769
52098793
52098799
52098803
52098811
52098847
52098857
52098869
52098881
52098901
52098913
52098967
52098971
52098973
52099009
52099027
52099039
52099043
52099079
52099081
52099111
52099141
52099147
52099153
52099199
52099213
52099241
52099259
52099309
52099321
52099331
52099343
52099363
52099381
52099391
52099409
52099423
52099507
52099513
52099559
52099571
52099609
52099627
52099633
52099637
52099639
52099657
52099661
52099693
52099709
52099727
52099741
52099757
52099763
52099783
52099813
52099823
52099837
52099877
52099897
52099907
52099913
52099967
52099973
52099987
52099997
52100003
52100023
52100029
52100051
52100063
52100077
52100093
52100101
52100117
52100123
52100131
52100137
52100177
52100183
52100197
52100203
52100207
52100227
52100233
52100249
52100273
52100287
52100309
52100341
52100357
52100371
52100401
52100417
52100449
52100453
52100459
52100467
52100483
52100513
52100533
52100539
52100549
52100557
52100567
52100569
52100591
52100647
52100651
52100693
52100701
52100729
52100747
52100777
52100803
52100809
52100833
52100857
52100879
52100891
52100899
52100977
52100981
52100989
52100999
52101017
52101083
52101103
52101109
