52953097
52953139
52953143
52953151
52953169
52953203
52953221
52953223
52953233
52953289
52953293
52953319
52953331
52953389
52953469
52953473
52953491
52953493
52953499
52953533
52953553
52953559
52953569
52953581
52953583
52953587
52953599
52953601
52953629
52953707
52953709
52953727
52953757
52953763
52953767
52953781
52953787
52953811
52953833
52953839
52953841
52953847
52953851
52953869
52953871
52953877
52953881
52953907
52953911
52953977
52953991
52954003
52954019
52954043
52954117
52954147
52954157
52954163
52954229
52954277
52954309
52954313
52954327
52954357
52954381
52954409
52954423
52954469
52954471
52954481
52954519
52954537
52954549
52954567
52954591
52954597
52954619
52954631
52954637
52954651
52954661
52954663
52954673
52954709
52954721
52954751
52954753
52954819
52954829
52954849
52954861
52954883
52954907
52954939
52954943
52954963
52954997
52954999
52955027
52955057
52955083
52955087
52955117
52955129
52955159
52955179
52955191
52955197
52955219
52955233
52955249
52955257
52955311
52955327
52955333
52955339
52955387
52955389
52955423
52955429
52955431
52955437
52955443
52955447
52955449
52955543
52955557
52955593
52955599
52955611
52955633
52955681
52955753
52955779
52955807
52955873
52955899
52955921
52955927
52955933
52955939
52955951
52955953
52955963
52955977
52955999
52956011
52956019
52956031
52956041
52956047
52956053
52956073
52956103
52956107
52956121
52956151
52956179
52956187
52956193
52956199
52956221
52956223
52956229
52956247
52956271
52956289
52956301
52956311
52956313
52956329
52956353
52956367
52956383
52956427
52956467
52956481
52956503
52956529
52956559
52956641
52956643
52956647
52956653
52956661
52956671
52956677
52956713
52956721
52956727
52956749
52956763
52956793
52956797
52956809
52956817
52956823
52956829
52956863
52956877
52956889
52956931
52956947
52956961
52956973
52956977
52957007
52957013
52957019
52957031
52957033
52957049
52957061
52957067
52957081
52957087
52957127
52957129
52957139
52957153
52957171
52957181
52957217
52957231
52957241
52957243
52957259
52957271
52957273
52957301
52957309
52957319
52957321
52957327
52957357
52957423
52957433
52957453
52957459
52957493
52957519
52957561
52957573
52957589
52957591
52957607
52957621
52957627
52957643
52957651
52957711
52957717
52957721
52957739
52957747
52957757
52957763
52957781
52957813
52957819
52957823
52957837
52957843
52957847
52957903
52957909
52957913
52957967
52957969
52957979
52957981
52957991
52958021
52958033
52958039
52958041
52958047
52958051
52958093
52958107
52958159
52958173
52958177
52958197
52958201
52958221
52958251
52958273
52958287
52958369
52958387
52958393
52958407
52958461
52958483
52958497
52958513
52958533
52958551
52958557
52958561
52958573
52958579
52958597
52958617
52958629
52958663
52958699
52958701
52958749
52958767
52958771
52958777
52958783
52958809
52958879
52958911
52958981
52958987
52959001
52959013
52959019
52959037
52959059
52959103
52959121
52959149
52959157
52959161
52959197
52959209
52959211
52959223
52959241
52959259
52959281
52959299
52959337
52959367
52959391
52959419
52959421
52959443
52959449
52959463
52959493
52959497
52959499
52959527
52959551
52959559
52959587
52959589
52959611
52959619
52959623
52959637
52959661
52959701
52959719
52959761
52959787
52959793
52959799
52959817
52959827
52959833
52959847
52959857
52959871
52959901
52959911
52959917
52959919
52959943
52959979
52960001
52960009
52960013
52960021
52960027
52960051
52960067
52960081
52960093
52960097
52960123
52960129
52960147
52960153
52960199
52960213
52960223
52960267
52960279
52960301
52960309
52960319
52960361
52960363
52960373
52960387
52960393
52960417
52960433
52960441
52960447
52960459
52960463
52960489
52960499
52960507
52960511
52960517
52960541
52960547
52960571
52960577
52960597
52960603
52960631
52960639
52960673
52960703
52960711
52960759
52960769
52960777
52960783
52960799
52960823
52960829
52960837
52960841
52960861
52960867
52960879
52960883
52960951
52960969
52960979
52960981
52960997
52961011
52961017
52961039
52961071
52961089
52961119
52961131
52961147
52961149
52961177
52961191
52961201
52961309
52961317
52961327
52961329
52961333
52961351
52961369
52961371
52961383
52961407
52961411
52961431
52961459
52961473
52961483
52961539
52961543
52961549
52961563
52961567
52961639
52961651
52961653
52961687
52961693
52961707
52961717
52961729
52961761
52961773
52961813
52961827
52961833
52961863
52961927
52961933
52961941
52961947
52961957
52961989
52962001
52962017
52962029
52962053
52962067
52962073
52962079
52962103
52962109
52962113
52962127
52962131
52962163
52962179
52962233
52962251
52962269
52962271
52962289
52962313
52962319
52962331
52962359
52962391
52962461
52962473
52962493
52962509
52962517
52962523
52962527
52962563
52962593
52962607
52962617
52962619
52962647
52962649
52962659
52962661
52962673
52962727
52962733
52962779
52962809
52962829
52962839
52962841
52962863
52962893
52962913
52962919
52962929
52962941
52962983
52963003
52963039
52963049
52963069
52963073
52963091
52963129
52963139
52963151
52963153
52963187
52963199
52963217
52963237
52963247
52963291
52963301
52963307
52963327
52963343
52963357
52963369
52963387
52963397
52963403
52963423
52963429
52963441
52963447
52963451
52963481
52963489
52963511
52963529
52963571
52963577
52963579
52963597
52963607
52963627
52963637
52963643
52963661
52963663
52963667
52963681
52963709
52963747
52963787
52963817
52963819
52963837
52963853
52963861
52963873
52963879
52963901
52963913
52963919
52963927
52963943
52963951
52963957
52963961
52963973
52963979
52963997
52964011
52964047
52964053
52964069
52964071
52964099
52964137
52964141
52964161
52964173
52964189
52964203
52964221
52964281
52964293
52964309
52964311
52964323
52964341
52964383
52964389
52964393
52964449
52964453
52964521
52964539
52964567
52964591
52964599
52964603
52964617
52964623
52964627
52964641
52964657
52964663
52964683
52964689
52964693
52964711
52964719
52964729
52964767
52964783
52964801
52964803
52964819
52964827
52964867
52964903
52964909
52964917
52964927
52964939
52964941
52964971
52964987
52965001
52965037
52965043
52965061
52965079
52965089
52965109
52965119
52965139
52965151
52965163
52965169
52965197
52965203
52965221
52965239
52965257
52965259
52965271
52965277
52965299
52965349
52965373
52965401
52965403
52965427
52965439
52965461
52965469
52965499
52965541
52965581
52965613
52965623
52965667
52965697
52965767
52965791
52965797
52965821
52965823
52965827
52965881
52965889
52965911
52965917
52965937
52965943
52965961
52965989
52966009
52966013
52966049
52966061
52966063
52966087
52966127
52966141
52966157
52966159
52966183
52966187
52966189
52966223
52966253
52966273
52966283
52966307
52966337
52966349
52966363
52966379
52966393
52966399
52966429
52966439
52966453
52966457
52966469
52966513
52966517
52966597
52966609
52966621
52966633
52966643
52966651
52966703
52966709
52966717
52966741
52966751
52966763
52966777
52966811
52966843
52966853
52966867
52966871
52966873
52966877
52966897
52966913
52966931
52966937
52966939
52966961
52966973
52966987
52966993
52966997
52967009
52967011
52967027
52967059
52967069
52967081
52967107
52967111
52967143
52967147
52967153
52967171
52967177
52967179
52967249
52967323
52967347
52967377
52967399
52967429
52967477
52967483
52967527
52967533
52967567
52967627
52967639
52967653
52967669
52967713
52967737
52967741
52967743
52967749
52967779
52967791
52967797
52967819
52967821
52967857
52967867
52967879
52967909
52967911
52967923
52967927
52967939
52967969
52967987
52968031
52968043
52968077
52968089
52968101
52968109
52968121
52968133
52968163
52968199
52968203
52968221
52968259
52968263
52968283
52968301
52968337
52968347
52968353
52968361
52968373
52968397
52968401
52968431
52968479
52968547
52968569
52968593
52968613
52968623
52968653
52968673
52968689
52968697
52968737
52968749
52968791
52968803
52968809
52968829
52968871
52968901
52968907
52968913
52968919
52968983
52968997
52969001
52969003
52969009
52969013
52969027
52969039
52969087
52969099
52969121
52969123
52969153
52969193
52969199
52969201
52969219
52969247
52969277
52969291
52969309
52969327
52969333
52969339
52969363
52969379
52969381
52969403
52969409
52969439
52969447
52969451
52969471
52969481
52969487
52969493
52969513
52969519
52969523
52969559
52969583
52969619
52969633
52969639
52969661
52969673
52969691
52969699
52969727
52969751
52969757
52969771
52969781
52969789
52969801
52969823
52969849
52969867
52969871
52969927
52969933
52970003
52970017
52970033
52970039
52970063
52970069
52970089
52970111
52970117
52970123
52970129
52970131
52970213
52970231
52970251
52970257
52970263
52970297
52970299
52970339
52970341
52970429
52970459
52970471
52970507
52970549
52970573
52970579
52970581
52970627
52970629
52970653
52970663
52970681
52970719
52970741
52970747
52970821
52970831
52970837
52970851
52970857
52970867
52970873
52970881
52970891
52970947
52970999
52971007
52971019
52971049
52971053
52971059
52971067
52971073
52971097
52971101
52971143
52971151
52971223
52971229
52971239
52971271
52971283
52971307
52971311
52971341
52971379
52971407
52971419
52971427
52971469
52971497
52971509
52971511
52971547
52971587
52971613
52971617
52971623
52971629
52971671
52971689
52971701
52971703
52971727
52971731
52971733
52971739
52971757
52971781
52971811
52971817
52971823
52971859
52971869
52971889
52971907
52971931
52971937
52971977
52972037
52972063
52972091
52972093
52972103
52972109
52972111
52972121
52972189
52972201
52972219
52972237
52972261
52972291
52972301
52972303
52972307
52972313
52972321
52972327
52972333
52972351
52972363
52972373
52972417
52972421
52972441
52972457
52972477
52972481
52972487
52972489
52972499
52972529
52972537
52972541
52972559
52972613
52972631
52972637
52972643
52972681
52972747
52972753
52972757
52972781
52972793
52972819
52972823
52972837
52972847
52972849
52972859
52972873
52972877
52972891
52972921
52972939
52972951
52972957
52972987
52972991
52972993
52972999
52973047
52973057
52973093
52973099
52973131
52973149
52973153
52973231
52973243
52973251
52973267
52973269
52973279
52973281
52973293
52973321
52973329
52973357
52973359
52973413
52973419
52973429
52973441
52973443
52973461
52973467
52973471
52973477
52973489
52973491
52973507
52973519
52973537
52973551
52973567
52973573
52973579
52973593
52973629
52973639
52973647
52973689
52973693
52973707
52973719
52973731
52973743
52973759
52973777
52973783
52973831
52973857
52973861
52973863
52973909
52973933
52973939
52973941
52973951
52973953
52973959
52973993
52974001
52974007
52974011
52974013
52974043
52974067
52974073
52974127
52974139
52974143
52974167
52974191
52974209
52974211
52974241
52974247
52974253
52974289
52974347
52974349
52974371
52974373
52974379
52974407
52974433
52974437
52974457
52974461
52974473
52974479
52974517
52974541
52974547
52974563
52974577
52974587
52974611
52974617
52974637
52974653
52974659
52974661
52974671
52974673
52974683
52974709
52974721
52974731
52974751
52974767
52974769
52974791
52974797
52974811
52974827
52974863
52974913
52974917
52974919
52974923
52974949
52974953
52974973
52975019
52975031
52975051
52975081
52975093
52975121
52975127
52975133
52975147
52975171
52975177
52975243
52975277
52975303
52975319
52975327
52975343
52975357
52975361
52975367
52975369
52975393
52975397
52975399
52975421
52975423
52975469
52975471
52975501
52975513
52975523
52975537
52975543
52975577
52975597
52975603
52975631
52975639
52975661
52975697
52975717
52975751
52975753
52975789
52975817
52975841
52975843
52975847
52975849
52975883
52975889
52975903
52975913
52975919
52975921
52975939
52975943
52976081
52976111
52976113
52976137
52976149
52976167
52976171
52976197
52976207
52976213
52976221
52976257
52976263
52976279
52976281
52976293
52976381
52976401
52976411
52976423
52976447
52976459
52976461
52976477
52976491
52976509
52976537
52976557
52976569
52976587
52976593
52976597
52976603
52976629
52976657
52976669
52976681
52976687
52976701
52976713
52976717
52976741
52976753
52976761
52976771
52976779
52976783
52976821
52976857
52976873
52976887
52976893
52976927
52976929
52976951
52976969
52976971
52976993
52977011
52977017
52977053
52977059
52977079
52977121
52977143
52977191
52977259
52977269
52977277
52977283
52977307
52977367
52977373
52977391
52977401
52977409
52977473
52977493
52977499
52977539
52977541
52977553
52977557
52977569
52977607
52977611
52977619
52977629
52977641
52977649
52977653
52977679
52977689
52977697
52977703
52977721
52977739
52977787
52977803
52977823
52977877
52977889
52977893
52977907
52977913
52977919
52977949
52977961
52977973
52977997
52978007
52978031
52978049
52978127
52978147
52978151
52978169
52978181
52978187
52978201
52978241
52978249
52978253
52978267
52978271
52978297
52978313
52978337
52978351
52978357
52978369
52978379
52978381
52978391
52978397
52978399
52978417
52978421
52978433
52978493
52978529
52978531
52978553
52978573
52978577
52978609
52978633
52978649
52978663
52978711
52978727
52978733
52978741
52978753
52978769
52978787
52978799
52978819
52978879
52978909
52978943
52978949
52978957
52978999
52979009
52979023
52979039
52979057
52979063
52979071
52979081
52979083
52979099
52979107
52979131
52979141
52979159
52979177
52979203
52979207
52979209
52979221
52979237
52979263
52979287
52979309
52979351
52979359
52979411
52979417
52979441
52979461
52979501
52979519
52979539
52979551
52979573
52979609
52979611
52979629
52979639
52979683
52979737
52979743
52979747
52979761
52979789
52979791
52979863
52979867
52979869
52979881
52979887
52979891
52979929
52979957
52979959
52979963
52979977
52979981
52980029
52980043
52980061
52980073
52980091
52980119
52980127
52980157
52980167
52980181
52980203
52980217
52980223
52980259
52980281
52980287
52980299
52980331
52980349
52980383
52980401
52980409
52980439
52980479
52980491
52980497
52980509
52980511
52980541
52980611
52980617
52980637
52980659
52980677
52980701
52980727
52980737
52980817
52980821
52980827
52980869
52980871
52980881
52980887
52980901
52980923
52980931
52981013
52981021
52981039
52981069
52981081
52981091
52981099
52981111
52981147
52981169
52981189
52981193
52981223
52981241
52981249
52981261
52981309
52981319
52981337
52981339
52981363
52981391
52981393
52981399
52981421
52981441
52981459
52981483
52981499
52981531
52981541
52981543
52981559
52981567
52981589
52981601
52981603
52981631
52981651
52981661
52981667
52981679
52981693
52981699
52981703
52981723
52981729
52981751
52981757
52981763
52981783
52981801
52981807
52981813
52981829
52981847
52981853
52981879
52981897
52981913
52981921
52981931
52981933
52981939
52981969
52981993
52981997
52982003
52982021
52982023
52982029
52982071
52982107
52982119
52982141
52982143
52982161
52982173
52982231
52982239
52982243
52982249
52982263
52982287
52982329
52982339
52982381
52982417
52982437
52982443
52982513
52982521
52982533
52982539
52982561
52982581
52982599
52982617
52982647
52982651
52982663
52982687
52982707
52982711
52982719
52982723
52982759
52982789
52982821
52982843
52982873
52982879
52982899
52982903
52982933
52982983
52983011
52983013
52983017
52983019
52983023
52983037
52983041
52983089
52983113
52983143
52983163
52983173
52983211
52983221
52983251
52983263
52983269
52983289
52983323
52983341
52983361
52983379
52983383
52983397
52983401
52983431
52983443
52983451
52983461
52983479
52983487
52983503
52983527
52983547
52983583
52983607
52983613
52983629
52983643
52983649
52983653
52983659
52983673
52983719
52983727
52983731
52983737
52983751
52983757
52983769
52983773
52983787
52983793
52983803
52983811
52983823
52983839
52983851
52983863
52983871
52983901
52983907
52983943
52983961
52983971
52984021
52984031
52984033
52984049
52984067
52984079
52984081
52984093
52984117
52984147
52984171
52984187
52984193
52984199
52984201
52984207
52984229
52984271
52984289
52984303
52984307
52984313
52984357
52984403
52984409
52984411
52984429
52984441
52984453
52984469
52984513
52984553
52984583
52984609
52984619
52984621
52984639
52984649
52984667
52984681
52984691
52984697
52984721
52984727
52984741
52984753
52984817
52984819
52984829
52984853
52984861
52984907
52984913
52984927
52984931
52984949
52984961
52984963
52984969
52984973
52984979
52985003
52985011
52985017
52985029
52985033
52985041
52985047
52985069
52985071
52985081
52985083
52985087
52985089
52985131
52985173
52985197
52985201
52985203
52985237
52985249
52985263
52985287
52985299
52985321
52985327
52985329
52985341
52985351
52985389
52985423
52985441
52985453
52985461
52985467
52985473
52985519
52985521
52985533
52985539
52985551
52985557
52985567
52985573
52985633
52985671
52985683
52985689
52985693
52985729
52985731
52985747
52985771
52985819
52985837
52985839
52985843
52985857
52985869
52985879
52985897
52985993
52986001
52986013
52986023
52986047
52986049
52986053
52986067
52986077
52986083
52986097
52986119
52986133
52986137
52986139
52986151
52986163
52986179
52986209
52986251
52986253
52986259
52986281
52986299
52986301
52986313
52986403
52986419
52986443
52986463
52986529
52986581
52986587
52986589
52986601
52986607
52986623
52986629
52986653
52986667
52986673
52986677
52986691
52986727
52986737
52986751
52986757
52986761
52986767
52986797
52986809
52986823
52986827
52986833
52986859
52986881
52986887
52986889
52986931
52986949
52986961
52987003
52987007
52987027
52987037
52987049
52987057
52987063
52987069
52987097
52987111
52987127
52987139
52987141
52987157
52987171
52987201
52987241
52987243
52987267
52987271
52987289
52987301
52987381
52987387
52987391
52987393
52987397
52987421
52987477
52987499
52987537
52987541
52987549
52987573
52987601
52987619
52987631
52987633
52987639
52987643
52987661
52987679
52987709
52987721
52987733
52987741
52987763
52987769
52987777
52987783
52987787
52987799
52987849
52987859
52987873
52987943
52987951
52987981
52987993
52988009
52988011
52988027
52988029
52988069
52988087
52988101
52988119
52988123
52988141
52988147
52988149
52988153
52988179
52988183
52988209
52988227
52988231
52988233
52988237
52988239
52988261
52988347
52988399
52988401
52988407
52988447
52988461
52988471
52988479
52988483
52988489
52988501
52988519
52988521
52988543
52988569
52988603
52988623
52988669
52988707
52988717
52988737
52988783
52988801
52988807
52988839
52988917
52988953
52988959
52988963
52988981
52988989
52989011
52989023
52989047
52989049
52989059
52989067
52989091
52989103
52989149
52989169
52989173
52989229
52989239
52989253
52989281
52989283
52989311
52989319
52989341
52989361
52989367
52989383
52989389
52989413
52989449
52989463
52989491
52989511
52989529
52989533
52989551
52989557
52989577
52989617
52989623
52989637
52989647
52989649
52989667
52989691
52989707
52989709
52989721
52989737
52989743
52989767
52989779
52989787
52989791
52989793
52989817
52989829
52989851
52989863
52989869
52989967
52989971
52989973
52989991
52990013
52990019
52990027
52990079
52990087
52990097
52990109
52990117
52990127
52990141
52990153
52990177
52990181
52990187
52990213
52990219
52990237
52990243
52990247
52990261
52990283
52990313
52990339
52990361
52990381
52990391
52990393
52990397
52990403
52990429
52990433
52990447
52990451
52990471
52990477
52990489
52990499
52990507
52990519
52990523
52990529
52990537
52990541
52990543
52990571
52990583
52990621
52990631
52990657
52990669
52990681
52990703
52990711
52990739
52990741
52990759
52990799
52990837
52990843
52990871
52990879
52990897
52990933
52990939
52990967
52990969
52990999
52991009
52991041
52991047
52991051
52991053
52991077
52991083
52991123
52991129
52991143
52991153
52991167
52991177
52991221
52991233
52991273
52991299
52991317
52991353
52991359
52991377
52991413
52991417
52991441
52991447
52991453
52991461
52991483
52991501
52991507
52991509
52991527
52991531
52991581
52991591
52991593
52991623
52991629
52991641
52991647
52991651
52991657
52991681
52991693
52991711
52991717
52991759
52991761
52991777
52991791
52991801
52991819
52991821
52991833
52991849
52991863
52991879
52991899
52991947
52991951
52991987
52991993
52992001
52992047
52992059
52992061
52992067
52992073
52992101
52992127
52992139
52992143
52992151
52992169
52992227
52992241
52992283
52992287
52992301
52992319
52992343
52992371
52992389
52992403
52992427
52992449
52992461
52992479
52992481
52992487
52992491
52992493
52992521
52992523
52992557
52992571
52992581
52992601
52992617
52992619
52992631
52992649
52992673
52992683
52992697
52992701
52992703
52992707
52992763
52992809
52992811
52992827
52992853
52992871
52992883
52992911
52992949
52992959
52992967
52992971
52992977
52993001
52993009
52993013
52993021
52993027
52993049
52993099
52993117
52993133
52993153
52993159
52993169
52993177
52993183
52993189
52993277
52993321
52993349
52993351
52993363
52993373
52993399
52993427
52993429
52993439
52993459
52993483
52993519
52993531
52993553
52993579
52993613
52993631
52993637
52993649
52993667
52993669
52993751
52993763
52993819
52993847
52993867
52993873
52993877
52993883
52993901
52993921
52993961
52993979
52994003
52994009
52994023
52994041
52994063
52994077
52994113
52994141
52994143
52994153
52994197
52994209
52994233
52994243
52994257
52994269
52994273
52994327
52994341
52994371
52994393
52994411
52994413
52994419
52994441
52994443
52994483
52994497
52994537
52994563
52994581
52994597
52994621
52994663
52994671
52994677
52994699
52994707
52994719
52994731
52994741
52994749
52994771
52994813
52994827
52994833
52994849
52994867
52994869
52994911
52994927
52994959
52994983
52995023
52995029
52995043
52995053
52995073
52995097
52995101
52995119
52995121
52995127
52995149
52995169
52995223
52995227
52995233
52995331
52995343
52995347
52995373
52995379
52995391
52995419
52995431
52995469
52995487
52995497
52995517
52995529
52995559
52995563
52995571
52995619
52995643
52995653
52995667
52995671
52995721
52995751
52995773
52995779
52995791
52995809
52995829
52995857
52995911
52995941
52996001
52996003
52996039
52996043
52996049
52996051
52996057
52996087
52996103
52996133
52996147
52996183
52996189
52996199
52996217
52996249
52996261
52996277
52996289
52996297
52996303
52996357
52996367
52996379
52996381
52996403
52996409
52996421
52996423
52996441
52996451
52996457
52996481
52996483
52996499
52996501
52996507
52996513
52996523
52996607
52996627
52996649
52996673
52996687
52996729
52996733
52996751
52996819
52996829
52996831
52996843
52996883
52996897
52996903
52996921
52997029
52997057
52997093
52997101
52997107
52997111
52997117
52997149
52997179
52997233
52997237
52997249
52997291
52997303
52997309
52997317
52997333
52997389
52997407
52997423
52997429
52997467
52997513
52997519
52997521
52997537
52997557
52997561
52997563
52997597
52997611
52997621
52997639
52997647
52997663
52997677
52997713
52997719
52997729
52997731
52997759
52997767
52997779
52997797
52997803
52997807
52997839
52997843
52997851
52997869
52997873
52997881
52997909
52997921
52997963
52997981
52998007
52998037
52998041
52998079
52998083
52998091
52998119
52998149
52998173
52998191
52998193
52998217
52998229
52998241
52998247
52998263
52998269
52998271
52998287
52998301
52998329
52998349
52998373
52998389
52998397
52998409
52998419
52998431
52998479
52998481
52998487
52998523
52998557
52998559
52998577
52998599
52998611
52998643
52998653
52998667
52998677
52998703
52998709
52998721
52998779
52998787
52998793
52998889
52998899
52998917
52998947
52998977
52998989
52998997
52999003
52999021
52999039
52999049
52999087
52999109
52999117
52999139
52999159
52999201
52999213
52999223
52999229
52999237
52999249
52999273
52999277
52999307
52999321
52999333
52999343
52999357
52999381
52999433
52999459
52999477
52999517
52999519
52999543
52999549
52999579
52999603
52999627
52999631
52999637
52999663
52999697
52999699
52999711
52999717
52999753
52999763
52999781
52999819
52999823
52999831
52999861
52999871
52999883
52999937
52999963
52999967
53000011
53000039
53000047
53000069
53000089
53000099
53000137
53000141
53000153
53000179
53000183
53000191
53000201
53000251
53000261
53000273
53000279
53000333
53000347
53000351
53000357
53000383
53000393
53000449
53000461
53000491
53000527
53000569
53000573
53000581
53000587
53000599
53000609
53000627
53000681
53000693
53000707
53000711
53000723
53000771
53000789
53000797
53000803
53000807
53000833
53000837
53000851
53000869
53000873
53000891
53000921
53000971
53000977
53001017
53001043
53001049
53001071
53001073
53001097
53001119
53001133
53001187
53001197
53001199
53001211
53001239
53001259
53001271
53001281
53001329
53001341
53001349
53001371
53001379
53001391
53001409
53001437
53001463
53001493
53001503
53001511
53001521
53001523
53001527
53001539
53001541
53001551
53001581
53001587
53001607
53001617
53001677
53001679
53001691
53001703
53001709
53001719
53001727
53001731
53001743
53001769
53001779
53001791
53001803
53001827
53001857
53001899
53001911
53001917
53001931
53001941
53001943
53001967
53001973
53001979
53001989
53002009
53002031
53002043
53002063
53002091
53002109
53002121
53002123
53002171
53002177
53002193
53002199
53002211
53002247
53002249
53002253
53002289
53002297
53002303
53002319
53002321
53002331
53002333
53002357
53002361
53002363
53002387
53002409
53002421
53002441
53002471
53002487
53002489
53002493
53002513
53002519
53002541
53002559
53002577
53002589
53002613
53002639
53002657
53002669
53002673
53002681
53002739
53002769
53002783
53002811
53002813
53002841
53002843
53002853
53002867
53002883
53002897
53002903
53002921
53002931
53002967
53002969
53003003
53003009
53003029
53003033
53003051
53003057
53003077
53003089
53003101
53003117
53003131
53003147
53003177
53003189
53003191
53003261
53003267
53003287
53003333
53003347
53003383
53003429
53003437
53003443
53003453
53003471
53003507
53003527
53003591
53003617
53003623
53003641
53003651
53003659
53003719
53003729
53003759
53003801
53003803
53003879
53003887
53003911
53003917
53003953
53003957
53003959
53003971
53003981
53003989
53003999
53004013
53004031
53004037
53004047
53004071
53004073
53004089
53004097
53004101
53004137
53004139
53004163
53004179
53004191
53004233
53004253
53004277
53004311
53004401
53004403
53004407
53004409
53004449
53004463
53004517
53004529
53004533
53004541
53004551
53004557
53004559
53004577
53004607
53004617
53004641
53004667
53004671
53004689
53004733
53004769
53004773
53004859
53004869
53004881
53004883
53004893
53004961
53004989
53005013
53005019
53005021
53005039
53005067
53005091
53005097
53005109
53005123
53005177
53005189
53005207
53005213
53005219
53005223
53005259
53005289
53005321
53005343
53005357
53005361
53005387
53005391
53005471
53005483
53005487
53005489
53005493
53005499
53005517
53005531
53005559
53005577
53005621
53005651
53005663
53005679
53005717
53005739
53005741
53005759
53005769
53005789
53005817
53005829
53005837
53005859
53005861
53005871
53005879
53005891
53005903
53005913
53005951
53005999
53006003
53006021
53006039
53006069
53006081
53006111
53006123
53006141
53006147
53006167
53006189
53006197
53006209
53006227
53006231
53006243
53006267
53006293
53006299
53006321
53006339
53006341
53006347
53006381
53006389
53006411
53006417
53006419
53006423
53006441
53006453
53006477
53006479
53006483
53006537
53006549
53006567
53006579
53006609
53006617
53006627
53006633
53006641
53006669
53006689
53006699
53006729
53006747
53006753
53006761
53006771
53006773
53006777
53006783
53006791
53006797
53006819
53006843
53006851
53006857
53006897
53006939
53006951
53006971
53006981
53006999
53007011
53007029
53007047
53007083
53007103
53007107
53007113
53007161
53007223
53007239
53007247
53007287
53007289
53007293
53007313
53007413
53007443
53007457
53007467
53007469
53007497
53007503
53007553
53007557
53007589
53007601
53007607
53007623
53007659
53007707
53007727
53007743
53007761
53007827
53007839
53007917
53007919
53007943
53007959
53007991
53008009
53008037
53008069
53008079
53008127
53008211
53008213
53008217
53008237
53008243
53008247
53008273
53008279
53008283
53008297
53008301
53008303
53008327
53008331
53008343
53008369
53008393
53008409
53008441
53008453
53008471
53008493
53008507
53008513
53008517
53008541
53008547
53008559
53008561
53008577
53008589
53008597
53008619
53008649
53008693
53008751
53008759
53008783
53008789
53008793
53008807
53008829
53008849
53008861
53008867
53008883
53008913
53008931
53008961
53008979
53008987
53009027
53009041
53009051
53009059
53009083
53009093
53009119
53009147
53009171
53009219
53009233
53009251
53009309
53009311
53009329
53009339
53009347
53009387
53009401
53009413
53009431
53009447
53009459
53009479
53009501
53009531
53009569
53009599
53009609
53009611
53009617
53009623
53009629
53009633
53009647
53009653
53009681
53009683
53009701
53009707
53009717
53009743
53009771
53009773
53009809
53009813
53009837
53009839
53009851
53009857
53009897
53009903
53009923
53009939
53009953
53009977
53009987
53010053
53010071
53010103
53010107
53010121
53010127
53010137
53010151
53010161
53010169
53010203
53010227
53010263
53010283
53010311
53010319
53010359
53010367
53010383
53010389
53010421
53010449
53010473
53010479
53010481
53010491
53010509
53010511
53010577
53010583
53010593
53010649
53010679
53010719
53010739
53010761
53010781
53010799
53010809
53010829
53010857
53010863
53010871
53010887
53010889
53010911
53010953
53010989
53011001
53011031
53011039
53011051
53011081
53011097
53011103
53011129
53011139
53011141
53011157
53011171
53011177
53011199
53011201
53011241
53011243
53011247
53011249
53011261
53011279
53011327
53011339
53011363
53011367
53011381
53011393
53011397
53011421
53011433
53011459
53011489
53011513
53011523
53011531
53011549
53011579
53011583
53011591
53011597
53011601
53011603
53011633
53011649
53011657
53011669
53011687
53011697
53011727
53011771
53011789
53011793
53011801
53011837
53011853
53011877
53011909
53011921
53011969
53011999
53012027
53012039
53012051
53012059
53012093
53012107
53012117
53012119
53012123
53012153
53012159
53012189
53012191
53012251
53012257
53012269
53012293
53012317
53012321
53012329
53012347
53012353
53012369
53012371
53012383
53012417
53012423
53012429
53012431
53012437
53012441
53012471
53012501
53012513
53012521
53012567
53012581
53012587
53012591
53012633
53012651
53012657
53012669
53012683
53012689
53012711
53012719
53012747
53012767
53012797
53012807
53012809
53012833
53012837
53012863
53012881
53012893
53012917
53012923
53012941
53012951
53012969
53012977
53013019
53013031
53013061
53013083
53013101
53013127
53013143
53013151
53013167
53013199
53013203
53013217
53013221
53013223
53013251
53013253
53013263
53013269
53013277
53013283
53013299
53013343
53013347
53013377
53013391
53013407
53013419
53013469
53013487
53013523
53013529
53013547
53013577
53013593
53013613
53013659
53013671
53013673
53013679
53013691
53013707
53013733
53013757
53013767
53013809
53013811
53013847
53013853
53013881
53013887
53013901
53013907
53013911
53013923
53013949
53013959
53013967
53014019
53014021
53014043
53014069
53014097
53014099
53014111
53014121
53014139
53014163
53014207
53014243
53014249
53014267
53014277
53014301
53014319
53014321
53014331
53014343
53014361
53014373
53014393
53014397
53014411
53014417
53014421
53014447
53014513
53014519
53014529
53014531
53014537
53014547
53014561
53014583
53014589
53014603
53014613
53014649
53014667
53014669
53014679
53014699
53014729
53014771
53014781
53014817
53014831
53014837
53014847
53014849
53014853
53014859
53014861
53014873
53014879
53014901
53014933
53014943
53014961
53014979
53015003
53015029
53015041
53015047
53015063
53015071
53015077
53015089
53015101
53015113
53015119
53015141
53015153
53015159
53015167
53015273
53015293
53015309
53015321
53015323
53015329
53015341
53015371
53015381
53015383
53015387
53015407
53015429
53015441
53015449
53015471
53015489
53015497
53015519
53015531
53015533
53015539
53015551
53015563
53015579
53015581
53015597
53015659
53015663
53015687
53015723
53015731
53015737
53015761
53015773
53015801
53015821
53015863
53015867
53015899
53015927
53015933
53015951
53015957
53015971
53015981
53015999
53016083
53016091
53016133
53016151
53016163
53016181
53016193
53016221
53016233
53016247
53016287
53016307
53016317
53016331
53016349
53016367
53016373
53016389
53016413
53016419
53016433
53016461
53016473
53016487
53016511
53016527
53016533
53016539
53016559
53016563
53016569
53016577
53016581
53016641
53016643
53016647
53016661
53016673
53016683
53016709
53016737
53016767
53016781
53016793
53016809
53016811
53016823
53016839
53016853
53016883
53016889
53016917
53016947
53016961
53017007
53017043
53017073
53017079
53017117
53017123
53017127
53017171
53017183
53017213
53017259
53017267
53017291
53017297
53017303
53017309
53017313
53017319
53017343
53017351
53017379
53017399
53017417
53017421
53017427
53017451
53017463
53017477
53017501
53017513
53017529
53017561
53017579
53017603
53017607
53017621
53017639
53017687
53017693
53017711
53017721
53017729
53017763
53017787
53017807
53017823
53017841
53017871
53017873
53017889
53017891
53017897
53017919
53017957
53017973
53017981
53018023
53018039
53018051
53018071
53018081
53018093
53018107
53018111
53018123
53018137
53018171
53018191
53018201
53018213
53018219
53018281
53018321
53018377
53018389
53018411
53018419
53018431
53018489
53018509
53018533
53018543
53018549
53018557
53018561
53018579
53018591
53018621
