54001663
54001669
54001687
54001693
54001699
54001733
54001747
54001751
54001763
54001789
54001813
54001847
54001853
54001931
54001939
54001949
54001957
54001963
54001993
54002021
54002087
54002101
54002111
54002153
54002159
54002167
54002173
54002189
54002213
54002227
54002233
54002257
54002297
54002303
54002317
54002323
54002357
54002359
54002363
54002369
54002383
54002393
54002411
54002419
54002423
54002467
54002471
54002477
54002491
54002497
54002513
54002521
54002549
54002561
54002609
54002621
54002653
54002677
54002681
54002687
54002701
54002717
54002723
54002747
54002777
54002779
54002783
54002789
54002801
54002803
54002833
54002849
54002857
54002881
54002887
54002891
54002903
54002911
54002947
54002951
54002987
54002989
54003043
54003077
54003107
54003127
54003143
54003163
54003193
54003199
54003211
54003223
54003251
54003253
54003269
54003281
54003289
54003311
54003319
54003337
54003347
54003353
54003401
54003419
54003421
54003427
54003431
54003451
54003463
54003473
54003479
54003493
54003497
54003503
54003553
54003557
54003559
54003629
54003637
54003647
54003671
54003673
54003707
54003737
54003739
54003751
54003773
54003787
54003797
54003811
54003823
54003841
54003919
54003967
54003991
54003997
54004009
54004021
54004039
54004051
54004073
54004117
54004123
54004129
54004151
54004187
54004219
54004229
54004271
54004303
54004309
54004331
54004343
54004367
54004369
54004381
54004429
54004439
54004453
54004477
54004487
54004493
54004513
54004519
54004537
54004553
54004567
54004633
54004661
54004663
54004693
54004723
54004771
54004781
54004787
54004799
54004829
54004843
54004849
54004877
54004879
54004921
54004957
54004963
54004969
54004981
54005009
54005023
54005027
54005051
54005053
54005057
54005093
54005113
54005123
54005129
54005153
54005167
54005177
54005179
54005183
54005197
54005207
54005257
54005267
54005293
54005309
54005321
54005351
54005359
54005363
54005387
54005389
54005423
54005431
54005437
54005443
54005489
54005507
54005519
54005521
54005563
54005579
54005599
54005621
54005639
54005641
54005647
54005659
54005669
54005711
54005717
54005729
54005747
54005767
54005779
54005803
54005837
54005851
54005873
54005879
54005881
54005891
54005899
54005921
54005927
54005951
54005969
54005971
54006019
54006023
54006041
54006067
54006089
54006103
54006119
54006131
54006133
54006137
54006157
54006187
54006209
54006241
54006257
54006259
54006283
54006287
54006313
54006317
54006319
54006361
54006373
54006377
54006401
54006419
54006437
54006451
54006473
54006479
54006481
54006499
54006517
54006521
54006539
54006541
54006551
54006571
54006583
54006661
54006677
54006679
54006697
54006727
54006731
54006761
54006779
54006781
54006793
54006833
54006847
54006913
54006941
54006989
54007033
54007039
54007061
54007091
54007099
54007117
54007141
54007153
54007157
54007169
54007201
54007241
54007259
54007267
54007297
54007307
54007321
54007339
54007391
54007411
54007423
54007439
54007451
54007469
54007493
54007507
54007511
54007523
54007543
54007553
54007567
54007571
54007579
54007609
54007621
54007649
54007651
54007687
54007693
54007697
54007711
54007721
54007727
54007787
54007799
54007819
54007853
54007867
54007873
54007897
54007903
54007913
54007939
54007981
54007999
54008021
54008023
54008039
54008077
54008093
54008131
54008159
54008189
54008191
54008233
54008239
54008249
54008261
54008281
54008299
54008309
54008323
54008329
54008389
54008407
54008441
54008443
54008447
54008453
54008459
54008467
54008489
54008491
54008561
54008573
54008579
54008597
54008599
54008611
54008627
54008651
54008653
54008663
54008683
54008699
54008707
54008723
54008741
54008791
54008809
54008819
54008833
54008837
54008869
54008873
54008893
54008917
54008953
54008959
54008987
54009019
54009023
54009031
54009047
54009091
54009101
54009103
54009113
54009121
54009127
54009199
54009239
54009257
54009271
54009287
54009299
54009301
54009317
54009331
54009337
54009349
54009379
54009407
54009433
54009443
54009467
54009469
54009479
54009517
54009539
54009547
54009563
54009581
54009623
54009661
54009673
54009691
54009733
54009743
54009749
54009757
54009779
54009797
54009817
54009821
54009829
54009869
54009877
54009889
54009941
54009959
54009961
54009983
54010001
54010013
54010043
54010051
54010063
54010109
54010123
54010129
54010147
54010163
54010181
54010183
54010211
54010223
54010237
54010249
54010259
54010261
54010321
54010351
54010361
54010367
54010387
54010409
54010421
54010423
54010447
54010477
54010501
54010519
54010531
54010553
54010613
54010637
54010703
54010727
54010753
54010757
54010769
54010771
54010793
54010811
54010829
54010837
54010843
54010867
54010871
54010903
54010909
54010927
54010937
54010961
54010991
54011029
54011099
54011101
54011117
54011123
54011141
54011161
54011183
54011189
54011213
54011219
54011257
54011263
54011299
54011303
54011317
54011323
54011351
54011359
54011381
54011437
54011479
54011501
54011539
54011597
54011599
54011603
54011621
54011651
54011653
54011663
54011689
54011729
54011743
54011761
54011767
54011773
54011777
54011807
54011857
54011863
54011869
54011879
54011899
54011917
54011933
54011939
54011959
54011989
54012011
54012017
54012031
54012037
54012059
54012089
54012097
54012103
54012107
54012109
54012139
54012151
54012163
54012173
54012187
54012229
54012289
54012313
54012331
54012337
54012347
54012367
54012397
54012433
54012437
54012449
54012461
54012463
54012493
54012547
54012557
54012559
54012593
54012599
54012613
54012617
54012619
54012641
54012677
54012697
54012701
54012709
54012727
54012731
54012733
54012737
54012743
54012799
54012817
54012841
54012857
54012863
54012887
54012971
54013009
54013013
54013019
54013027
54013049
54013079
54013093
54013103
54013123
54013133
54013139
54013151
54013159
54013171
54013187
54013207
54013213
54013217
54013237
54013241
54013249
54013291
54013319
54013339
54013343
54013367
54013373
54013381
54013391
54013417
54013423
54013459
54013489
54013507
54013511
54013513
54013517
54013529
54013537
54013549
54013571
54013579
54013601
54013621
54013651
54013681
54013693
54013697
54013699
54013703
54013711
54013721
54013723
54013741
54013753
54013759
54013781
54013783
54013793
54013807
54013831
54013849
54013877
54013901
54013907
54013931
54013937
54013957
54014003
54014021
54014027
54014029
54014033
54014047
54014053
54014099
54014137
54014141
54014161
54014209
54014237
54014267
54014291
54014297
54014309
54014347
54014351
54014357
54014377
54014399
54014479
54014483
54014509
54014533
54014567
54014573
54014633
54014641
54014669
54014683
54014689
54014711
54014713
54014731
54014743
54014767
54014801
54014809
54014813
54014819
54014827
54014881
54014903
54014911
54014941
54014953
54014957
54014959
54014977
54015007
54015011
54015029
54015037
54015041
54015047
54015067
54015077
54015083
54015107
54015133
54015161
54015187
54015191
54015209
54015217
54015229
54015251
54015263
54015281
54015319
54015343
54015359
54015389
54015391
54015407
54015421
54015457
54015463
54015473
54015497
54015509
54015527
54015541
54015551
54015557
54015581
54015587
54015631
54015641
54015677
54015679
54015701
54015761
54015763
54015769
54015781
54015811
54015821
54015887
54015889
54015943
54015947
54015961
54015971
54015977
54015979
54015989
54016073
54016087
54016117
54016129
54016133
54016141
54016153
54016163
54016177
54016181
54016247
54016267
54016273
54016283
54016289
54016387
54016399
54016427
54016439
54016441
54016451
54016481
54016507
54016511
54016553
54016577
54016597
54016609
54016619
54016631
54016637
54016661
54016679
54016687
54016691
54016717
54016723
54016727
54016747
54016751
54016757
54016793
54016817
54016819
54016841
54016847
54016873
54016891
54016909
54016913
54016927
54016931
54016979
54016997
54017023
54017063
54017071
54017081
54017099
54017101
54017129
54017137
54017141
54017149
54017167
54017191
54017231
54017237
54017251
54017261
54017267
54017281
54017287
54017311
54017321
54017339
54017351
54017357
54017371
54017387
54017443
54017489
54017519
54017539
54017549
54017563
54017569
54017573
54017599
54017609
54017647
54017657
54017671
54017681
54017699
54017713
54017753
54017767
54017771
54017783
54017797
54017813
54017819
54017839
54017849
54017881
54017917
54017921
54017947
54017983
54017989
54018023
54018031
54018043
54018073
54018079
54018101
54018103
54018109
54018127
54018131
54018137
54018179
54018193
54018203
54018221
54018227
54018229
54018253
54018257
54018259
54018301
54018317
54018323
54018331
54018343
54018389
54018397
54018413
54018431
54018451
54018521
54018533
54018583
54018593
54018617
54018623
54018637
54018661
54018667
54018721
54018761
54018773
54018781
54018787
54018791
54018823
54018829
54018841
54018847
54018863
54018871
54018883
54018901
54018917
54018947
54018949
54018959
54018961
54018971
54018997
54019037
54019061
54019067
54019079
54019093
54019103
54019123
54019127
54019129
54019151
54019171
54019177
54019211
54019213
54019241
54019253
54019283
54019289
54019333
54019369
54019429
54019439
54019447
54019499
54019507
54019517
54019541
54019543
54019549
54019573
54019579
54019583
54019607
54019613
54019619
54019627
54019649
54019681
54019687
54019697
54019703
54019723
54019729
54019747
54019753
54019783
54019787
54019789
54019799
54019811
54019813
54019817
54019841
54019877
54019891
54019921
54019981
54020003
54020017
54020039
54020047
54020051
54020081
54020093
54020107
54020119
54020129
54020143
54020149
54020167
54020171
54020177
54020179
54020221
54020257
54020269
54020273
54020297
54020299
54020347
54020371
54020377
54020381
54020387
54020423
54020429
54020443
54020479
54020489
54020501
54020503
54020539
54020567
54020573
54020579
54020587
54020609
54020623
54020653
54020669
54020671
54020677
54020683
54020689
54020699
54020711
54020723
54020737
54020761
54020773
54020783
54020789
54020797
54020801
54020809
54020831
54020839
54020867
54020887
54020963
54020969
54020977
54021007
54021013
54021017
54021041
54021059
54021083
54021091
54021157
54021169
54021203
54021259
54021263
54021269
54021271
54021323
54021379
54021391
54021397
54021419
54021421
54021439
54021467
54021491
54021511
54021553
54021581
54021593
54021601
54021607
54021613
54021619
54021637
54021647
54021673
54021677
54021691
54021713
54021727
54021761
54021763
54021811
54021823
54021829
54021833
54021853
54021857
54021881
54021901
54021907
54021923
54021967
54021991
54022019
54022043
54022049
54022063
54022069
54022081
54022091
54022103
54022123
54022151
54022159
54022169
54022207
54022217
54022237
54022247
54022259
54022261
54022289
54022291
54022321
54022337
54022349
54022351
54022357
54022361
54022363
54022373
54022387
54022399
54022421
54022439
54022487
54022511
54022517
54022523
54022597
54022603
54022609
54022613
54022673
54022687
54022691
54022721
54022747
54022751
54022763
54022769
54022777
54022811
54022831
54022867
54022897
54022933
54022949
54022961
54022967
54022973
54022979
54022999
54023009
54023017
54023029
54023063
54023087
54023107
54023131
54023149
54023197
54023227
54023243
54023269
54023309
54023329
54023357
54023383
54023393
54023401
54023413
54023419
54023423
54023447
54023449
54023461
54023513
54023531
54023533
54023537
54023581
54023611
54023617
54023647
54023653
54023657
54023677
54023693
54023701
54023743
54023747
54023759
54023771
54023813
54023819
54023833
54023843
54023863
54023873
54023887
54023891
54023899
54023929
54023939
54023951
54023989
54024001
54024017
54024029
54024031
54024037
54024059
54024067
54024109
54024127
54024143
54024241
54024253
54024259
54024287
54024301
54024319
54024343
54024349
54024359
54024389
54024449
54024457
54024461
54024497
54024499
54024517
54024533
54024547
54024559
54024571
54024577
54024587
54024601
54024611
54024643
54024647
54024653
54024673
54024683
54024731
54024749
54024787
54024791
54024853
54024857
54024863
54024871
54024881
54024979
54025007
54025009
54025021
54025039
54025063
54025067
54025079
54025109
54025129
54025159
54025163
54025171
54025241
54025247
54025259
54025261
54025267
54025271
54025273
54025327
54025333
54025339
54025351
54025357
54025381
54025397
54025421
54025453
54025483
54025511
54025519
54025561
54025567
54025571
54025583
54025619
54025627
54025681
54025717
54025729
54025739
54025771
54025789
54025793
54025819
54025849
54025877
54025879
54025891
54025999
54026023
54026033
54026041
54026047
54026113
54026117
54026129
54026143
54026173
54026197
54026201
54026209
54026237
54026257
54026267
54026299
54026353
54026383
54026393
54026411
54026417
54026429
54026491
54026503
54026537
54026551
54026569
54026579
54026587
54026591
54026593
54026611
54026677
54026699
54026711
54026719
54026729
54026737
54026741
54026773
54026779
54026783
54026801
54026803
54026809
54026837
54026849
54026873
54026881
54026891
54026897
54026927
54026957
54026983
54026989
54027011
54027031
54027047
54027097
54027101
54027109
54027121
54027133
54027137
54027163
54027167
54027187
54027209
54027263
54027277
54027287
54027331
54027367
54027409
54027419
54027427
54027433
54027443
54027461
54027473
54027497
54027541
54027557
54027569
54027593
54027599
54027601
54027607
54027613
54027619
54027641
54027653
54027671
54027689
54027707
54027719
54027763
54027781
54027803
54027839
54027859
54027877
54027889
54027901
54027913
54027923
54027949
54027971
54027973
54027983
54027991
54027997
54028033
54028061
54028087
54028109
54028123
54028141
54028171
54028181
54028207
54028211
54028223
54028241
54028243
54028277
54028297
54028307
54028309
54028313
54028349
54028391
54028393
54028409
54028411
54028439
54028451
54028477
54028487
54028501
54028519
54028543
54028589
54028603
54028627
54028649
54028651
54028673
54028729
54028759
54028763
54028781
54028787
54028789
54028813
54028829
54028841
54028847
54028861
54028937
54028957
54028993
54029033
54029051
54029069
54029081
54029089
54029119
54029123
54029147
54029153
54029167
54029197
54029219
54029251
54029279
54029317
54029321
54029341
54029351
54029357
54029359
54029363
54029389
54029399
54029401
54029413
54029429
54029441
54029449
54029467
54029471
54029473
54029477
54029501
54029527
54029531
54029579
54029603
54029611
54029617
54029623
54029627
54029653
54029669
54029687
54029753
54029761
54029779
54029809
54029819
54029839
54029867
54029909
54029951
54029999
54030019
54030023
54030037
54030043
54030049
54030061
54030071
54030089
54030121
54030143
54030187
54030191
54030203
54030227
54030247
54030257
54030283
54030331
54030337
54030349
54030377
54030409
54030419
54030443
54030461
54030481
54030517
54030523
54030563
54030601
54030617
54030629
54030631
54030677
54030701
54030791
54030793
54030817
54030839
54030863
54030881
54030883
54030931
54030943
54030953
54030967
54030997
54031001
54031027
54031051
54031057
54031073
54031097
54031123
54031127
54031129
54031139
54031183
54031199
54031207
54031217
54031223
54031259
54031283
54031291
54031309
54031331
54031333
54031361
54031391
54031427
54031429
54031441
54031463
54031487
54031493
54031511
54031513
54031517
54031519
54031541
54031583
54031603
54031631
54031651
54031657
54031739
54031759
54031777
54031819
54031823
54031847
54031871
54031889
54031903
54031907
54031961
54031969
54031979
54031981
54031993
54031997
54032003
54032009
54032051
54032053
54032057
54032059
54032081
54032107
54032117
54032159
54032183
54032189
54032203
54032213
54032227
54032233
54032243
54032291
54032299
54032311
54032323
54032327
54032347
54032353
54032357
54032369
54032393
54032401
54032413
54032437
54032449
54032479
54032501
54032509
54032513
54032527
54032551
54032557
54032567
54032591
54032623
54032689
54032723
54032729
54032743
54032747
54032777
54032791
54032833
54032837
54032843
54032857
54032861
54032929
54032947
54032971
54033013
54033029
54033041
54033047
54033071
54033101
54033103
54033107
54033139
54033143
54033173
54033193
54033229
54033247
54033253
54033269
54033271
54033281
54033299
54033307
54033311
54033313
54033337
54033347
54033377
54033383
54033389
54033407
54033443
54033481
54033487
54033493
54033517
54033521
54033533
54033563
54033571
54033593
54033607
54033611
54033619
54033643
54033673
54033703
54033719
54033731
54033737
54033743
54033779
54033817
54033827
54033829
54033839
54033851
54033857
54033869
54033883
54033893
54033901
54033907
54033953
54033971
54033997
54034009
54034021
54034031
54034049
54034051
54034121
54034133
54034151
54034159
54034207
54034213
54034223
54034229
54034231
54034241
54034247
54034249
54034259
54034261
54034283
54034289
54034327
54034339
54034391
54034397
54034417
54034439
54034447
54034451
54034459
54034469
54034489
54034523
54034543
54034559
54034573
54034579
54034583
54034637
54034639
54034649
54034661
54034681
54034691
54034693
54034699
54034711
54034741
54034759
54034781
54034787
54034831
54034919
54034921
54034927
54034943
54034951
54034957
54034963
54034979
54034987
54034997
54035053
54035083
54035087
54035099
54035117
54035123
54035141
54035147
54035159
54035227
54035239
54035251
54035269
54035279
54035287
54035291
54035329
54035363
54035389
54035393
54035413
54035431
54035453
54035467
54035489
54035491
54035507
54035519
54035521
54035587
54035593
54035609
54035627
54035687
54035699
54035713
54035719
54035743
54035777
54035819
54035831
54035851
54035869
54035879
54035897
54035923
54035929
54035941
54035957
54035959
54035977
54035999
54036011
54036043
54036061
54036091
54036107
54036121
54036127
54036167
54036173
54036187
54036197
54036221
54036239
54036253
54036259
54036263
54036277
54036287
54036299
54036331
54036347
54036349
54036373
54036397
54036413
54036431
54036449
54036461
54036473
54036481
54036517
54036527
54036533
54036547
54036601
54036607
54036611
54036623
54036629
54036643
54036649
54036677
54036721
54036737
54036739
54036757
54036781
54036797
54036799
54036809
54036833
54036841
54036923
54036943
54036971
54036977
54037003
54037019
54037031
54037043
54037079
54037091
54037099
54037133
54037141
54037153
54037163
54037171
54037211
54037229
54037231
54037241
54037253
54037289
54037307
54037331
54037337
54037367
54037393
54037409
54037421
54037429
54037453
54037457
54037471
54037481
54037483
54037499
54037517
54037519
54037531
54037547
54037553
54037559
54037561
54037567
54037573
54037579
54037589
54037601
54037609
54037657
54037663
54037667
54037699
54037703
54037721
54037751
54037769
54037777
54037783
54037807
54037811
54037829
54037847
54037859
54037861
54037873
54037891
54037903
54037909
54037913
54037931
54037939
54037943
54037961
54037969
54037981
54037993
54037999
54038003
54038051
54038077
54038099
54038129
54038141
54038183
54038191
54038197
54038221
54038227
54038233
54038269
54038279
54038329
54038351
54038371
54038407
54038419
54038437
54038441
54038443
54038473
54038483
54038503
54038507
54038519
54038539
54038557
54038581
54038587
54038599
54038609
54038639
54038651
54038669
54038671
54038681
54038683
54038689
54038723
54038731
54038771
54038791
54038819
54038827
54038837
54038839
54038843
54038851
54038909
54038927
54038947
54038951
54038953
54038987
54038989
54038993
54039031
54039043
54039071
54039077
54039079
54039101
54039113
54039119
54039127
54039149
54039157
54039163
54039187
54039197
54039217
54039233
54039241
54039253
54039263
54039283
54039299
54039301
54039313
54039341
54039361
54039373
54039407
54039409
54039431
54039437
54039451
54039463
54039467
54039487
54039493
54039521
54039533
54039539
54039551
54039569
54039571
54039589
54039607
54039611
54039619
54039631
54039677
54039703
54039709
54039751
54039761
54039773
54039809
54039823
54039827
54039829
54039833
54039859
54039893
54039899
54039917
54039919
54040001
54040013
54040039
54040043
54040067
54040069
54040081
54040097
54040111
54040141
54040157
54040163
54040201
54040213
54040219
54040249
54040267
54040291
54040303
54040307
54040319
54040361
54040373
54040397
54040411
54040421
54040423
54040429
54040447
54040453
54040463
54040477
54040507
54040517
54040523
54040537
54040561
54040573
54040577
54040589
54040607
54040621
54040633
54040643
54040663
54040669
54040691
54040703
54040729
54040751
54040771
54040799
54040901
54040969
54040999
54041003
54041017
54041021
54041027
54041041
54041063
54041069
54041081
54041087
54041089
54041101
54041107
54041131
54041137
54041159
54041173
54041177
54041261
54041279
54041327
54041341
54041357
54041371
54041387
54041417
54041447
54041479
54041543
54041551
54041573
54041593
54041629
54041633
54041677
54041693
54041717
54041723
54041747
54041749
54041777
54041783
54041837
54041839
54041849
54041879
54041887
54041893
54041899
54041921
54041951
54041983
54041987
54042011
54042017
54042049
54042067
54042071
54042073
54042097
54042181
54042187
54042211
54042229
54042257
54042293
54042299
54042323
54042353
54042361
54042377
54042421
54042463
54042481
54042493
54042497
54042553
54042581
54042601
54042619
54042623
54042647
54042649
54042661
54042683
54042713
54042727
54042733
54042739
54042757
54042773
54042839
54042841
54042869
54042883
54042887
54042917
54042929
54042931
54042941
54042991
54043001
54043007
54043009
54043021
54043057
54043079
54043097
54043103
54043109
54043127
54043151
54043177
54043229
54043243
54043247
54043271
54043309
54043321
54043333
54043337
54043361
54043393
54043417
54043439
54043441
54043463
54043477
54043481
54043487
54043489
54043511
54043513
54043553
54043573
54043589
54043609
54043637
54043727
54043739
54043751
54043753
54043763
54043777
54043783
54043789
54043793
54043807
54043817
54043831
54043837
54043853
54043861
54043883
54043909
54043921
54043963
54044051
54044083
54044099
54044131
54044141
54044149
54044167
54044183
54044251
54044257
54044261
54044269
54044279
54044293
54044299
54044311
54044321
54044323
54044327
54044329
54044339
54044351
54044399
54044401
54044447
54044467
54044477
54044483
54044527
54044533
54044539
54044591
54044621
54044629
54044677
54044699
54044713
54044741
54044743
54044761
54044773
54044791
54044803
54044807
54044839
54044843
54044891
54044899
54044909
54044923
54044941
54044953
54044959
54044981
54045029
54045031
54045037
54045071
54045083
54045097
54045113
54045119
54045127
54045137
54045179
54045181
54045191
54045217
54045221
54045247
54045283
54045317
54045323
54045337
54045353
54045371
54045389
54045391
54045437
54045449
54045457
54045463
54045487
54045547
54045569
54045581
54045599
54045613
54045619
54045631
54045643
54045659
54045661
54045683
54045707
54045713
54045731
54045793
54045809
54045811
54045833
54045847
54045857
54045877
54045881
54045889
54045917
54045919
54045923
54045949
54045961
54045977
54045991
54045997
54046001
54046039
54046063
54046081
54046087
54046093
54046117
54046121
54046147
54046177
54046189
54046217
54046219
54046231
54046243
54046249
54046259
54046303
54046309
54046327
54046331
54046337
54046339
54046351
54046387
54046403
54046409
54046439
54046463
54046477
54046483
54046523
54046541
54046543
54046561
54046631
54046639
54046679
54046687
54046693
54046709
54046721
54046777
54046787
54046789
54046799
54046813
54046819
54046841
54046871
54046873
54046903
54046907
54046921
54046943
54046991
54046997
54046999
54047003
54047011
54047023
54047053
54047069
54047099
54047107
54047207
54047209
54047219
54047239
54047249
54047261
54047299
54047303
54047339
54047341
54047347
54047351
54047393
54047453
54047501
54047531
54047537
54047551
54047557
54047563
54047569
54047629
54047633
54047681
54047683
54047701
54047711
54047729
54047731
54047737
54047767
54047789
54047869
54047897
54047899
54047921
54047923
54047927
54047941
54047971
54047993
54048011
54048017
54048041
54048061
54048107
54048121
54048139
54048143
54048173
54048191
54048193
54048259
54048263
54048301
54048317
54048353
54048361
54048391
54048437
54048443
54048451
54048509
54048539
54048541
54048569
54048571
54048581
54048587
54048629
54048641
54048649
54048667
54048713
54048727
54048737
54048739
54048767
54048769
54048791
54048847
54048851
54048857
54048881
54048887
54048913
54048931
54048937
54048949
54048959
54048961
54048983
54048991
54049031
54049087
54049097
54049123
54049169
54049189
54049249
54049253
54049277
54049283
54049297
54049327
54049349
54049361
54049367
54049397
54049403
54049423
54049427
54049441
54049447
54049469
54049481
54049519
54049529
54049537
54049543
54049553
54049561
54049573
54049607
54049621
54049627
54049631
54049643
54049657
54049663
54049679
54049691
54049693
54049703
54049729
54049739
54049757
54049763
54049769
54049781
54049799
54049829
54049837
54049867
54049883
54049903
54049907
54049909
54049913
54049921
54049949
54049951
54049969
54049973
54049991
54049993
54049999
54050027
54050033
54050053
54050063
54050083
54050093
54050111
54050153
54050159
54050167
54050203
54050219
54050237
54050257
54050261
54050263
54050281
54050291
54050317
54050333
54050351
54050357
54050363
54050369
54050371
54050411
54050413
54050443
54050449
54050467
54050471
54050509
54050539
54050551
54050561
54050569
54050597
54050627
54050629
54050651
54050657
54050663
54050671
54050767
54050771
54050779
54050783
54050791
54050797
54050813
54050863
54050869
54050917
54050921
54050933
54050947
54050981
54050999
54051061
54051071
54051131
54051163
54051167
54051169
54051187
54051209
54051227
54051241
54051271
54051293
54051299
54051323
54051329
54051337
54051359
54051373
54051397
54051421
54051427
54051433
54051443
54051451
54051461
54051479
54051499
54051511
54051533
54051539
54051553
54051593
54051607
54051649
54051667
54051671
54051677
54051689
54051691
54051703
54051707
54051727
54051733
54051749
54051757
54051787
54051793
54051821
54051859
54051871
54051883
54051887
54051889
54051913
54051929
54051961
54051971
54051973
54052043
54052067
54052099
54052121
54052123
54052133
54052147
54052157
54052217
54052223
54052249
54052253
54052261
54052289
54052291
54052331
54052351
54052373
54052379
54052381
54052387
54052393
54052403
54052417
54052429
54052447
54052457
54052483
54052517
54052519
54052529
54052541
54052567
54052577
54052613
54052619
54052627
54052643
54052651
54052693
54052697
54052699
54052703
54052709
54052727
54052729
54052769
54052787
54052807
54052811
54052813
54052841
54052903
54052913
54052927
54052963
54052969
54052981
54053009
54053023
54053033
54053039
54053063
54053099
54053113
54053117
54053123
54053141
54053159
54053179
54053201
54053203
54053221
54053227
54053239
54053257
54053273
54053291
54053299
54053323
54053327
54053357
54053369
54053371
54053383
54053393
54053399
54053401
54053449
54053497
54053533
54053543
54053551
54053563
54053567
54053569
54053579
54053581
54053627
54053641
54053683
54053717
54053719
54053723
54053743
54053759
54053777
54053843
54053851
54053873
54053891
54053893
54053911
54053947
54053953
54053963
54053969
54053983
54054017
54054019
54054029
54054037
54054047
54054079
54054083
54054097
54054109
54054149
54054179
54054211
54054229
54054233
54054251
54054257
54054283
54054307
54054313
54054323
54054353
54054361
54054389
54054419
54054457
54054467
54054547
54054571
54054641
54054673
54054703
54054739
54054751
54054757
54054779
54054799
54054809
54054823
54054839
54054877
54054887
54054901
54054907
54054911
54054929
54054937
54054941
54054947
54054971
54054983
54055003
54055007
54055013
54055021
54055031
54055049
54055073
54055147
54055153
54055163
54055193
54055219
54055229
54055231
54055237
54055273
54055321
54055349
54055363
54055367
54055369
54055381
54055411
54055459
54055523
54055531
54055549
54055553
54055591
54055613
54055619
54055621
54055643
54055657
54055669
54055691
54055693
54055747
54055751
54055759
54055769
54055783
54055787
54055789
54055823
54055867
54055873
54055889
54055891
54055951
54055973
54055997
54056017
54056021
54056027
54056047
54056071
54056089
54056129
54056143
54056147
54056173
54056201
54056207
54056221
54056263
54056269
54056291
54056329
54056333
54056341
54056351
54056369
54056381
54056393
54056411
54056423
54056437
54056459
54056477
54056503
54056521
54056537
54056557
54056579
54056581
54056599
54056621
54056657
54056671
54056713
54056749
54056771
54056801
54056809
54056837
54056851
54056857
54056861
54056887
54056929
54056939
54056941
54056971
54056999
54057001
54057043
54057067
54057089
54057151
54057173
54057187
54057193
54057197
54057203
54057209
54057217
54057233
54057253
54057257
54057271
54057277
54057293
54057301
54057317
54057343
54057347
54057371
54057431
54057461
54057491
54057499
54057503
54057533
54057541
54057551
54057589
54057611
54057623
54057643
54057667
54057697
54057701
54057713
54057719
54057727
54057743
54057749
54057761
54057763
54057781
54057853
54057863
54057877
54057881
54057901
54057911
54057919
54057929
54057979
54058013
54058019
54058031
54058057
54058061
54058087
54058091
54058093
54058111
54058133
54058153
54058171
54058177
54058187
54058217
54058229
54058231
54058237
54058247
54058259
54058273
54058289
54058297
54058307
54058313
54058321
54058339
54058373
54058379
54058421
54058447
54058457
54058493
54058531
54058547
54058559
54058561
54058567
54058577
54058583
54058597
54058603
54058607
54058621
54058633
54058643
54058649
54058661
54058663
54058679
54058681
54058723
54058747
54058769
54058801
54058817
54058843
54058889
54058891
54058897
54058931
54058981
54058999
54059021
54059023
54059051
54059059
54059077
54059081
54059101
54059119
54059149
54059153
54059189
54059191
54059209
54059227
54059231
54059249
54059261
54059267
54059273
54059293
54059309
54059321
54059333
54059429
54059441
54059459
54059491
54059497
54059501
54059513
54059521
54059527
54059563
54059581
54059633
54059647
54059657
54059669
54059671
54059699
54059723
54059773
54059783
54059833
54059839
54059861
54059869
54059891
54059903
54059927
54059953
54059977
54059981
54060043
54060059
54060079
54060101
54060103
54060109
54060131
54060157
54060169
54060173
54060179
54060191
54060203
54060233
54060239
54060241
54060283
54060299
54060313
54060317
54060353
54060361
54060389
54060407
54060431
54060451
54060463
54060533
54060563
54060577
54060593
54060623
54060659
54060667
54060691
54060703
54060707
54060779
54060781
54060793
54060817
54060821
54060829
54060841
54060859
54060883
54060887
54060907
54060973
54060983
54061013
54061097
54061103
54061127
54061129
54061151
54061157
54061177
54061187
54061229
54061243
54061253
54061279
54061283
54061313
54061333
54061351
54061373
54061387
54061393
54061439
54061453
54061463
54061471
54061529
54061531
54061541
54061549
54061583
54061619
54061663
54061681
54061691
54061727
54061747
54061757
54061769
54061781
54061789
54061807
54061811
54061823
54061837
54061841
54061849
54061867
54061907
54061927
54061939
54061957
54061963
54061993
54061999
54062033
54062081
54062083
54062153
54062161
54062189
54062191
54062221
54062257
54062273
54062317
54062341
54062369
54062377
54062381
54062387
54062399
54062423
54062441
54062447
54062461
54062471
54062483
54062497
54062507
54062527
54062557
54062563
54062579
54062599
54062611
54062621
54062629
54062633
54062647
54062663
54062677
54062683
54062689
54062693
54062707
54062711
54062731
54062747
54062753
54062759
54062761
54062779
54062819
54062837
54062849
54062867
54062881
54062891
54062893
54062933
54062951
54062959
54063073
54063089
54063109
54063161
54063167
54063173
54063187
54063193
54063197
54063199
54063203
54063209
54063211
54063239
54063257
54063259
54063313
54063319
54063323
54063371
54063397
54063403
54063407
54063469
54063479
54063487
54063491
54063497
54063509
54063521
54063523
54063533
54063563
54063601
54063613
54063617
54063619
54063631
54063637
54063661
54063703
54063719
54063733
54063749
54063769
54063781
54063787
54063799
54063803
54063809
54063811
54063817
54063827
54063847
54063853
54063901
54063913
54063931
54063941
54063991
54064013
54064051
54064103
54064133
54064151
54064159
54064193
54064223
54064247
54064259
54064271
54064277
54064303
54064313
54064331
54064333
54064357
54064379
54064397
54064463
54064469
54064477
54064487
54064499
54064529
54064537
54064541
54064553
54064579
54064627
54064649
54064657
54064679
54064687
54064693
54064757
54064783
54064819
54064831
54064841
54064873
54064891
54064909
54064921
54064931
54064943
54064949
54064951
54064957
54064979
54065003
54065017
54065021
54065027
54065107
54065119
54065129
54065131
54065171
54065191
54065197
54065201
54065227
54065257
54065273
54065327
54065329
54065351
54065371
54065411
54065419
54065443
54065489
54065497
54065509
54065521
54065527
54065537
54065549
54065563
54065573
54065587
54065591
54065623
54065629
54065639
54065647
54065677
54065707
54065741
54065743
54065761
54065779
54065807
54065813
54065821
54065827
54065903
54065911
54065929
54065969
54065971
54065981
54065993
54066011
54066043
54066049
54066079
54066101
54066107
54066109
54066149
54066161
54066193
54066197
54066223
54066281
54066323
54066347
54066349
54066371
54066373
54066377
54066379
54066391
54066401
54066407
54066431
54066433
54066473
54066487
54066499
54066517
54066547
54066553
54066563
54066581
54066599
54066601
54066619
54066637
54066641
54066653
54066667
54066689
54066703
54066709
54066739
54066757
54066773
54066787
54066791
54066811
54066829
54066853
54066869
54066893
54066899
54066917
54066931
54066941
54066959
54066977
54066983
54067001
54067009
54067031
54067051
54067063
54067073
54067081
54067099
54067109
54067127
54067133
54067147
54067159
54067163
