50855947
50855953
50855969
50855977
50855983
50855999
50856011
50856041
50856049
50856067
50856073
50856077
50856083
50856109
50856119
50856187
50856191
50856193
50856199
50856251
50856257
50856263
50856269
50856271
50856301
50856313
50856317
50856349
50856361
50856391
50856413
50856431
50856433
50856437
50856439
50856451
50856499
50856511
50856527
50856529
50856557
50856563
50856577
50856581
50856593
50856601
50856607
50856613
50856623
50856653
50856721
50856731
50856739
50856763
50856791
50856797
50856823
50856847
50856857
50856881
50856899
50856919
50856931
50856937
50856941
50856947
50856973
50856991
50857033
50857061
50857069
50857073
50857123
50857139
50857151
50857153
50857159
50857187
50857193
50857201
50857211
50857223
50857231
50857259
50857273
50857283
50857291
50857297
50857321
50857333
50857349
50857363
50857381
50857397
50857399
50857427
50857441
50857447
50857463
50857483
50857493
50857501
50857511
50857517
50857529
50857601
50857621
50857633
50857643
50857649
50857673
50857733
50857747
50857771
50857811
50857817
50857831
50857837
50857841
50857861
50857867
50857879
50857883
50857903
50857907
50857913
50857921
50857951
50857979
50857993
50857997
50858029
50858051
50858053
50858057
50858069
50858113
50858123
50858147
50858149
50858153
50858161
50858179
50858189
50858191
50858209
50858219
50858233
50858243
50858263
50858273
50858279
50858281
50858287
50858303
50858309
50858329
50858341
50858363
50858377
50858411
50858417
50858447
50858473
50858477
50858513
50858537
50858539
50858557
50858581
50858593
50858597
50858623
50858657
50858659
50858671
50858707
50858711
50858761
50858789
50858803
50858851
50858861
50858867
50858887
50858891
50858909
50858939
50858993
50858999
50859013
50859037
50859041
50859043
50859077
50859089
50859101
50859103
50859119
50859131
50859157
50859169
50859199
50859241
50859247
50859271
50859307
50859343
50859373
50859397
50859401
50859407
50859451
50859493
50859521
50859581
50859607
50859617
50859619
50859667
50859709
50859737
50859761
50859763
50859779
50859791
50859811
50859847
50859857
50859859
50859883
50859899
50859931
50859959
50860001
50860021
50860027
50860037
50860079
50860091
50860111
50860123
50860127
50860133
50860151
50860177
50860189
50860223
50860253
50860259
50860289
50860297
50860331
50860333
50860363
50860391
50860409
50860421
50860423
50860427
50860441
50860451
50860463
50860471
50860483
50860489
50860499
50860501
50860507
50860543
50860547
50860561
50860573
50860591
50860597
50860687
50860697
50860709
50860717
50860723
50860729
50860759
50860769
50860783
50860793
50860811
50860813
50860837
50860847
50860879
50860897
50860913
50860933
50860937
50860949
50860963
50860993
50861029
50861047
50861089
50861101
50861117
50861123
50861141
50861147
50861159
50861177
50861183
50861189
50861201
50861207
50861219
50861221
50861231
50861243
50861267
50861323
50861357
50861381
50861401
50861407
50861411
50861477
50861491
50861497
50861513
50861521
50861641
50861663
50861711
50861719
50861743
50861747
50861749
50861779
50861857
50861891
50861893
50861897
50861933
50861957
50861971
50861981
50861989
50861999
50862059
50862061
50862083
50862089
50862109
50862157
50862197
50862247
50862257
50862281
50862293
50862299
50862311
50862337
50862347
50862367
50862377
50862379
50862391
50862401
50862431
50862443
50862467
50862473
50862481
50862517
50862523
50862527
50862541
50862551
50862577
50862587
50862659
50862667
50862701
50862719
50862731
50862733
50862787
50862797
50862803
50862817
50862859
50862869
50862871
50862899
50862923
50862941
50862947
50862949
50862953
50862989
50863037
50863061
50863063
50863067
50863069
50863079
50863091
50863139
50863159
50863207
50863223
50863237
50863249
50863273
50863277
50863283
50863301
50863333
50863391
50863409
50863427
50863429
50863441
50863451
50863459
50863469
50863471
50863481
50863489
50863531
50863543
50863559
50863577
50863583
50863613
50863621
50863633
50863639
50863669
50863697
50863717
50863721
50863727
50863733
50863751
50863753
50863781
50863783
50863801
50863829
50863837
50863843
50863867
50863907
50863909
50863919
50863927
50863933
50863951
50863961
50863973
50863993
50863997
50864003
50864029
50864041
50864053
50864059
50864069
50864101
50864111
50864147
50864161
50864167
50864183
50864207
50864213
50864237
50864243
50864251
50864263
50864291
50864299
50864321
50864353
50864371
50864377
50864383
50864393
50864417
50864419
50864441
50864447
50864497
50864503
50864537
50864543
50864563
50864581
50864587
50864609
50864621
50864633
50864647
50864659
50864689
50864719
50864761
50864773
50864783
50864791
50864797
50864813
50864851
50864873
50864909
50864917
50864921
50864923
50864939
50864971
50864977
50864987
50864999
50865007
50865011
50865049
50865053
50865077
50865083
50865091
50865097
50865119
50865131
50865149
50865169
50865179
50865193
50865209
50865239
50865271
50865281
50865293
50865301
50865307
50865313
50865329
50865341
50865383
50865427
50865433
50865439
50865457
50865469
50865473
50865487
50865499
50865509
50865511
50865523
50865533
50865569
50865583
50865589
50865593
50865601
50865629
50865667
50865691
50865757
50865779
50865781
50865817
50865827
50865839
50865851
50865877
50865901
50865917
50865929
50865973
50865977
50866003
50866007
50866019
50866027
50866043
50866051
50866063
50866069
50866073
50866093
50866099
50866129
50866139
50866141
50866147
50866163
50866169
50866177
50866187
50866213
50866219
50866223
50866229
50866243
50866247
50866303
50866307
50866331
50866337
50866357
50866367
50866369
50866411
50866423
50866427
50866433
50866469
50866471
50866489
50866507
50866513
50866537
50866559
50866561
50866573
50866577
50866579
50866597
50866603
50866631
50866649
50866657
50866681
50866687
50866709
50866729
50866733
50866747
50866759
50866763
50866769
50866787
50866811
50866813
50866817
50866847
50866853
50866861
50866883
50866889
50866891
50866903
50866913
50866943
50866993
50866999
50867021
50867029
50867071
50867153
50867177
50867197
50867221
50867233
50867261
50867279
50867287
50867303
50867309
50867317
50867393
50867407
50867413
50867419
50867423
50867441
50867447
50867459
50867491
50867533
50867543
50867549
50867591
50867599
50867603
50867623
50867627
50867633
50867639
50867647
50867657
50867671
50867681
50867759
50867819
50867833
50867849
50867897
50867903
50867917
50867939
50867951
50867953
50867983
50867989
50868017
50868049
50868067
50868071
50868107
50868119
50868137
50868143
50868151
50868161
50868173
50868211
50868221
50868253
50868271
50868283
50868289
50868299
50868313
50868317
50868319
50868329
50868379
50868439
50868463
50868473
50868481
50868487
50868497
50868541
50868547
50868569
50868619
50868637
50868647
50868661
50868683
50868689
50868691
50868703
50868733
50868761
50868773
50868803
50868827
50868863
50868887
50868889
50868901
50868941
50868959
50868971
50868989
50868991
50869019
50869037
50869057
50869079
50869153
50869163
50869177
50869183
50869201
50869211
50869229
50869243
50869249
50869279
50869309
50869349
50869361
50869363
50869381
50869391
50869421
50869433
50869447
50869471
50869493
50869501
50869513
50869523
50869531
50869573
50869633
50869639
50869649
50869673
50869697
50869717
50869733
50869739
50869751
50869757
50869769
50869801
50869811
50869829
50869837
50869849
50869879
50869883
50869939
50869943
50869957
50869961
50869991
50870021
50870033
50870059
50870063
50870077
50870081
50870093
50870107
50870111
50870129
50870143
50870159
50870173
50870203
50870221
50870243
50870251
50870257
50870291
50870297
50870311
50870317
50870327
50870329
50870359
50870363
50870387
50870399
50870441
50870447
50870461
50870471
50870483
50870489
50870527
50870539
50870557
50870563
50870587
50870629
50870639
50870653
50870711
50870717
50870731
50870737
50870741
50870789
50870797
50870857
50870863
50870867
50870891
50870899
50870929
50870947
50870957
50871013
50871049
50871091
50871097
50871103
50871127
50871137
50871143
50871179
50871187
50871211
50871229
50871253
50871257
50871269
50871299
50871311
50871313
50871319
50871323
50871329
50871371
50871383
50871419
50871427
50871439
50871461
50871473
50871479
50871503
50871523
50871551
50871641
50871643
50871649
50871671
50871677
50871697
50871703
50871727
50871731
50871739
50871773
50871787
50871823
50871833
50871841
50871859
50871913
50871917
50871923
50871937
50871943
50872057
50872069
50872091
50872097
50872123
50872127
50872141
50872163
50872247
50872249
50872259
50872303
50872307
50872309
50872357
50872369
50872411
50872417
50872427
50872441
50872453
50872469
50872499
50872501
50872529
50872531
50872561
50872571
50872607
50872639
50872649
50872673
50872681
50872697
50872727
50872763
50872781
50872831
50872837
50872853
50872859
50872907
50872909
50872949
50872961
50872979
50872981
50873021
50873059
50873071
50873093
50873101
50873149
50873177
50873209
50873227
50873233
50873267
50873293
50873311
50873321
50873327
50873341
50873357
50873359
50873369
50873371
50873437
50873467
50873479
50873509
50873519
50873527
50873567
50873593
50873597
50873609
50873623
50873653
50873663
50873671
50873681
50873689
50873699
50873729
50873731
50873749
50873777
50873783
50873789
50873791
50873803
50873827
50873833
50873839
50873903
50873909
50873929
50873951
50873957
50873959
50873969
50873987
50873993
50874023
50874037
50874053
50874059
50874073
50874101
50874119
50874121
50874133
50874143
50874167
50874169
50874179
50874181
50874209
50874227
50874233
50874259
50874277
50874281
50874287
50874293
50874311
50874331
50874337
50874389
50874401
50874409
50874431
50874449
50874451
50874479
50874487
50874517
50874529
50874581
50874583
50874617
50874619
50874623
50874631
50874661
50874673
50874679
50874683
50874721
50874737
50874739
50874743
50874749
50874757
50874773
50874797
50874833
50874839
50874853
50874877
50874881
50874883
50874911
50874917
50874953
50875003
50875079
50875081
50875091
50875093
50875109
50875117
50875147
50875157
50875171
50875189
50875211
50875229
50875243
50875273
50875277
50875303
50875313
50875343
50875387
50875411
50875427
50875453
50875469
50875477
50875519
50875549
50875567
50875571
50875621
50875663
50875697
50875709
50875729
50875739
50875753
50875801
50875861
50875897
50875907
50875927
50875961
50875967
50876041
50876047
50876051
50876071
50876083
50876093
50876101
50876107
50876117
50876123
50876153
50876191
50876219
50876233
50876251
50876263
50876269
50876297
50876311
50876317
50876333
50876341
50876377
50876387
50876407
50876417
50876429
50876431
50876459
50876473
50876489
50876503
50876557
50876569
50876599
50876627
50876653
50876659
50876663
50876719
50876723
50876729
50876743
50876753
50876779
50876803
50876809
50876849
50876857
50876893
50876909
50876911
50876977
50876993
50876999
50877011
50877031
50877059
50877061
50877083
50877103
50877119
50877133
50877137
50877143
50877149
50877157
50877199
50877241
50877247
50877259
50877271
50877301
50877317
50877329
50877361
50877389
50877427
50877439
50877443
50877461
50877493
50877499
50877503
50877511
50877517
50877521
50877527
50877539
50877551
50877623
50877637
50877667
50877691
50877703
50877709
50877767
50877773
50877779
50877781
50877791
50877823
50877887
50877899
50877929
50877941
50877973
50877979
50877989
50878013
50878019
50878021
50878027
50878063
50878117
50878147
50878169
50878187
50878211
50878213
50878279
50878283
50878301
50878307
50878337
50878339
50878379
50878397
50878427
50878483
50878489
50878511
50878567
50878573
50878577
50878609
50878621
50878627
50878643
50878651
50878669
50878679
50878687
50878699
50878717
50878741
50878747
50878753
50878757
50878759
50878777
50878787
50878801
50878871
50878879
50878907
50878913
50878937
50878939
50878969
50878981
50878987
50878999
50879027
50879039
50879069
50879071
50879077
50879117
50879141
50879149
50879159
50879161
50879189
50879201
50879251
50879263
50879273
50879287
50879291
50879293
50879303
50879327
50879357
50879383
50879393
50879407
50879441
50879443
50879447
50879459
50879489
50879501
50879503
50879509
50879513
50879527
50879531
50879539
50879557
50879561
50879567
50879579
50879593
50879603
50879617
50879627
50879641
50879651
50879681
50879687
50879693
50879737
50879789
50879791
50879797
50879809
50879813
50879821
50879831
50879849
50879863
50879869
50879909
50879971
50879987
50879989
50880017
50880023
50880047
50880077
50880101
50880103
50880107
50880127
50880169
50880199
50880211
50880229
50880251
50880259
50880281
50880289
50880317
50880353
50880359
50880373
50880383
50880409
50880421
50880433
50880449
50880457
50880463
50880491
50880523
50880551
50880553
50880563
50880581
50880593
50880607
50880611
50880617
50880637
50880673
50880701
50880707
50880721
50880733
50880749
50880757
50880763
50880773
50880787
50880799
50880821
50880829
50880859
50880919
50880937
50880941
50880953
50880979
50881003
50881021
50881027
50881043
50881049
50881057
50881079
50881087
50881093
50881097
50881133
50881139
50881141
50881157
50881163
50881217
50881223
50881291
50881321
50881331
50881333
50881339
50881349
50881379
50881387
50881403
50881409
50881421
50881463
50881469
50881483
50881489
50881507
50881517
50881529
50881547
50881577
50881583
50881613
50881627
50881637
50881669
50881673
50881693
50881703
50881709
50881717
50881723
50881729
50881759
50881763
50881769
50881807
50881813
50881837
50881843
50881889
50881891
50881903
50881927
50881931
50881951
50881997
50882009
50882023
50882033
50882047
50882077
50882081
50882093
50882099
50882119
50882149
50882203
50882213
50882231
50882239
50882261
50882281
50882291
50882297
50882317
50882329
50882333
50882339
50882389
50882393
50882401
50882449
50882453
50882467
50882471
50882477
50882521
50882549
50882561
50882609
50882633
50882639
50882641
50882651
50882669
50882707
50882737
50882747
50882753
50882761
50882771
50882801
50882827
50882851
50882857
50882863
50882899
50882903
50882929
50882959
50882963
50882981
50882983
50883013
50883017
50883037
50883047
50883071
50883163
50883241
50883247
50883299
50883317
50883341
50883353
50883359
50883389
50883401
50883407
50883421
50883451
50883461
50883467
50883517
50883559
50883587
50883611
50883629
50883631
50883647
50883671
50883689
50883697
50883709
50883713
50883727
50883739
50883757
50883799
50883809
50883863
50883883
50883913
50883977
50884037
50884049
50884061
50884079
50884091
50884121
50884123
50884133
50884153
50884159
50884177
50884181
50884217
50884219
50884243
50884259
50884277
50884279
50884283
50884307
50884313
50884319
50884343
50884381
50884387
50884391
50884411
50884429
50884447
50884459
50884469
50884513
50884541
50884571
50884591
50884601
50884627
50884661
50884667
50884693
50884697
50884741
50884751
50884789
50884817
50884819
50884829
50884843
50884853
50884871
50884891
50884909
50884913
50884921
50884957
50884969
50884991
50885047
50885071
50885077
50885123
50885129
50885137
50885171
50885179
50885183
50885207
50885209
50885231
50885257
50885279
50885281
50885293
50885299
50885309
50885333
50885347
50885357
50885371
50885377
50885389
50885411
50885413
50885467
50885489
50885519
50885531
50885533
50885561
50885563
50885567
50885581
50885609
50885617
50885621
50885657
50885689
50885699
50885711
50885759
50885761
50885831
50885833
50885843
50885851
50885869
50885881
50885893
50885917
50885927
50885929
50885953
50885963
50885969
50885977
50885987
50885993
50885999
50886001
50886023
50886041
50886053
50886067
50886107
50886109
50886113
50886119
50886127
50886163
50886167
50886169
50886181
50886193
50886217
50886229
50886247
50886259
50886263
50886343
50886347
50886361
50886391
50886397
50886439
50886449
50886463
50886467
50886569
50886599
50886611
50886637
50886653
50886707
50886727
50886743
50886751
50886757
50886791
50886811
50886821
50886827
50886881
50886889
50886911
50886917
50886919
50886923
50886929
50886937
50886973
50886989
50886991
50887003
50887007
50887019
50887033
50887043
50887061
50887091
50887121
50887127
50887129
50887147
50887153
50887159
50887181
50887183
50887211
50887219
50887231
50887241
50887259
50887279
50887283
50887303
50887387
50887411
50887423
50887427
50887429
50887439
50887451
50887457
50887471
50887493
50887517
50887531
50887541
50887553
50887561
50887583
50887597
50887621
50887651
50887657
50887667
50887703
50887717
50887729
50887747
50887751
50887763
50887769
50887801
50887829
50887831
50887861
50887883
50887927
50888009
50888063
50888107
50888113
50888141
50888161
50888171
50888177
50888183
50888197
50888203
50888219
50888231
50888261
50888287
50888291
50888297
50888311
50888323
50888333
50888353
50888371
50888401
50888413
50888471
50888477
50888483
50888507
50888557
50888569
50888573
50888623
50888647
50888657
50888681
50888689
50888699
50888729
50888731
50888767
50888771
50888779
50888839
50888863
50888867
50888891
50888899
50888917
50888923
50888941
50888947
50888953
50888993
50889001
50889017
50889019
50889029
50889031
50889053
50889071
50889079
50889101
50889121
50889131
50889173
50889187
50889227
50889257
50889263
50889283
50889299
50889301
50889331
50889337
50889361
50889367
50889373
50889379
50889427
50889431
50889451
50889473
50889491
50889493
50889499
50889523
50889529
50889533
50889563
50889571
50889583
50889599
50889607
50889611
50889617
50889637
50889659
50889697
50889739
50889749
50889791
50889793
50889803
50889827
50889841
50889859
50889901
50889913
50889947
50889967
50889977
50889989
50889997
50890009
50890087
50890093
50890097
50890117
50890121
50890153
50890159
50890181
50890183
50890193
50890201
50890211
50890219
50890223
50890243
50890261
50890267
50890327
50890337
50890349
50890351
50890361
50890363
50890373
50890381
50890387
50890403
50890439
50890459
50890481
50890507
50890517
50890529
50890573
50890579
50890583
50890589
50890603
50890633
50890649
50890657
50890661
50890663
50890669
50890687
50890691
50890711
50890729
50890733
50890739
50890751
50890753
50890757
50890783
50890787
50890811
50890837
50890849
50890907
50890909
50890921
50890937
50890943
50890967
50890997
50891017
50891023
50891039
50891069
50891117
50891129
50891131
50891219
50891261
50891279
50891287
50891297
50891299
50891339
50891359
50891363
50891383
50891389
50891411
50891437
50891483
50891509
50891543
50891569
50891573
50891597
50891611
50891641
50891719
50891767
50891791
50891803
50891809
50891831
50891837
50891849
50891887
50891921
50891941
50891959
50891969
50892041
50892047
50892053
50892073
50892119
50892133
50892139
50892143
50892151
50892157
50892167
50892217
50892221
50892223
50892229
50892277
50892287
50892293
50892299
50892319
50892343
50892367
50892371
50892383
50892433
50892449
50892473
50892503
50892547
50892551
50892563
50892571
50892581
50892599
50892617
50892619
50892631
50892637
50892661
50892671
50892707
50892733
50892763
50892823
50892839
50892847
50892913
50892937
50892949
50892953
50893009
50893033
50893049
50893061
50893109
50893111
50893127
50893163
50893207
50893211
50893217
50893247
50893261
50893307
50893309
50893333
50893391
50893421
50893429
50893441
50893481
50893501
50893541
50893543
50893559
50893573
50893589
50893607
50893613
50893651
50893663
50893679
50893681
50893693
50893697
50893747
50893757
50893769
50893771
50893783
50893789
50893793
50893823
50893831
50893861
50893873
50893879
50893889
50893961
50893991
50894003
50894017
50894047
50894083
50894087
50894089
50894111
50894131
50894197
50894201
50894273
50894287
50894299
50894303
50894317
50894323
50894341
50894357
50894381
50894411
50894429
50894461
50894471
50894477
50894497
50894509
50894513
50894527
50894539
50894551
50894581
50894603
50894609
50894633
50894689
50894693
50894707
50894713
50894729
50894771
50894783
50894803
50894813
50894827
50894867
50894887
50894897
50894911
50894947
50894951
50894953
50894959
50894983
50895023
50895037
50895041
50895073
50895079
50895083
50895107
50895121
50895151
50895157
50895179
50895181
50895191
50895217
50895223
50895259
50895269
50895307
50895311
50895323
50895329
50895349
50895353
50895373
50895409
50895431
50895437
50895457
50895463
50895469
50895491
50895503
50895557
50895589
50895601
50895613
50895641
50895659
50895709
50895731
50895743
50895749
50895751
50895781
50895787
50895791
50895799
50895809
50895811
50895839
50895857
50895863
50895869
50895881
50895917
50895973
50895983
50896007
50896009
50896019
50896031
50896039
50896049
50896051
50896057
50896093
50896121
50896169
50896177
50896187
50896207
50896213
50896229
50896259
50896277
50896297
50896301
50896319
50896333
50896357
50896361
50896367
50896381
50896397
50896429
50896471
50896499
50896501
50896511
50896529
50896541
50896553
50896567
50896603
50896607
50896613
50896633
50896663
50896667
50896771
50896819
50896831
50896843
50896873
50896883
50896891
50896897
50896921
50896927
50896931
50896933
50896939
50896973
50896981
50897017
50897023
50897057
50897069
50897087
50897111
50897129
50897191
50897207
50897261
50897263
50897339
50897351
50897369
50897387
50897401
50897417
50897449
50897477
50897479
50897519
50897521
50897531
50897579
50897611
50897617
50897621
50897641
50897669
50897701
50897719
50897723
50897741
50897771
50897773
50897797
50897807
50897809
50897857
50897879
50897887
50897897
50897911
50897921
50897923
50897969
50897971
50897981
50897989
50898049
50898077
50898101
50898109
50898139
50898163
50898193
50898203
50898223
50898247
50898259
50898269
50898271
50898293
50898319
50898329
50898349
50898361
50898383
50898389
50898413
50898431
50898433
50898443
50898457
50898469
50898521
50898553
50898577
50898581
50898613
50898619
50898623
50898641
50898649
50898677
50898691
50898719
50898737
50898763
50898779
50898781
50898803
50898817
50898821
50898851
50898889
50898893
50898899
50898919
50898923
50898943
50898997
50899021
50899033
50899039
50899049
50899063
50899067
50899091
50899097
50899099
50899103
50899111
50899127
50899129
50899213
50899249
50899259
50899273
50899279
50899283
50899307
50899313
50899337
50899339
50899349
50899361
50899393
50899397
50899417
50899421
50899447
50899507
50899523
50899561
50899567
50899609
50899619
50899627
50899643
50899661
50899711
50899729
50899733
50899757
50899777
50899787
50899789
50899811
50899813
50899837
50899867
50899883
50899889
50899909
50899939
50899951
50899957
50899963
50900009
50900011
50900027
50900063
50900077
50900093
50900099
50900119
50900131
50900153
50900177
50900207
50900237
50900243
50900251
50900273
50900279
50900287
50900309
50900321
50900323
50900327
50900351
50900359
50900371
50900383
50900387
50900401
50900407
50900429
50900453
50900461
50900467
50900471
50900513
50900581
50900599
50900609
50900611
50900623
50900687
50900693
50900719
50900743
50900747
50900749
50900761
50900767
50900797
50900807
50900819
50900821
50900833
50900851
50900881
50900897
50900903
50900911
50900917
50900923
50900939
50900957
50900959
50901017
50901029
50901031
50901073
50901079
50901089
50901167
50901187
50901211
50901217
50901251
50901259
50901269
50901289
50901299
50901317
50901337
50901343
50901353
50901371
50901373
50901397
50901401
50901407
50901419
50901439
50901443
50901449
50901457
50901481
50901509
50901547
50901559
50901563
50901577
50901607
50901629
50901667
50901671
50901679
50901701
50901733
50901743
50901749
50901761
50901769
50901811
50901821
50901853
50901857
50901871
50901881
50901887
50901911
50901919
50901923
50901937
50901947
50901979
50901997
50902009
50902043
50902057
50902079
50902099
50902109
50902123
50902169
50902177
50902183
50902193
50902211
50902231
50902249
50902259
50902297
50902331
50902367
50902391
50902429
50902433
50902447
50902469
50902477
50902493
50902499
50902507
50902541
50902547
50902561
50902567
50902613
50902619
50902661
50902667
50902693
50902699
50902711
50902717
50902723
50902727
50902741
50902757
50902759
50902763
50902783
50902793
50902799
50902829
50902903
50902931
50902963
50902967
50902991
50903057
50903093
50903101
50903113
50903129
50903131
50903143
50903189
50903201
50903221
50903227
50903239
50903243
50903249
50903257
50903269
50903291
50903311
50903339
50903351
50903353
50903383
50903417
50903429
50903441
50903473
50903477
50903507
50903533
50903537
50903617
50903621
50903689
50903753
50903777
50903803
50903819
50903821
50903833
50903851
50903863
50903911
50903917
50903921
50903927
50903929
50903969
50903999
50904011
50904023
50904031
50904041
50904047
50904071
50904109
50904179
50904223
50904233
50904241
50904253
50904257
50904277
50904281
50904299
50904311
50904319
50904323
50904349
50904379
50904407
50904419
50904421
50904461
50904479
50904547
50904569
50904571
50904583
50904587
50904593
50904611
50904617
50904653
50904661
50904691
50904701
50904709
50904757
50904769
50904793
50904803
50904829
50904839
50904869
50904877
50904881
50904907
50904923
50904937
50904949
50904961
50904989
50905013
50905027
50905039
50905073
50905079
50905087
50905091
50905093
50905103
50905133
50905139
50905177
50905181
50905189
50905201
50905213
50905219
50905223
50905243
50905319
50905331
50905333
50905339
50905343
50905363
50905369
50905409
50905457
50905499
50905513
50905529
50905549
50905577
50905583
50905619
50905637
50905663
50905669
50905681
50905691
50905703
50905711
50905721
50905727
50905733
50905741
50905763
50905801
50905843
50905847
50905859
50905861
50905867
50905879
50905889
50905909
50905913
50905927
50905949
50905957
50905993
50906021
50906033
50906047
50906059
50906081
50906083
50906101
50906137
50906171
50906173
50906201
50906221
50906227
50906231
50906237
50906239
50906243
50906249
50906287
50906293
50906327
50906329
50906351
50906353
50906357
50906407
50906417
50906423
50906489
50906497
50906501
50906507
50906509
50906563
50906579
50906587
50906591
50906599
50906627
50906651
50906689
50906701
50906717
50906741
50906747
50906753
50906771
50906809
50906813
50906827
50906831
50906837
50906851
50906873
50906887
50906903
50906923
50906927
50906939
50906957
50906963
50906983
50906987
50907007
50907011
50907037
50907049
50907097
50907107
50907113
50907127
50907133
50907139
50907149
50907161
50907167
50907169
50907173
50907193
50907217
50907223
50907229
50907253
50907317
50907319
50907323
50907341
50907359
50907379
50907391
50907397
50907427
50907433
50907457
50907463
50907473
50907509
50907511
50907529
50907547
50907551
50907553
50907581
50907587
50907589
50907601
50907607
50907629
50907643
50907653
50907709
50907751
50907761
50907767
50907793
50907799
50907833
50907839
50907851
50907863
50907881
50907887
50907889
50907907
50907917
50907929
50907949
50907953
50907971
50908009
50908027
50908031
50908051
50908057
50908063
50908093
50908103
50908111
50908171
50908261
50908279
50908283
50908289
50908301
50908309
50908313
50908339
50908367
50908373
50908399
50908423
50908433
50908439
50908441
50908463
50908477
50908493
50908531
50908549
50908553
50908577
50908589
50908597
50908621
50908643
50908679
50908687
50908699
50908721
50908751
50908763
50908769
50908783
50908817
50908841
50908859
50908909
50908933
50908951
50908969
50908993
50908997
50909009
50909011
50909039
50909069
50909087
50909107
50909147
50909149
50909171
50909207
50909263
50909267
50909269
50909317
50909323
50909329
50909359
50909363
50909393
50909399
50909429
50909437
50909459
50909473
50909479
50909483
50909491
50909497
50909527
50909567
50909581
50909591
50909633
50909647
50909687
50909701
50909717
50909731
50909737
50909753
50909779
50909791
50909813
50909827
50909857
50909897
50909899
50909909
50909939
50909941
50909983
50910011
50910031
50910037
50910043
50910061
50910073
50910077
50910131
50910163
50910169
50910179
50910193
50910217
50910221
50910227
50910239
50910269
50910271
50910281
50910287
50910289
50910311
50910313
50910361
50910371
50910383
50910407
50910421
50910437
50910473
50910487
50910491
50910511
50910533
50910551
50910571
50910577
50910583
50910599
50910611
50910619
50910637
50910641
50910647
50910653
50910659
50910679
50910683
50910701
50910703
50910721
50910749
50910757
50910781
50910787
50910791
50910803
50910809
50910833
50910877
50910887
50910901
50910913
50910919
50910941
50910949
50910953
50910961
50910967
50910989
50910991
50911033
50911043
50911057
50911061
50911067
50911087
50911099
50911187
50911193
50911219
50911247
50911249
50911253
50911261
50911283
50911291
50911303
50911307
50911309
50911319
50911321
50911337
50911339
50911369
50911403
50911409
50911411
50911439
50911451
50911459
50911477
50911537
50911543
50911547
50911573
50911577
50911589
50911639
50911657
50911687
50911691
50911723
50911727
50911739
50911789
50911793
50911801
50911813
50911823
50911831
50911837
50911877
50911891
50911897
50911901
50911921
50911933
50911969
50912009
50912011
50912051
50912053
50912083
50912101
50912107
50912123
50912143
50912149
50912167
50912177
50912209
50912219
50912227
50912231
50912237
50912243
50912249
50912269
50912273
50912287
50912291
50912299
50912321
50912341
50912357
50912377
50912417
50912437
50912453
50912479
50912507
50912527
50912551
50912567
50912579
50912599
50912623
50912627
50912669
50912677
50912699
50912711
50912753
50912767
50912779
50912783
50912801
50912803
50912833
50912839
50912843
50912861
50912879
50912921
50912933
50912957
50912959
50912971
50912993
50913001
50913017
50913029
50913043
50913089
50913097
50913127
50913133
50913139
50913143
50913169
50913197
50913199
50913211
50913227
50913257
50913277
50913307
50913311
50913371
50913409
50913413
50913433
50913437
50913463
50913479
50913481
50913491
50913503
50913509
50913581
50913601
50913617
50913659
50913689
50913701
50913713
50913719
50913773
50913781
50913803
50913809
50913817
50913823
50913829
50913851
50913853
50913859
50913869
50913883
50913953
50913971
50913983
50914007
50914043
50914049
50914093
50914147
50914153
50914159
50914177
50914181
50914187
50914189
50914219
50914231
50914261
50914267
50914271
50914273
50914289
50914309
50914327
50914351
50914373
50914379
50914399
50914417
50914421
50914429
50914447
50914519
50914529
50914561
50914603
50914613
50914637
50914649
50914673
50914697
50914733
50914753
50914763
50914777
50914783
50914819
50914837
50914859
50914861
50914867
50914891
50914909
50914921
50914937
50914951
50914961
50914973
50914979
50914991
50915021
50915027
50915069
50915083
50915087
50915089
50915101
50915107
50915129
50915141
50915143
50915159
50915273
50915279
50915309
50915339
50915341
50915467
50915471
50915477
50915479
50915509
50915519
50915521
50915533
50915549
50915551
50915581
50915587
50915597
50915621
50915651
50915693
50915699
50915701
50915707
50915713
50915719
50915729
50915747
50915771
50915773
50915791
50915797
50915807
50915819
50915831
50915849
50915863
50915897
50915903
50915929
50915933
50915939
50915947
50916007
50916049
50916059
50916077
50916079
50916097
50916109
50916121
50916133
50916179
50916191
50916193
50916197
50916247
50916269
50916289
50916391
50916421
50916427
50916487
50916491
50916497
50916499
50916521
50916559
50916631
50916643
50916653
50916659
50916667
50916689
50916703
50916707
50916709
50916731
50916739
50916743
50916763
50916769
50916821
50916863
50916881
50916889
50916893
50916907
50916923
50916937
50916947
50916977
50916997
50917007
50917021
50917037
50917051
50917079
50917081
50917103
50917109
50917129
50917133
50917171
50917183
50917189
50917199
50917201
50917219
50917267
50917271
50917313
50917319
50917327
50917333
50917369
50917381
50917393
50917409
50917421
50917441
50917459
50917487
50917501
50917519
50917543
50917553
50917583
50917597
50917627
50917631
50917639
50917673
50917679
50917693
50917709
50917733
50917747
50917751
50917753
50917759
50917781
50917793
50917807
50917817
50917819
50917829
50917849
50917861
50917871
50917877
50917897
50917963
50917973
50917987
50917991
50918017
50918033
50918041
50918051
50918059
50918069
50918123
50918177
50918183
50918201
50918207
50918221
50918227
50918311
50918323
50918339
50918363
50918447
50918453
50918471
50918473
50918477
50918479
50918503
50918509
50918557
50918561
50918563
50918599
50918617
50918633
50918669
50918671
50918683
50918717
50918729
50918737
50918753
50918767
50918779
50918827
50918831
50918869
50918873
50918891
50918899
50918909
50918911
50918921
50918929
50918951
50918963
50919013
50919017
50919047
50919059
50919073
50919103
50919109
50919133
50919139
50919161
50919173
50919229
50919257
50919287
50919313
50919343
50919347
50919359
50919361
50919433
50919443
50919503
50919527
50919551
50919553
50919571
50919599
50919613
50919619
50919637
50919647
50919691
50919703
50919751
50919793
50919797
50919863
50919877
50919889
50919893
50919901
50919917
50919923
50919929
50919971
50919977
50919983
50920013
50920039
50920063
50920081
50920097
50920099
50920109
50920139
50920153
50920157
50920169
50920217
50920231
50920241
50920249
50920273
50920283
50920313
50920327
50920343
50920349
50920357
50920381
50920447
50920453
50920487
50920517
50920537
50920567
50920577
50920579
50920591
50920609
50920613
50920619
50920637
50920663
50920687
50920691
50920699
50920721
50920733
50920747
50920759
50920783
50920799
50920801
50920813
50920847
50920907
50920921
50920937
50920939
50920943
50920949
50921021
50921027
50921033
50921041
50921047
50921063
50921093
50921107
50921111
50921147
50921179
50921183
50921191
50921201
50921231
50921237
50921249
50921279
50921281
50921293
50921323
50921327
50921329
50921359
50921447
50921459
50921461
