52428841
52428853
52428869
52428913
52428917
52428953
52428973
52428977
52429007
52429019
52429021
52429033
52429043
52429049
52429057
52429067
52429081
52429087
52429093
52429103
52429123
52429133
52429141
52429147
52429177
52429193
52429211
52429231
52429249
52429297
52429387
52429409
52429423
52429451
52429457
52429459
52429511
52429519
52429541
52429543
52429579
52429589
52429603
52429613
52429621
52429639
52429661
52429687
52429733
52429739
52429757
52429787
52429813
52429829
52429831
52429837
52429843
52429847
52429849
52429877
52429901
52429967
52429969
52429997
52430003
52430011
52430033
52430111
52430129
52430137
52430141
52430143
52430153
52430219
52430233
52430249
52430251
52430263
52430281
52430297
52430327
52430351
52430377
52430387
52430407
52430419
52430437
52430449
52430461
52430467
52430473
52430479
52430491
52430507
52430509
52430549
52430551
52430569
52430603
52430611
52430629
52430647
52430657
52430681
52430683
52430687
52430713
52430767
52430779
52430801
52430821
52430831
52430857
52430867
52430893
52430909
52430971
52430981
52430993
52431011
52431023
52431031
52431073
52431079
52431121
52431131
52431167
52431173
52431187
52431227
52431229
52431263
52431271
52431287
52431293
52431343
52431347
52431359
52431361
52431371
52431373
52431397
52431409
52431419
52431433
52431499
52431521
52431527
52431539
52431541
52431557
52431647
52431653
52431667
52431703
52431713
52431727
52431733
52431737
52431751
52431767
52431793
52431803
52431809
52431829
52431853
52431857
52431871
52431901
52431917
52431941
52431949
52431959
52431979
52431991
52432021
52432027
52432049
52432073
52432103
52432109
52432169
52432207
52432243
52432271
52432273
52432279
52432313
52432327
52432333
52432337
52432349
52432363
52432397
52432421
52432447
52432453
52432463
52432487
52432517
52432519
52432547
52432559
52432561
52432579
52432591
52432621
52432631
52432637
52432657
52432661
52432669
52432693
52432703
52432729
52432739
52432759
52432771
52432813
52432829
52432901
52432903
52432909
52432943
52432949
52432967
52432969
52432979
52432987
52432999
52433021
52433041
52433047
52433063
52433071
52433081
52433111
52433113
52433119
52433167
52433177
52433191
52433197
52433201
52433203
52433207
52433209
52433233
52433237
52433239
52433263
52433273
52433279
52433299
52433333
52433357
52433393
52433401
52433413
52433419
52433453
52433467
52433471
52433501
52433503
52433519
52433533
52433581
52433609
52433611
52433639
52433651
52433659
52433663
52433669
52433671
52433681
52433683
52433701
52433743
52433753
52433789
52433807
52433809
52433851
52433861
52433891
52433897
52433963
52433981
52433987
52434007
52434017
52434037
52434061
52434077
52434097
52434101
52434127
52434131
52434149
52434163
52434169
52434199
52434211
52434241
52434247
52434257
52434259
52434323
52434377
52434379
52434383
52434413
52434419
52434451
52434467
52434479
52434491
52434497
52434527
52434533
52434541
52434583
52434589
52434607
52434619
52434631
52434637
52434643
52434677
52434689
52434691
52434713
52434719
52434731
52434757
52434769
52434773
52434791
52434793
52434797
52434799
52434829
52434847
52434853
52434869
52434913
52434947
52434979
52434989
52434997
52435063
52435069
52435087
52435091
52435169
52435171
52435177
52435211
52435217
52435241
52435249
52435289
52435303
52435309
52435319
52435321
52435337
52435349
52435373
52435489
52435511
52435529
52435541
52435543
52435553
52435577
52435627
52435631
52435637
52435639
52435693
52435703
52435717
52435751
52435753
52435759
52435811
52435813
52435819
52435841
52435853
52435897
52435913
52435927
52435979
52435987
52436003
52436011
52436017
52436023
52436039
52436047
52436051
52436063
52436077
52436093
52436101
52436117
52436129
52436173
52436183
52436207
52436213
52436227
52436231
52436261
52436281
52436299
52436311
52436317
52436327
52436341
52436353
52436359
52436369
52436383
52436401
52436429
52436431
52436441
52436453
52436459
52436467
52436471
52436477
52436507
52436509
52436513
52436533
52436543
52436563
52436569
52436591
52436597
52436623
52436627
52436641
52436647
52436693
52436701
52436719
52436723
52436729
52436771
52436801
52436821
52436833
52436851
52436893
52436897
52436911
52436921
52436927
52436933
52436971
52436983
52436999
52437001
52437013
52437019
52437031
52437037
52437043
52437053
52437071
52437083
52437113
52437127
52437181
52437199
52437239
52437241
52437269
52437271
52437313
52437323
52437361
52437373
52437377
52437391
52437439
52437457
52437479
52437487
52437527
52437533
52437557
52437559
52437577
52437601
52437629
52437641
52437653
52437659
52437661
52437727
52437731
52437733
52437757
52437761
52437779
52437787
52437793
52437799
52437839
52437841
52437863
52437881
52437883
52437899
52437901
52437923
52437937
52437943
52437949
52437971
52438007
52438031
52438033
52438049
52438063
52438069
52438073
52438093
52438109
52438117
52438151
52438159
52438171
52438181
52438193
52438201
52438207
52438219
52438237
52438247
52438249
52438259
52438277
52438279
52438301
52438307
52438313
52438327
52438333
52438343
52438357
52438403
52438411
52438439
52438447
52438513
52438559
52438619
52438621
52438627
52438637
52438649
52438697
52438709
52438733
52438769
52438811
52438817
52438831
52438843
52438849
52438891
52438921
52438933
52438943
52438961
52438979
52439017
52439029
52439063
52439071
52439083
52439131
52439143
52439161
52439201
52439227
52439281
52439293
52439311
52439327
52439329
52439341
52439347
52439363
52439371
52439381
52439417
52439437
52439459
52439467
52439479
52439521
52439531
52439537
52439539
52439549
52439551
52439561
52439579
52439599
52439603
52439633
52439657
52439659
52439683
52439689
52439711
52439719
52439729
52439771
52439831
52439851
52439857
52439869
52439873
52439899
52439903
52439909
52439911
52439927
52439953
52439969
52439987
52439993
52440001
52440007
52440067
52440097
52440119
52440131
52440173
52440187
52440191
52440221
52440229
52440239
52440259
52440277
52440301
52440329
52440331
52440341
52440347
52440371
52440389
52440403
52440413
52440467
52440469
52440481
52440503
52440511
52440533
52440539
52440547
52440571
52440601
52440617
52440629
52440637
52440643
52440649
52440659
52440683
52440697
52440709
52440719
52440721
52440781
52440799
52440821
52440827
52440841
52440853
52440863
52440887
52440889
52440901
52440919
52440923
52440991
52441027
52441031
52441043
52441087
52441117
52441133
52441139
52441157
52441163
52441171
52441177
52441187
52441199
52441201
52441217
52441223
52441241
52441253
52441261
52441267
52441289
52441303
52441339
52441351
52441373
52441391
52441393
52441397
52441421
52441427
52441439
52441453
52441471
52441489
52441511
52441531
52441561
52441573
52441589
52441591
52441607
52441699
52441709
52441717
52441721
52441723
52441769
52441783
52441793
52441849
52441861
52441867
52441901
52441931
52441943
52441967
52441981
52441999
52442003
52442011
52442077
52442087
52442099
52442113
52442119
52442123
52442171
52442191
52442197
52442207
52442213
52442219
52442227
52442267
52442279
52442287
52442293
52442303
52442309
52442317
52442329
52442363
52442417
52442419
52442443
52442473
52442497
52442503
52442521
52442549
52442557
52442581
52442591
52442597
52442623
52442629
52442651
52442683
52442693
52442713
52442743
52442771
52442777
52442821
52442827
52442839
52442849
52442851
52442857
52442879
52442911
52442939
52442959
52443007
52443029
52443031
52443037
52443043
52443071
52443073
52443077
52443109
52443119
52443137
52443143
52443229
52443239
52443247
52443263
52443277
52443299
52443323
52443331
52443343
52443353
52443371
52443409
52443421
52443431
52443437
52443451
52443481
52443491
52443527
52443557
52443577
52443581
52443593
52443607
52443613
52443631
52443641
52443673
52443683
52443701
52443707
52443709
52443719
52443731
52443733
52443767
52443773
52443779
52443791
52443817
52443823
52443851
52443893
52443899
52443901
52443907
52443917
52443959
52443967
52443973
52443991
52444001
52444039
52444081
52444087
52444111
52444121
52444127
52444129
52444141
52444153
52444159
52444177
52444187
52444211
52444243
52444291
52444309
52444319
52444321
52444331
52444349
52444361
52444397
52444411
52444417
52444421
52444423
52444459
52444517
52444519
52444537
52444597
52444603
52444619
52444627
52444631
52444661
52444663
52444709
52444723
52444727
52444729
52444739
52444741
52444747
52444757
52444771
52444783
52444787
52444801
52444817
52444823
52444829
52444849
52444859
52444877
52444897
52444939
52444943
52444967
52444969
52444981
52445033
52445039
52445059
52445069
52445101
52445131
52445161
52445167
52445179
52445189
52445201
52445203
52445207
52445213
52445227
52445287
52445291
52445303
52445321
52445347
52445383
52445387
52445411
52445429
52445483
52445489
52445507
52445531
52445551
52445557
52445579
52445581
52445593
52445621
52445623
52445633
52445647
52445671
52445689
52445699
52445711
52445741
52445753
52445759
52445797
52445801
52445803
52445821
52445839
52445851
52445857
52445879
52445881
52445933
52445959
52445963
52445971
52445977
52445993
52446019
52446029
52446073
52446077
52446083
52446089
52446101
52446127
52446143
52446167
52446211
52446223
52446227
52446253
52446263
52446281
52446293
52446311
52446341
52446347
52446419
52446439
52446487
52446497
52446533
52446571
52446607
52446613
52446629
52446731
52446781
52446817
52446847
52446937
52446941
52446943
52446967
52446983
52446991
52447037
52447039
52447067
52447079
52447121
52447123
52447127
52447139
52447141
52447151
52447169
52447177
52447189
52447217
52447223
52447237
52447243
52447247
52447249
52447259
52447267
52447271
52447279
52447289
52447303
52447313
52447327
52447331
52447349
52447379
52447393
52447411
52447427
52447453
52447459
52447477
52447489
52447517
52447523
52447529
52447531
52447559
52447561
52447607
52447673
52447679
52447693
52447697
52447699
52447709
52447711
52447721
52447727
52447729
52447741
52447777
52447781
52447819
52447823
52447849
52447883
52447931
52447957
52448029
52448047
52448057
52448087
52448093
52448101
52448117
52448141
52448147
52448161
52448167
52448183
52448219
52448239
52448243
52448251
52448267
52448273
52448299
52448317
52448353
52448359
52448377
52448399
52448419
52448437
52448467
52448479
52448483
52448503
52448507
52448537
52448567
52448629
52448633
52448657
52448659
52448677
52448701
52448707
52448719
52448743
52448749
52448761
52448771
52448783
52448819
52448839
52448843
52448897
52448899
52448917
52448923
52448953
52448971
52448989
52449013
52449041
52449073
52449077
52449079
52449143
52449157
52449181
52449247
52449263
52449281
52449283
52449307
52449311
52449323
52449343
52449347
52449359
52449451
52449479
52449497
52449503
52449517
52449547
52449559
52449563
52449571
52449583
52449587
52449623
52449629
52449647
52449653
52449679
52449703
52449707
52449721
52449731
52449769
52449779
52449797
52449841
52449853
52449863
52449883
52449907
52449949
52449961
52450003
52450031
52450061
52450081
52450129
52450133
52450147
52450159
52450199
52450207
52450243
52450247
52450249
52450283
52450289
52450291
52450309
52450339
52450367
52450379
52450417
52450441
52450451
52450471
52450483
52450493
52450499
52450513
52450537
52450547
52450561
52450579
52450609
52450631
52450639
52450663
52450679
52450693
52450703
52450751
52450777
52450799
52450807
52450813
52450817
52450843
52450877
52450891
52450897
52450901
52450913
52450921
52450949
52450961
52450991
52450997
52451029
52451041
52451051
52451057
52451071
52451081
52451093
52451131
52451141
52451143
52451149
52451167
52451207
52451213
52451249
52451251
52451279
52451299
52451327
52451353
52451359
52451363
52451369
52451383
52451393
52451429
52451437
52451453
52451461
52451471
52451491
52451501
52451543
52451557
52451591
52451599
52451603
52451627
52451629
52451639
52451653
52451689
52451699
52451713
52451717
52451719
52451743
52451759
52451797
52451801
52451827
52451831
52451843
52451849
52451869
52451879
52451899
52451909
52451921
52452011
52452013
52452019
52452077
52452083
52452091
52452109
52452137
52452163
52452181
52452187
52452241
52452247
52452251
52452263
52452289
52452299
52452307
52452311
52452317
52452319
52452349
52452353
52452391
52452401
52452409
52452419
52452427
52452437
52452451
52452461
52452467
52452469
52452479
52452481
52452487
52452541
52452551
52452553
52452557
52452583
52452607
52452637
52452649
52452661
52452671
52452689
52452703
52452709
52452731
52452737
52452739
52452781
52452797
52452809
52452821
52452823
52452859
52452877
52452887
52452923
52452931
52452941
52452979
52453001
52453019
52453033
52453043
52453057
52453067
52453073
52453127
52453139
52453151
52453169
52453171
52453189
52453213
52453217
52453223
52453241
52453253
52453267
52453273
52453337
52453361
52453367
52453369
52453399
52453403
52453439
52453459
52453463
52453469
52453487
52453559
52453567
52453573
52453589
52453603
52453613
52453627
52453631
52453649
52453651
52453657
52453691
52453693
52453703
52453711
52453741
52453747
52453781
52453783
52453799
52453847
52453879
52453897
52453913
52453943
52453949
52453969
52453987
52453991
52454029
52454033
52454057
52454063
52454071
52454107
52454111
52454131
52454137
52454159
52454167
52454173
52454177
52454203
52454221
52454239
52454251
52454279
52454287
52454321
52454357
52454371
52454377
52454443
52454473
52454477
52454483
52454509
52454527
52454557
52454579
52454581
52454603
52454629
52454663
52454671
52454719
52454723
52454747
52454771
52454777
52454783
52454791
52454849
52454851
52454861
52454869
52454873
52454879
52454887
52454893
52454923
52454929
52454947
52454951
52454957
52454989
52454999
52455041
52455043
52455089
52455103
52455121
52455133
52455163
52455167
52455173
52455209
52455223
52455239
52455241
52455281
52455283
52455349
52455367
52455373
52455397
52455401
52455407
52455449
52455457
52455463
52455467
52455511
52455521
52455553
52455569
52455587
52455593
52455607
52455629
52455631
52455701
52455703
52455719
52455721
52455731
52455749
52455773
52455817
52455833
52455857
52455859
52455877
52455889
52455919
52455929
52455947
52455961
52455971
52456021
52456037
52456039
52456051
52456091
52456111
52456147
52456181
52456211
52456219
52456223
52456241
52456289
52456297
52456303
52456363
52456403
52456421
52456423
52456463
52456483
52456489
52456501
52456529
52456571
52456627
52456631
52456637
52456661
52456667
52456687
52456699
52456759
52456763
52456769
52456837
52456897
52456903
52456907
52456927
52456931
52456933
52456949
52456981
52456993
52457003
52457017
52457051
52457063
52457107
52457117
52457129
52457131
52457137
52457159
52457173
52457213
52457221
52457263
52457267
52457269
52457281
52457297
52457299
52457323
52457329
52457341
52457369
52457381
52457413
52457473
52457479
52457497
52457507
52457513
52457519
52457557
52457567
52457599
52457609
52457623
52457633
52457653
52457663
52457677
52457681
52457693
52457701
52457707
52457719
52457759
52457761
52457773
52457777
52457789
52457791
52457809
52457813
52457833
52457837
52457849
52457857
52457929
52457941
52457953
52457981
52457989
52458023
52458037
52458047
52458053
52458079
52458083
52458089
52458097
52458121
52458143
52458149
52458163
52458167
52458173
52458199
52458223
52458299
52458313
52458337
52458359
52458391
52458397
52458401
52458403
52458451
52458463
52458467
52458503
52458517
52458529
52458551
52458587
52458619
52458631
52458641
52458671
52458673
52458683
52458689
52458691
52458697
52458713
52458733
52458737
52458773
52458793
52458811
52458853
52458863
52458869
52458871
52458899
52458907
52458911
52458937
52458949
52458961
52458971
52458979
52459009
52459039
52459051
52459063
52459073
52459079
52459087
52459103
52459111
52459123
52459129
52459151
52459157
52459217
52459243
52459259
52459271
52459279
52459291
52459301
52459307
52459313
52459321
52459349
52459357
52459387
52459391
52459423
52459457
52459493
52459499
52459507
52459529
52459571
52459591
52459597
52459607
52459633
52459669
52459679
52459691
52459697
52459723
52459733
52459751
52459769
52459793
52459837
52459879
52459889
52459907
52459921
52459937
52459963
52459991
52459997
52460003
52460021
52460041
52460087
52460119
52460141
52460143
52460167
52460173
52460179
52460189
52460203
52460207
52460227
52460237
52460257
52460293
52460299
52460321
52460323
52460327
52460329
52460357
52460371
52460393
52460431
52460459
52460477
52460479
52460483
52460491
52460519
52460533
52460537
52460543
52460557
52460563
52460581
52460593
52460599
52460609
52460627
52460651
52460687
52460741
52460747
52460761
52460791
52460803
52460809
52460813
52460839
52460851
52460867
52460899
52460911
52460917
52460921
52460927
52460951
52461007
52461107
52461113
52461151
52461179
52461193
52461197
52461239
52461313
52461323
52461341
52461347
52461421
52461433
52461457
52461481
52461491
52461503
52461511
52461529
52461557
52461569
52461571
52461589
52461599
52461611
52461631
52461637
52461649
52461653
52461683
52461709
52461749
52461791
52461803
52461833
52461853
52461859
52461863
52461883
52461887
52461901
52461911
52461923
52461953
52461973
52461977
52461979
52461991
52462019
52462037
52462061
52462063
52462079
52462087
52462093
52462099
52462133
52462141
52462147
52462169
52462177
52462183
52462219
52462237
52462259
52462301
52462321
52462327
52462343
52462351
52462373
52462381
52462409
52462433
52462441
52462457
52462489
52462511
52462519
52462523
52462577
52462589
52462601
52462603
52462621
52462639
52462679
52462687
52462699
52462703
52462717
52462759
52462771
52462807
52462831
52462871
52462897
52462913
52462937
52462939
52462961
52462973
52463027
52463039
52463041
52463051
52463083
52463087
52463119
52463141
52463167
52463171
52463179
52463227
52463239
52463261
52463287
52463293
52463297
52463321
52463353
52463381
52463401
52463419
52463423
52463429
52463441
52463443
52463459
52463473
52463497
52463519
52463539
52463549
52463557
52463561
52463597
52463623
52463659
52463681
52463707
52463737
52463767
52463773
52463777
52463779
52463791
52463837
52463839
52463849
52463861
52463863
52463867
52463869
52463903
52463909
52463951
52463953
52463963
52463981
52464001
52464019
52464031
52464037
52464067
52464107
52464163
52464197
52464199
52464229
52464239
52464259
52464289
52464323
52464353
52464407
52464421
52464427
52464437
52464439
52464457
52464469
52464481
52464523
52464547
52464569
52464571
52464593
52464623
52464637
52464649
52464661
52464677
52464691
52464701
52464733
52464739
52464743
52464749
52464793
52464809
52464827
52464851
52464899
52464901
52464911
52464913
52464917
52464961
52464991
52465003
52465013
52465033
52465067
52465073
52465103
52465121
52465123
52465129
52465141
52465169
52465249
52465267
52465271
52465279
52465333
52465339
52465367
52465381
52465393
52465397
52465421
52465447
52465453
52465463
52465529
52465577
52465579
52465603
52465613
52465649
52465661
52465687
52465697
52465703
52465709
52465729
52465769
52465781
52465793
52465799
52465801
52465823
52465837
52465849
52465867
52465873
52465909
52465913
52465939
52465943
52465957
52465969
52466009
52466027
52466041
52466047
52466069
52466081
52466083
52466093
52466119
52466129
52466137
52466143
52466171
52466189
52466203
52466213
52466221
52466251
52466257
52466269
52466287
52466299
52466311
52466317
52466339
52466389
52466411
52466431
52466441
52466443
52466459
52466489
52466497
52466501
52466503
52466521
52466537
52466569
52466639
52466653
52466669
52466671
52466677
52466681
52466693
52466717
52466719
52466723
52466741
52466759
52466789
52466797
52466803
52466831
52466833
52466881
52466903
52466927
52466951
52466969
52467001
52467007
52467017
52467029
52467031
52467047
52467053
52467089
52467091
52467101
52467109
52467157
52467161
52467179
52467197
52467199
52467257
52467263
52467269
52467271
52467277
52467313
52467319
52467323
52467329
52467391
52467451
52467473
52467523
52467529
52467533
52467539
52467551
52467617
52467619
52467631
52467677
52467691
52467707
52467731
52467733
52467749
52467787
52467799
52467809
52467847
52467871
52467937
52467941
52467971
52467973
52467977
52467983
52467997
52468007
52468019
52468033
52468057
52468061
52468067
52468133
52468147
52468153
52468159
52468189
52468193
52468211
52468217
52468231
52468271
52468277
52468289
52468327
52468363
52468373
52468379
52468391
52468393
52468411
52468439
52468441
52468447
52468457
52468459
52468487
52468489
52468547
52468573
52468597
52468609
52468639
52468657
52468673
52468679
52468721
52468733
52468739
52468753
52468769
52468777
52468831
52468837
52468853
52468879
52468903
52468931
52468939
52468963
52468979
52468981
52469023
52469041
52469047
52469057
52469059
52469069
52469083
52469093
52469101
52469111
52469117
52469147
52469171
52469201
52469237
52469251
52469273
52469281
52469297
52469309
52469341
52469353
52469359
52469369
52469411
52469423
52469449
52469471
52469477
52469489
52469513
52469533
52469551
52469569
52469579
52469609
52469653
52469713
52469723
52469731
52469741
52469749
52469779
52469783
52469827
52469839
52469869
52469899
52469953
52469971
52469981
52469987
52470013
52470031
52470043
52470079
52470101
52470127
52470133
52470151
52470167
52470203
52470227
52470233
52470247
52470281
52470289
52470317
52470323
52470373
52470391
52470413
52470421
52470427
52470433
52470437
52470443
52470461
52470469
52470479
52470487
52470497
52470511
52470527
52470547
52470557
52470601
52470629
52470643
52470661
52470673
52470679
52470697
52470701
52470713
52470731
52470739
52470757
52470779
52470809
52470811
52470827
52470829
52470833
52470853
52470877
52470881
52470893
52470923
52470949
52470953
52470997
52471009
52471031
52471039
52471057
52471079
52471087
52471109
52471151
52471157
52471169
52471171
52471213
52471229
52471253
52471261
52471271
52471273
52471297
52471301
52471337
52471361
52471381
52471399
52471417
52471421
52471429
52471453
52471459
52471477
52471501
52471511
52471543
52471547
52471553
52471577
52471583
52471589
52471603
52471607
52471631
52471637
52471649
52471667
52471669
52471753
52471777
52471781
52471807
52471813
52471829
52471831
52471847
52471849
52471873
52471891
52471897
52471927
52471931
52471943
52471949
52471967
52471981
52471987
52472003
52472009
52472023
52472027
52472033
52472071
52472099
52472117
52472137
52472141
52472153
52472191
52472201
52472213
52472237
52472249
52472263
52472267
52472297
52472309
52472311
52472317
52472359
52472363
52472369
52472389
52472411
52472419
52472447
52472449
52472477
52472501
52472527
52472543
52472551
52472593
52472657
52472663
52472711
52472713
52472731
52472741
52472759
52472767
52472773
52472779
52472807
52472837
52472873
52472879
52472899
52472909
52472921
52472923
52472933
52472947
52472951
52472963
52473017
52473037
52473053
52473059
52473089
52473119
52473131
52473139
52473191
52473199
52473227
52473341
52473353
52473367
52473401
52473403
52473427
52473431
52473433
52473451
52473469
52473517
52473539
52473569
52473583
52473587
52473613
52473623
52473643
52473647
52473677
52473689
52473703
52473721
52473737
52473767
52473779
52473821
52473823
52473829
52473851
52473871
52473919
52473929
52473937
52473943
52473947
52473959
52473983
52473997
52474031
52474073
52474139
52474141
52474153
52474157
52474171
52474211
52474229
52474243
52474259
52474271
52474273
52474283
52474297
52474313
52474321
52474327
52474349
52474361
52474363
52474379
52474397
52474403
52474417
52474439
52474451
52474481
52474501
52474507
52474559
52474567
52474571
52474627
52474633
52474657
52474673
52474727
52474739
52474787
52474819
52474831
52474861
52474883
52474897
52474901
52474927
52474931
52474943
52474951
52474993
52474997
52474999
52475009
52475021
52475051
52475057
52475081
52475083
52475089
52475119
52475147
52475153
52475161
52475183
52475191
52475221
52475237
52475251
52475263
52475273
52475299
52475309
52475317
52475329
52475347
52475383
52475399
52475407
52475411
52475417
52475429
52475431
52475441
52475477
52475483
52475491
52475497
52475537
52475551
52475569
52475597
52475611
52475623
52475629
52475669
52475681
52475699
52475741
52475767
52475771
52475783
52475789
52475803
52475809
52475827
52475833
52475851
52475869
52475893
52475897
52475947
52475959
52475981
52476001
52476031
52476071
52476079
52476089
52476103
52476143
52476173
52476181
52476191
52476199
52476217
52476223
52476227
52476241
52476293
52476329
52476367
52476371
52476377
52476401
52476427
52476443
52476449
52476503
52476509
52476511
52476517
52476533
52476539
52476551
52476553
52476559
52476563
52476601
52476623
52476649
52476659
52476661
52476691
52476703
52476763
52476791
52476839
52476847
52476859
52476877
52476887
52476889
52476913
52476923
52476937
52476947
52476967
52477001
52477021
52477043
52477067
52477109
52477111
52477123
52477127
52477133
52477151
52477199
52477219
52477223
52477241
52477247
52477273
52477319
52477339
52477363
52477429
52477463
52477471
52477489
52477547
52477553
52477631
52477703
52477739
52477741
52477757
52477771
52477781
52477801
52477807
52477811
52477813
52477837
52477847
52477853
52477903
52477937
52477939
52477961
52477969
52477979
52478047
52478059
52478089
52478093
52478119
52478131
52478137
52478141
52478149
52478177
52478213
52478221
52478267
52478297
52478299
52478311
52478329
52478347
52478359
52478369
52478383
52478411
52478417
52478423
52478441
52478449
52478467
52478497
52478501
52478509
52478561
52478563
52478579
52478593
52478599
52478653
52478687
52478689
52478693
52478707
52478737
52478747
52478749
52478819
52478821
52478861
52478863
52478911
52478927
52478929
52478947
52478953
52478981
52479013
52479019
52479029
52479071
52479079
52479101
52479103
52479107
52479127
52479131
52479137
52479151
52479181
52479191
52479211
52479223
52479227
52479253
52479257
52479263
52479269
52479281
52479313
52479341
52479359
52479403
52479407
52479409
52479433
52479461
52479509
52479547
52479551
52479563
52479571
52479611
52479613
52479617
52479659
52479673
52479689
52479761
52479769
52479781
52479787
52479793
52479811
52479857
52479883
52479913
52479923
52479929
52479941
52479943
52479953
52479967
52479991
52480013
52480019
52480027
52480031
52480049
52480063
52480067
52480079
52480091
52480093
52480133
52480163
52480189
52480193
52480213
52480217
52480231
52480249
52480277
52480279
52480291
52480297
52480331
52480349
52480361
52480391
52480399
52480409
52480429
52480447
52480469
52480471
52480481
52480487
52480501
52480523
52480531
52480537
52480543
52480567
52480579
52480607
52480619
52480643
52480661
52480667
52480669
52480699
52480709
52480721
52480741
52480781
52480789
52480823
52480829
52480847
52480849
52480859
52480873
52480891
52480903
52480927
52480933
52480951
52480973
52480991
52481003
52481041
52481053
52481069
52481071
52481081
52481111
52481119
52481137
52481179
52481197
52481203
52481237
52481279
52481309
52481311
52481369
52481383
52481389
52481393
52481413
52481441
52481449
52481459
52481479
52481483
52481491
52481497
52481531
52481537
52481551
52481581
52481593
52481603
52481617
52481633
52481641
52481659
52481683
52481687
52481707
52481747
52481749
52481761
52481773
52481797
52481831
52481879
52481881
52481903
52481917
52481951
52481959
52481969
52481981
52481983
52482007
52482029
52482049
52482103
52482151
52482167
52482191
52482193
52482223
52482229
52482233
52482253
52482259
52482289
52482293
52482299
52482319
52482341
52482361
52482379
52482413
52482433
52482457
52482461
52482467
52482487
52482497
52482533
52482557
52482601
52482607
52482611
52482671
52482679
52482697
52482719
52482743
52482767
52482799
52482817
52482821
52482823
52482841
52482847
52482851
52482863
52482869
52482887
52482931
52482971
52483001
52483019
52483021
52483027
52483051
52483061
52483087
52483103
52483121
52483133
52483139
52483147
52483163
52483201
52483219
52483253
52483261
52483297
52483331
52483351
52483367
52483381
52483397
52483399
52483411
52483441
52483451
52483469
52483477
52483489
52483511
52483513
52483517
52483549
52483559
52483577
52483597
52483601
52483603
52483637
52483661
52483699
52483733
52483747
52483751
52483763
52483801
52483807
52483817
52483829
52483831
52483843
52483853
52483889
52483897
52483903
52483919
52483927
52483931
52483967
52483969
52483979
52483987
52484009
52484011
52484039
52484051
52484057
52484063
52484071
52484077
52484087
52484111
52484119
52484129
52484197
52484231
52484261
52484293
52484309
52484417
52484431
52484437
52484473
52484483
52484521
52484527
52484557
52484561
52484587
52484599
52484657
52484683
52484711
52484713
52484743
52484749
52484753
52484849
52484851
52484863
52484869
52484903
52484911
52484921
52484923
52484951
52484963
52484969
52484987
52485007
52485023
52485031
52485061
52485073
52485091
52485109
52485119
52485131
52485227
52485233
52485271
52485283
52485343
52485359
52485361
52485403
52485421
52485473
52485479
52485481
52485491
52485497
52485509
52485527
52485557
52485569
52485593
52485599
52485661
52485689
52485691
52485707
52485731
52485739
52485767
52485773
52485787
52485791
52485799
52485833
52485841
52485871
52485877
52485893
52485907
52485913
52485959
52485971
52485989
52486003
52486009
52486013
52486033
52486043
52486079
52486087
52486097
52486103
52486117
52486139
52486141
52486153
52486183
52486211
52486219
52486229
52486249
52486277
52486307
52486321
52486331
52486337
52486349
52486351
52486363
52486373
52486381
52486411
52486439
52486453
52486457
52486471
52486507
52486517
52486523
52486583
52486613
52486619
52486649
52486669
52486673
52486697
52486729
52486747
52486783
52486787
52486799
52486807
52486823
52486829
52486859
52486957
52486969
52486997
52487021
52487027
52487033
52487051
52487059
52487077
52487107
52487117
52487153
52487191
52487213
52487221
52487231
52487233
52487243
52487251
52487261
52487263
52487269
52487317
52487327
52487359
52487387
52487401
52487411
52487417
52487429
52487431
52487489
52487509
52487527
52487537
52487581
52487597
52487609
52487627
52487629
52487641
52487683
52487689
52487707
52487717
52487731
52487737
52487759
52487761
52487791
52487797
52487801
52487807
52487833
52487843
52487849
52487879
52487893
52487917
52487921
52487947
52487951
52487977
52487989
52488011
52488031
52488043
52488067
52488071
52488103
52488131
52488133
52488151
52488167
52488181
52488193
52488199
52488217
52488221
52488223
52488253
52488257
52488259
52488263
52488281
52488283
52488307
52488329
52488353
52488377
52488389
52488407
52488409
52488413
52488419
52488427
52488433
52488437
52488451
52488467
52488481
52488493
52488539
52488559
52488563
52488577
52488593
52488617
52488641
52488643
52488649
52488703
52488713
52488721
52488727
52488757
52488769
52488781
52488817
52488827
52488851
52488857
52488871
52488889
52488913
52488923
52488929
52488991
52489009
52489037
52489049
52489057
52489067
52489069
52489079
52489091
52489103
52489121
52489123
52489127
52489141
52489147
52489181
52489193
52489223
52489237
52489249
52489253
52489279
52489301
52489303
52489313
52489331
52489337
52489363
52489379
52489403
52489433
52489453
52489469
52489483
52489487
52489501
52489529
52489543
52489579
52489583
52489589
52489637
52489667
52489669
52489691
52489699
52489721
52489729
52489747
52489751
52489753
52489783
52489807
52489817
52489831
52489867
52489883
52489889
52489903
52489909
52490051
52490077
52490111
52490159
52490171
52490173
52490177
52490189
52490213
52490219
52490227
52490231
52490233
52490323
52490351
52490381
52490411
52490419
52490423
52490437
52490447
52490461
52490479
52490489
52490507
52490527
52490549
52490567
52490569
52490593
52490639
52490653
52490663
52490689
52490699
52490717
52490729
52490731
52490741
52490759
52490813
52490833
52490903
52490923
52490929
52490941
52490953
52490959
52490981
52490983
52490989
52491007
52491011
52491017
52491031
52491067
52491077
52491113
52491119
52491133
52491143
52491149
52491157
52491191
52491199
52491203
52491227
52491233
52491269
52491323
52491343
52491349
52491367
52491371
52491389
52491403
52491407
52491431
52491443
52491449
52491473
52491503
52491511
52491541
52491559
52491583
52491601
52491611
52491613
52491617
52491667
52491671
52491679
52491683
52491697
52491709
52491743
52491749
52491779
52491797
52491799
52491839
52491847
52491877
52491883
52491899
52491913
52491919
52491973
52491983
52492007
52492009
52492019
52492051
52492061
52492081
52492127
52492129
52492133
52492151
52492169
52492189
52492211
52492213
52492247
52492249
52492267
52492283
52492301
52492303
52492309
52492327
52492343
52492351
52492367
52492397
52492411
52492439
52492441
52492457
52492469
52492471
52492483
52492487
52492493
52492499
52492511
52492537
52492541
52492543
52492553
52492567
52492571
52492589
52492597
52492607
52492613
52492619
52492633
52492667
52492679
52492729
52492733
52492771
52492777
52492789
52492829
52492841
52492859
52492883
52492903
52492919
52492931
52492963
52492967
52493017
52493027
52493053
52493081
52493083
52493087
52493099
52493149
52493167
52493171
52493173
52493251
52493279
52493299
52493317
52493321
52493347
52493369
52493377
52493381
52493401
52493423
52493443
52493449
52493453
52493459
52493461
52493473
52493503
52493527
52493537
52493549
52493579
52493593
52493677
52493681
52493699
52493711
52493717
52493723
52493731
52493737
52493759
52493761
52493803
52493809
52493839
52493849
52493851
52493869
52493873
52493887
52493911
52493929
52493933
52493951
52493957
52493983
52494019
52494023
52494047
52494103
52494107
52494109
52494133
52494151
52494161
52494179
52494187
52494193
52494203
52494209
52494223
52494229
52494251
52494287
52494293
52494319
52494329
