51838981
51838991
51839009
51839023
51839027
51839041
51839057
51839063
51839093
51839107
51839131
51839147
51839191
51839197
51839219
51839231
51839243
51839251
51839267
51839279
51839287
51839297
51839299
51839311
51839317
51839329
51839363
51839383
51839407
51839423
51839453
51839483
51839497
51839503
51839509
51839519
51839521
51839527
51839531
51839537
51839549
51839551
51839561
51839597
51839609
51839629
51839663
51839707
51839717
51839743
51839747
51839759
51839761
51839773
51839779
51839789
51839803
51839839
51839873
51839881
51839899
51839929
51839933
51839939
51839941
51839971
51840007
51840043
51840049
51840079
51840083
51840101
51840119
51840121
51840127
51840133
51840143
51840163
51840167
51840181
51840203
51840211
51840221
51840233
51840251
51840253
51840281
51840289
51840317
51840319
51840329
51840331
51840337
51840377
51840407
51840419
51840427
51840431
51840433
51840461
51840469
51840473
51840491
51840539
51840541
51840553
51840557
51840559
51840563
51840571
51840601
51840617
51840629
51840637
51840673
51840703
51840713
51840739
51840743
51840749
51840793
51840799
51840821
51840829
51840853
51840857
51840883
51840907
51840917
51840923
51840961
51840967
51840983
51840991
51841001
51841003
51841037
51841039
51841043
51841051
51841073
51841079
51841093
51841099
51841121
51841129
51841171
51841193
51841199
51841213
51841217
51841259
51841267
51841271
51841297
51841303
51841327
51841351
51841373
51841417
51841441
51841457
51841511
51841541
51841549
51841561
51841567
51841571
51841591
51841627
51841639
51841649
51841663
51841679
51841693
51841697
51841711
51841723
51841807
51841819
51841831
51841841
51841873
51841903
51841913
51841927
51841939
51841957
51841963
51841967
51841969
51841991
51841997
51842039
51842041
51842059
51842107
51842117
51842173
51842177
51842209
51842221
51842239
51842251
51842303
51842341
51842347
51842353
51842359
51842429
51842449
51842467
51842519
51842521
51842561
51842569
51842579
51842591
51842597
51842599
51842603
51842617
51842627
51842641
51842653
51842669
51842671
51842683
51842699
51842711
51842719
51842731
51842761
51842771
51842801
51842837
51842839
51842867
51842893
51842899
51842953
51842971
51842977
51843017
51843023
51843037
51843041
51843049
51843073
51843089
51843091
51843101
51843109
51843133
51843137
51843139
51843151
51843221
51843223
51843269
51843361
51843367
51843413
51843527
51843529
51843551
51843553
51843569
51843581
51843637
51843653
51843661
51843667
51843691
51843719
51843731
51843739
51843751
51843769
51843791
51843809
51843823
51843859
51843871
51843877
51843893
51843901
51843929
51843937
51843941
51843959
51843971
51843991
51844031
51844043
51844057
51844073
51844109
51844171
51844187
51844223
51844241
51844249
51844279
51844313
51844343
51844349
51844367
51844379
51844391
51844393
51844423
51844439
51844453
51844469
51844501
51844517
51844519
51844523
51844531
51844549
51844561
51844567
51844591
51844607
51844609
51844621
51844631
51844669
51844717
51844729
51844763
51844811
51844823
51844843
51844847
51844879
51844907
51844909
51844943
51844957
51844963
51844973
51844979
51844987
51845009
51845041
51845071
51845117
51845119
51845141
51845149
51845161
51845173
51845179
51845267
51845273
51845293
51845309
51845327
51845333
51845341
51845347
51845363
51845383
51845389
51845413
51845429
51845441
51845449
51845467
51845489
51845503
51845527
51845537
51845539
51845543
51845551
51845557
51845569
51845579
51845603
51845641
51845683
51845687
51845743
51845753
51845779
51845789
51845809
51845861
51845863
51845879
51845909
51845923
51845957
51845993
51846061
51846077
51846083
51846103
51846131
51846187
51846203
51846211
51846227
51846233
51846239
51846247
51846251
51846257
51846281
51846293
51846313
51846317
51846323
51846329
51846331
51846337
51846341
51846359
51846373
51846391
51846397
51846407
51846437
51846463
51846469
51846503
51846511
51846521
51846527
51846533
51846541
51846563
51846569
51846589
51846629
51846631
51846637
51846647
51846689
51846701
51846703
51846713
51846721
51846727
51846737
51846757
51846797
51846799
51846803
51846869
51846871
51846887
51846913
51846917
51846947
51846959
51846967
51846979
51846997
51847013
51847057
51847073
51847123
51847151
51847153
51847177
51847183
51847189
51847193
51847199
51847307
51847319
51847337
51847339
51847343
51847357
51847403
51847421
51847423
51847427
51847483
51847487
51847507
51847517
51847519
51847541
51847559
51847571
51847583
51847613
51847651
51847667
51847709
51847729
51847753
51847759
51847771
51847781
51847793
51847799
51847801
51847847
51847871
51847879
51847889
51847891
51847907
51847919
51847931
51847933
51847967
51848023
51848033
51848051
51848077
51848081
51848087
51848101
51848117
51848123
51848161
51848189
51848219
51848221
51848227
51848261
51848263
51848297
51848299
51848327
51848333
51848341
51848369
51848387
51848429
51848431
51848443
51848479
51848519
51848527
51848539
51848543
51848561
51848591
51848617
51848677
51848683
51848707
51848711
51848743
51848747
51848767
51848773
51848789
51848801
51848809
51848851
51848857
51848879
51848903
51848917
51848921
51848933
51848941
51848947
51848971
51848977
51849001
51849029
51849041
51849047
51849059
51849073
51849103
51849113
51849121
51849139
51849179
51849181
51849191
51849221
51849263
51849283
51849307
51849331
51849341
51849349
51849373
51849437
51849449
51849487
51849503
51849509
51849527
51849533
51849547
51849557
51849559
51849569
51849571
51849599
51849607
51849631
51849647
51849653
51849671
51849673
51849703
51849713
51849719
51849761
51849769
51849773
51849793
51849827
51849829
51849869
51849877
51849899
51849907
51849911
51849923
51849943
51849947
51849961
51849971
51849989
51850013
51850037
51850079
51850081
51850087
51850121
51850171
51850177
51850207
51850213
51850219
51850223
51850237
51850241
51850247
51850273
51850339
51850343
51850369
51850387
51850423
51850481
51850499
51850501
51850511
51850517
51850529
51850553
51850577
51850607
51850613
51850619
51850627
51850633
51850649
51850651
51850657
51850679
51850723
51850783
51850787
51850807
51850837
51850873
51850891
51850913
51850919
51850999
51851017
51851027
51851047
51851053
51851081
51851089
51851117
51851141
51851153
51851167
51851197
51851201
51851203
51851213
51851221
51851231
51851257
51851287
51851299
51851339
51851341
51851357
51851381
51851417
51851419
51851461
51851491
51851521
51851533
51851557
51851599
51851603
51851617
51851621
51851651
51851671
51851707
51851711
51851719
51851743
51851749
51851753
51851801
51851803
51851869
51851927
51851929
51851953
51851963
51851981
51851983
51851999
51852001
51852019
51852071
51852103
51852113
51852137
51852161
51852169
51852187
51852211
51852217
51852239
51852253
51852259
51852263
51852293
51852299
51852301
51852313
51852323
51852347
51852389
51852403
51852433
51852443
51852457
51852467
51852469
51852473
51852481
51852487
51852509
51852527
51852529
51852583
51852589
51852599
51852613
51852679
51852701
51852721
51852727
51852733
51852743
51852751
51852793
51852809
51852811
51852821
51852847
51852851
51852859
51852877
51852887
51852893
51852923
51852937
51852953
51852967
51852979
51852991
51853007
51853019
51853031
51853099
51853103
51853181
51853183
51853199
51853279
51853283
51853289
51853301
51853303
51853369
51853381
51853427
51853453
51853469
51853493
51853499
51853517
51853531
51853559
51853573
51853609
51853619
51853631
51853649
51853651
51853673
51853691
51853693
51853733
51853759
51853777
51853787
51853849
51853877
51853897
51853903
51853931
51853933
51853939
51853951
51854039
51854083
51854111
51854137
51854141
51854191
51854197
51854219
51854237
51854239
51854251
51854269
51854273
51854293
51854303
51854317
51854321
51854329
51854339
51854359
51854371
51854389
51854417
51854441
51854459
51854483
51854503
51854507
51854519
51854521
51854549
51854557
51854563
51854567
51854597
51854653
51854657
51854659
51854741
51854749
51854783
51854801
51854807
51854809
51854821
51854827
51854837
51854839
51854863
51854917
51854953
51854963
51855007
51855017
51855077
51855079
51855091
51855101
51855107
51855121
51855127
51855131
51855137
51855143
51855173
51855187
51855191
51855239
51855259
51855263
51855269
51855299
51855311
51855341
51855367
51855371
51855379
51855407
51855413
51855421
51855431
51855439
51855443
51855449
51855469
51855473
51855481
51855499
51855511
51855527
51855533
51855553
51855563
51855599
51855607
51855613
51855641
51855697
51855701
51855703
51855707
51855767
51855787
51855803
51855809
51855821
51855841
51855863
51855871
51855913
51855929
51855931
51855943
51855989
51856033
51856037
51856043
51856067
51856081
51856097
51856109
51856157
51856177
51856243
51856249
51856261
51856271
51856279
51856303
51856333
51856361
51856367
51856381
51856393
51856433
51856447
51856471
51856487
51856489
51856517
51856523
51856543
51856589
51856601
51856603
51856621
51856633
51856639
51856661
51856687
51856699
51856703
51856709
51856711
51856723
51856729
51856747
51856781
51856787
51856793
51856799
51856867
51856877
51856891
51856907
51856913
51856921
51856939
51856957
51856991
51856993
51856997
51857009
51857033
51857041
51857053
51857059
51857063
51857093
51857107
51857119
51857149
51857153
51857159
51857167
51857171
51857173
51857177
51857189
51857207
51857209
51857219
51857233
51857261
51857287
51857291
51857297
51857303
51857317
51857359
51857383
51857419
51857431
51857437
51857453
51857459
51857471
51857483
51857501
51857543
51857549
51857563
51857567
51857573
51857581
51857627
51857629
51857639
51857647
51857711
51857723
51857789
51857807
51857809
51857843
51857857
51857863
51857867
51857881
51857899
51857917
51857921
51857941
51857983
51857987
51858013
51858017
51858019
51858029
51858047
51858161
51858181
51858193
51858203
51858217
51858223
51858229
51858241
51858263
51858271
51858281
51858311
51858341
51858361
51858379
51858403
51858419
51858421
51858439
51858451
51858461
51858529
51858553
51858557
51858589
51858643
51858647
51858661
51858671
51858673
51858683
51858701
51858707
51858739
51858761
51858769
51858773
51858811
51858841
51858887
51858889
51858899
51858913
51858943
51858953
51858979
51859019
51859057
51859079
51859099
51859117
51859121
51859133
51859153
51859193
51859253
51859261
51859267
51859277
51859331
51859351
51859391
51859397
51859403
51859421
51859433
51859439
51859441
51859447
51859477
51859501
51859519
51859529
51859543
51859553
51859579
51859603
51859631
51859637
51859651
51859697
51859723
51859727
51859757
51859771
51859777
51859781
51859823
51859831
51859837
51859861
51859889
51859901
51859909
51859921
51859937
51859961
51859991
51860071
51860099
51860111
51860119
51860141
51860153
51860161
51860189
51860197
51860201
51860209
51860219
51860267
51860269
51860293
51860297
51860299
51860321
51860327
51860357
51860359
51860363
51860399
51860401
51860437
51860461
51860477
51860491
51860503
51860509
51860513
51860521
51860533
51860539
51860563
51860573
51860579
51860609
51860617
51860621
51860639
51860651
51860689
51860713
51860719
51860723
51860741
51860813
51860819
51860827
51860839
51860857
51860869
51860909
51860911
51860917
51860927
51860933
51860947
51860951
51860957
51860959
51860971
51860983
51860987
51860993
51861037
51861049
51861097
51861119
51861157
51861167
51861247
51861281
51861287
51861289
51861319
51861331
51861361
51861377
51861391
51861409
51861449
51861451
51861493
51861503
51861533
51861553
51861559
51861571
51861631
51861643
51861661
51861671
51861673
51861739
51861743
51861769
51861779
51861793
51861833
51861851
51861863
51861877
51861899
51861907
51861911
51861919
51861959
51861961
51862067
51862127
51862133
51862177
51862183
51862211
51862219
51862231
51862247
51862259
51862277
51862289
51862303
51862313
51862333
51862337
51862361
51862387
51862397
51862399
51862409
51862423
51862439
51862471
51862483
51862487
51862501
51862511
51862537
51862543
51862549
51862553
51862607
51862619
51862621
51862637
51862651
51862691
51862717
51862729
51862747
51862763
51862781
51862787
51862813
51862831
51862841
51862843
51862879
51862883
51862901
51862919
51862957
51862973
51863003
51863017
51863029
51863033
51863057
51863081
51863089
51863099
51863101
51863129
51863143
51863171
51863173
51863191
51863249
51863257
51863267
51863291
51863303
51863347
51863351
51863363
51863389
51863431
51863443
51863467
51863477
51863479
51863501
51863519
51863533
51863557
51863563
51863569
51863573
51863587
51863611
51863657
51863663
51863671
51863743
51863789
51863797
51863807
51863809
51863813
51863857
51863869
51863897
51863947
51863971
51864013
51864017
51864019
51864041
51864049
51864061
51864083
51864089
51864107
51864119
51864143
51864173
51864179
51864193
51864199
51864217
51864247
51864257
51864259
51864277
51864289
51864301
51864313
51864317
51864347
51864361
51864377
51864391
51864419
51864427
51864431
51864437
51864443
51864469
51864511
51864521
51864551
51864559
51864583
51864613
51864619
51864629
51864667
51864677
51864691
51864749
51864779
51864803
51864817
51864871
51864893
51864941
51864947
51864949
51864961
51864973
51864979
51865031
51865043
51865057
51865061
51865081
51865087
51865103
51865109
51865183
51865223
51865273
51865279
51865301
51865313
51865339
51865343
51865397
51865409
51865417
51865423
51865481
51865507
51865519
51865537
51865549
51865553
51865577
51865591
51865663
51865669
51865673
51865679
51865703
51865711
51865721
51865739
51865813
51865817
51865819
51865829
51865837
51865867
51865873
51865889
51865901
51865909
51865927
51865939
51865951
51865969
51866021
51866027
51866047
51866053
51866063
51866077
51866083
51866147
51866149
51866153
51866197
51866231
51866237
51866249
51866261
51866279
51866293
51866327
51866351
51866377
51866387
51866393
51866401
51866407
51866417
51866443
51866459
51866461
51866467
51866483
51866491
51866501
51866513
51866519
51866527
51866569
51866593
51866597
51866603
51866651
51866663
51866747
51866767
51866791
51866809
51866831
51866869
51866921
51866923
51866929
51866939
51866963
51866977
51866981
51867031
51867041
51867043
51867059
51867083
51867097
51867121
51867143
51867149
51867191
51867197
51867199
51867203
51867209
51867217
51867227
51867239
51867253
51867259
51867269
51867271
51867301
51867311
51867317
51867329
51867353
51867373
51867379
51867383
51867407
51867421
51867463
51867481
51867499
51867523
51867533
51867547
51867551
51867601
51867617
51867623
51867637
51867643
51867661
51867671
51867677
51867679
51867709
51867713
51867719
51867721
51867733
51867757
51867787
51867817
51867839
51867859
51867877
51867883
51867889
51867917
51867947
51867971
51868027
51868039
51868051
51868057
51868073
51868099
51868109
51868123
51868133
51868183
51868237
51868249
51868253
51868259
51868273
51868279
51868283
51868331
51868351
51868367
51868373
51868391
51868409
51868417
51868433
51868457
51868529
51868543
51868573
51868601
51868603
51868633
51868667
51868669
51868699
51868759
51868769
51868781
51868799
51868801
51868807
51868867
51868877
51868937
51868939
51868961
51868969
51868981
51868987
51868991
51869003
51869011
51869017
51869021
51869029
51869047
51869143
51869171
51869173
51869177
51869203
51869239
51869243
51869249
51869281
51869287
51869291
51869299
51869327
51869353
51869357
51869359
51869369
51869383
51869407
51869423
51869443
51869491
51869501
51869507
51869527
51869579
51869593
51869611
51869617
51869621
51869651
51869681
51869687
51869711
51869729
51869743
51869767
51869801
51869803
51869809
51869813
51869821
51869833
51869837
51869861
51869869
51869887
51869891
51869921
51869929
51869933
51869963
51869969
51869977
51870059
51870089
51870097
51870107
51870139
51870149
51870151
51870163
51870193
51870197
51870233
51870251
51870253
51870271
51870293
51870307
51870311
51870317
51870331
51870389
51870421
51870449
51870457
51870461
51870479
51870493
51870509
51870527
51870547
51870571
51870613
51870631
51870659
51870667
51870677
51870733
51870739
51870809
51870877
51870899
51870901
51870947
51870977
51870979
51870983
51870997
51871009
51871013
51871037
51871051
51871093
51871129
51871133
51871177
51871213
51871217
51871219
51871223
51871231
51871241
51871243
51871283
51871291
51871307
51871319
51871331
51871367
51871381
51871433
51871441
51871451
51871483
51871487
51871493
51871507
51871511
51871529
51871531
51871541
51871553
51871559
51871571
51871579
51871591
51871613
51871667
51871697
51871733
51871751
51871759
51871769
51871823
51871837
51871849
51871871
51871903
51871907
51871909
51871943
51871987
51871993
51871999
51872017
51872027
51872047
51872053
51872057
51872063
51872087
51872099
51872123
51872129
51872131
51872167
51872179
51872189
51872203
51872239
51872251
51872273
51872281
51872297
51872309
51872333
51872351
51872369
51872377
51872411
51872449
51872459
51872461
51872477
51872479
51872497
51872501
51872507
51872519
51872533
51872543
51872549
51872563
51872581
51872591
51872621
51872629
51872633
51872657
51872669
51872693
51872701
51872707
51872713
51872719
51872731
51872767
51872783
51872789
51872809
51872837
51872857
51872861
51872897
51872903
51872969
51872999
51873043
51873047
51873049
51873053
51873067
51873071
51873079
51873089
51873113
51873121
51873127
51873139
51873163
51873187
51873191
51873193
51873197
51873203
51873221
51873229
51873247
51873253
51873281
51873293
51873301
51873319
51873329
51873347
51873389
51873391
51873397
51873407
51873413
51873421
51873433
51873461
51873463
51873467
51873469
51873473
51873517
51873527
51873541
51873551
51873559
51873583
51873587
51873623
51873649
51873683
51873713
51873719
51873737
51873751
51873769
51873791
51873797
51873799
51873821
51873847
51873869
51873883
51873907
51873911
51873923
51873929
51873937
51873977
51874003
51874027
51874033
51874049
51874063
51874079
51874093
51874103
51874133
51874159
51874169
51874171
51874181
51874231
51874247
51874271
51874279
51874283
51874321
51874331
51874337
51874343
51874363
51874367
51874369
51874387
51874397
51874399
51874441
51874447
51874477
51874523
51874573
51874601
51874607
51874643
51874673
51874681
51874741
51874759
51874763
51874783
51874787
51874819
51874829
51874843
51874853
51874891
51874897
51874919
51874931
51874937
51874957
51874967
51875003
51875029
51875053
51875069
51875077
51875093
51875099
51875107
51875137
51875167
51875179
51875191
51875231
51875233
51875237
51875293
51875297
51875359
51875387
51875399
51875401
51875407
51875413
51875471
51875497
51875521
51875531
51875533
51875543
51875569
51875609
51875611
51875627
51875647
51875651
51875657
51875669
51875671
51875683
51875723
51875737
51875749
51875767
51875777
51875779
51875849
51875851
51875861
51875911
51875951
51875963
51875969
51875977
51875981
51875987
51876001
51876031
51876067
51876101
51876119
51876127
51876151
51876161
51876199
51876211
51876269
51876311
51876313
51876323
51876337
51876343
51876353
51876359
51876373
51876427
51876437
51876443
51876457
51876463
51876497
51876499
51876511
51876541
51876581
51876589
51876599
51876611
51876641
51876653
51876659
51876677
51876683
51876691
51876739
51876749
51876757
51876761
51876763
51876817
51876829
51876841
51876887
51876889
51876907
51876941
51876947
51876949
51876959
51876971
51877037
51877051
51877079
51877097
51877099
51877103
51877109
51877117
51877123
51877127
51877129
51877157
51877169
51877187
51877193
51877207
51877211
51877223
51877247
51877253
51877261
51877279
51877303
51877313
51877333
51877339
51877349
51877361
51877373
51877403
51877411
51877439
51877447
51877451
51877459
51877471
51877481
51877517
51877531
51877547
51877561
51877571
51877597
51877621
51877643
51877649
51877687
51877691
51877699
51877729
51877747
51877753
51877759
51877817
51877841
51877843
51877853
51877867
51877871
51877873
51877879
51877913
51877919
51877921
51877951
51877963
51877979
51878003
51878009
51878017
51878059
51878063
51878069
51878077
51878089
51878093
51878111
51878119
51878143
51878153
51878171
51878231
51878251
51878263
51878269
51878279
51878291
51878297
51878369
51878371
51878377
51878381
51878429
51878443
51878471
51878479
51878503
51878507
51878521
51878527
51878557
51878579
51878581
51878587
51878621
51878633
51878663
51878677
51878681
51878689
51878693
51878719
51878737
51878789
51878809
51878819
51878839
51878851
51878857
51878861
51878863
51878867
51878881
51878887
51878933
51878947
51878963
51878977
51878993
51879001
51879011
51879043
51879049
51879059
51879073
51879077
51879083
51879131
51879137
51879181
51879193
51879197
51879241
51879251
51879259
51879281
51879299
51879301
51879307
51879319
51879343
51879353
51879361
51879403
51879407
51879419
51879433
51879469
51879479
51879511
51879539
51879599
51879601
51879679
51879689
51879727
51879757
51879781
51879847
51879857
51879871
51879889
51879911
51879917
51879941
51879953
51880007
51880009
51880033
51880067
51880069
51880079
51880091
51880093
51880097
51880099
51880117
51880121
51880133
51880181
51880183
51880193
51880201
51880207
51880223
51880259
51880261
51880271
51880273
51880291
51880303
51880319
51880321
51880331
51880337
51880349
51880351
51880363
51880369
51880373
51880397
51880399
51880417
51880427
51880441
51880463
51880471
51880487
51880501
51880519
51880553
51880567
51880601
51880607
51880613
51880627
51880649
51880669
51880687
51880691
51880711
51880723
51880783
51880819
51880831
51880853
51880861
51880879
51880987
51881003
51881009
51881041
51881051
51881083
51881099
51881101
51881111
51881131
51881147
51881149
51881183
51881189
51881213
51881231
51881233
51881251
51881287
51881303
51881317
51881327
51881339
51881369
51881387
51881413
51881443
51881471
51881483
51881497
51881509
51881513
51881519
51881527
51881567
51881573
51881581
51881587
51881593
51881597
51881623
51881653
51881657
51881663
51881677
51881699
51881707
51881717
51881729
51881737
51881801
51881833
51881849
51881857
51881867
51881911
51881917
51881959
51881981
51881987
51882001
51882007
51882023
51882101
51882119
51882121
51882133
51882143
51882151
51882169
51882191
51882199
51882203
51882253
51882287
51882289
51882301
51882307
51882349
51882367
51882371
51882379
51882401
51882409
51882427
51882433
51882449
51882463
51882569
51882577
51882581
51882587
51882599
51882617
51882619
51882629
51882631
51882637
51882643
51882647
51882659
51882661
51882751
51882763
51882767
51882781
51882797
51882823
51882829
51882841
51882847
51882869
51882899
51882907
51882911
51882949
51882967
51882979
51882989
51883003
51883021
51883033
51883043
51883067
51883079
51883087
51883103
51883151
51883177
51883187
51883189
51883199
51883211
51883231
51883261
51883267
51883277
51883301
51883313
51883369
51883379
51883399
51883411
51883427
51883451
51883453
51883459
51883483
51883493
51883501
51883511
51883537
51883543
51883571
51883591
51883603
51883613
51883631
51883669
51883679
51883703
51883753
51883771
51883781
51883823
51883829
51883841
51883859
51883933
51883943
51883957
51883969
51884009
51884011
51884029
51884071
51884081
51884083
51884089
51884123
51884137
51884141
51884149
51884171
51884201
51884227
51884237
51884263
51884279
51884281
51884291
51884299
51884303
51884309
51884317
51884321
51884353
51884429
51884449
51884467
51884473
51884477
51884479
51884507
51884519
51884537
51884551
51884563
51884579
51884633
51884647
51884653
51884671
51884681
51884719
51884743
51884747
51884773
51884779
51884797
51884813
51884821
51884837
51884843
51884869
51884879
51884881
51884891
51884897
51884927
51884939
51884977
51884993
51885007
51885011
51885017
51885023
51885061
51885077
51885083
51885151
51885157
51885161
51885179
51885191
51885221
51885233
51885247
51885259
51885271
51885277
51885283
51885287
51885293
51885299
51885311
51885313
51885373
51885439
51885511
51885577
51885583
51885607
51885643
51885653
51885667
51885679
51885703
51885733
51885737
51885749
51885773
51885793
51885809
51885851
51885863
51885881
51885913
51885923
51885943
51885949
51885973
51885983
51886001
51886007
51886049
51886061
51886063
51886111
51886127
51886139
51886141
51886151
51886171
51886181
51886187
51886189
51886201
51886217
51886253
51886259
51886267
51886271
51886291
51886327
51886357
51886381
51886391
51886447
51886453
51886463
51886493
51886553
51886579
51886613
51886619
51886631
51886633
51886651
51886673
51886693
51886697
51886711
51886741
51886753
51886759
51886787
51886789
51886811
51886817
51886837
51886843
51886847
51886883
51886897
51886903
51886921
51886927
51886937
51886973
51886981
51886997
51886999
51887029
51887041
51887063
51887071
51887093
51887113
51887123
51887153
51887191
51887203
51887299
51887317
51887387
51887399
51887411
51887441
51887443
51887447
51887527
51887567
51887569
51887573
51887599
51887603
51887629
51887669
51887687
51887741
51887749
51887777
51887779
51887789
51887807
51887809
51887819
51887821
51887861
51887867
51887897
51887929
51887933
51887959
51887981
51887987
51887999
51888013
51888019
51888037
51888041
51888061
51888077
51888091
51888103
51888121
51888139
51888169
51888209
51888223
51888269
51888271
51888289
51888293
51888311
51888323
51888349
51888359
51888367
51888371
51888377
51888383
51888407
51888427
51888479
51888481
51888503
51888509
51888533
51888547
51888581
51888587
51888589
51888593
51888631
51888673
51888679
51888703
51888719
51888731
51888751
51888769
51888773
51888787
51888797
51888841
51888847
51888853
51888871
51888877
51888919
51888929
51888937
51889007
51889037
51889073
51889087
51889093
51889109
51889121
51889129
51889139
51889147
51889153
51889177
51889181
51889217
51889267
51889273
51889283
51889291
51889297
51889303
51889337
51889351
51889367
51889373
51889391
51889393
51889441
51889451
51889463
51889483
51889499
51889507
51889549
51889553
51889561
51889631
51889639
51889667
51889687
51889727
51889769
51889781
51889811
51889819
51889829
51889841
51889867
51889879
51889883
51889889
51889907
51889963
51889979
51889987
51889991
51890009
51890029
51890057
51890081
51890089
51890107
51890129
51890141
51890143
51890147
51890149
51890191
51890221
51890261
51890269
51890299
51890351
51890357
51890359
51890381
51890383
51890393
51890411
51890413
51890417
51890429
51890437
51890453
51890459
51890519
51890557
51890567
51890581
51890623
51890627
51890633
51890651
51890659
51890693
51890701
51890711
51890719
51890753
51890759
51890791
51890801
51890819
51890821
51890833
51890849
51890857
51890863
51890893
51890899
51890903
51890911
51890929
51890939
51890977
51891011
51891017
51891029
51891043
51891061
51891083
51891113
51891137
51891139
51891167
51891173
51891181
51891221
51891227
51891253
51891271
51891319
51891347
51891349
51891383
51891407
51891443
51891449
51891457
51891461
51891481
51891487
51891491
51891493
51891529
51891533
51891569
51891571
51891577
51891617
51891647
51891659
51891751
51891757
51891761
51891767
51891787
51891809
51891811
51891883
51891899
51891911
51891913
51891941
51891943
51891947
51891971
51892003
51892031
51892037
51892051
51892063
51892069
51892091
51892147
51892189
51892193
51892219
51892261
51892283
51892297
51892307
51892331
51892333
51892367
51892391
51892403
51892417
51892441
51892457
51892501
51892549
51892567
51892579
51892597
51892601
51892609
51892649
51892657
51892661
51892663
51892681
51892691
51892697
51892703
51892717
51892733
51892817
51892847
51892859
51892871
51892909
51892931
51892943
51892949
51892957
51892961
51892969
51892979
51893021
51893033
51893077
51893081
51893111
51893117
51893137
51893143
51893147
51893189
51893239
51893251
51893269
51893297
51893321
51893339
51893341
51893377
51893381
51893393
51893407
51893431
51893447
51893453
51893459
51893477
51893489
51893521
51893533
51893539
51893549
51893603
51893663
51893671
51893683
51893689
51893713
51893719
51893749
51893753
51893791
51893801
51893813
51893833
51893839
51893861
51893873
51893887
51893893
51893899
51893903
51893917
51893939
51893953
51893977
51893983
51894001
51894043
51894053
51894067
51894083
51894119
51894131
51894133
51894169
51894179
51894191
51894203
51894221
51894229
51894257
51894259
51894277
51894287
51894361
51894373
51894379
51894383
51894413
51894443
51894481
51894487
51894497
51894499
51894541
51894551
51894569
51894587
51894599
51894607
51894611
51894631
51894707
51894737
51894769
51894781
51894809
51894827
51894839
51894841
51894853
51894881
51894907
51894919
51894929
51894943
51894959
51894991
51895027
51895057
51895069
51895073
51895093
51895141
51895163
51895177
51895183
51895219
51895229
51895241
51895243
51895301
51895303
51895307
51895313
51895331
51895343
51895357
51895369
51895411
51895433
51895439
51895447
51895469
51895477
51895499
51895523
51895537
51895541
51895553
51895561
51895573
51895579
51895601
51895603
51895607
51895609
51895621
51895681
51895693
51895729
51895741
51895759
51895763
51895769
51895787
51895801
51895807
51895847
51895853
51895871
51895901
51895903
51895913
51895931
51895937
51895939
51895979
51895997
51896017
51896029
51896069
51896081
51896093
51896107
51896111
51896129
51896161
51896171
51896179
51896183
51896191
51896197
51896213
51896219
51896233
51896269
51896329
51896363
51896371
51896401
51896407
51896417
51896431
51896437
51896473
51896479
51896483
51896489
51896491
51896519
51896521
51896539
51896561
51896587
51896591
51896627
51896629
51896633
51896639
51896687
51896711
51896773
51896791
51896797
51896807
51896837
51896851
51896891
51896893
51896959
51896963
51896969
51896981
51896987
51897023
51897077
51897119
51897127
51897143
51897149
51897163
51897169
51897191
51897221
51897289
51897299
51897301
51897319
51897323
51897337
51897359
51897371
51897383
51897427
51897437
51897451
51897467
51897479
51897487
51897491
51897509
51897529
51897533
51897539
51897563
51897577
51897611
51897613
51897631
51897647
51897673
51897691
51897701
51897737
51897749
51897761
51897767
51897773
51897793
51897799
51897803
51897829
51897851
51897863
51897869
51897871
51897899
51897931
51897943
51897961
51897977
51898001
51898009
51898019
51898037
51898057
51898073
51898079
51898163
51898207
51898219
51898241
51898243
51898261
51898277
51898283
51898321
51898369
51898381
51898403
51898409
51898411
51898417
51898471
51898493
51898513
51898523
51898529
51898541
51898543
51898559
51898573
51898577
51898591
51898601
51898621
51898631
51898697
51898699
51898727
51898729
51898771
51898801
51898811
51898871
51898949
51898963
51898967
51898969
51898981
51898993
51899027
51899033
51899039
51899069
51899077
51899101
51899143
51899149
51899161
51899179
51899189
51899209
51899219
51899251
51899261
51899269
51899273
51899297
51899303
51899311
51899321
51899329
51899347
51899377
51899381
51899389
51899401
51899411
51899443
51899467
51899479
51899483
51899489
51899501
51899503
51899513
51899539
51899543
51899597
51899633
51899671
51899677
51899719
51899723
51899747
51899767
51899779
51899819
51899831
51899833
51899893
51899917
51899923
51899971
51899977
51899987
51900019
51900047
51900049
51900061
51900067
51900103
51900113
51900131
51900179
51900181
51900217
51900221
51900223
51900253
51900257
51900263
51900287
51900313
51900323
51900347
51900349
51900367
51900377
51900391
51900403
51900421
51900449
51900463
51900467
51900521
51900539
51900553
51900559
51900577
51900601
51900623
51900649
51900661
51900689
51900701
51900731
51900743
51900757
51900767
51900781
51900791
51900803
51900817
51900841
51900853
51900869
51900887
51900907
51900931
51900941
51900967
51900977
51900997
51901009
51901063
51901067
51901117
51901163
51901169
51901181
51901219
51901231
51901249
51901273
51901277
51901309
51901361
51901393
51901403
51901427
51901433
51901439
51901441
51901453
51901457
51901463
51901511
51901517
51901523
51901537
51901573
51901579
51901589
51901607
51901609
51901631
51901637
51901679
51901687
51901721
51901723
51901739
51901747
51901757
51901783
51901813
51901819
51901841
51901847
51901849
51901873
51901877
51901879
51901897
51901907
51901919
51901933
51901963
51901987
51902017
51902021
51902027
51902047
51902057
51902089
51902101
51902107
51902119
51902177
51902209
51902267
51902273
51902299
51902327
51902387
51902393
51902437
51902449
51902497
51902503
51902507
51902519
51902537
51902551
51902563
51902569
51902573
51902579
51902603
51902611
51902629
51902647
51902687
51902693
51902701
51902707
51902723
51902729
51902731
51902759
51902771
51902783
51902791
51902797
51902801
51902803
51902827
51902867
51902909
51902923
51902933
51902947
51902969
51903001
51903029
51903037
51903077
51903097
51903121
51903133
51903139
51903149
51903161
51903169
51903179
51903191
51903197
51903199
51903211
51903221
51903223
51903259
51903263
51903289
51903311
51903337
51903353
51903367
51903373
51903389
51903403
51903407
51903413
51903427
51903443
51903457
51903487
51903541
51903547
51903587
51903647
51903653
51903659
51903673
51903697
51903701
51903713
51903727
51903743
51903749
51903773
51903793
51903809
51903811
51903829
51903857
51903883
51903899
51903931
51903959
51903989
51904019
51904033
51904049
51904051
51904063
51904079
51904087
51904091
51904109
51904117
51904157
51904187
51904189
51904211
51904217
51904243
51904249
51904267
51904273
51904289
51904291
51904313
51904339
51904367
51904373
51904379
51904421
51904423
51904439
51904459
51904487
51904499
51904507
