51904511
51904529
51904547
51904609
51904613
51904627
51904661
51904663
51904667
51904691
51904709
51904739
51904753
51904759
51904781
51904799
51904807
51904829
51904843
51904877
51904921
51904933
51904939
51904949
51905033
51905069
51905123
51905137
51905141
51905149
51905153
51905201
51905209
51905239
51905251
51905261
51905311
51905317
51905333
51905341
51905353
51905387
51905393
51905401
51905407
51905419
51905431
51905453
51905459
51905479
51905489
51905509
51905521
51905537
51905591
51905597
51905611
51905629
51905639
51905647
51905653
51905669
51905671
51905683
51905699
51905731
51905741
51905753
51905801
51905831
51905837
51905839
51905849
51905851
51905863
51905869
51905881
51905933
51905939
51905977
51905983
51905989
51906007
51906013
51906061
51906067
51906073
51906091
51906097
51906103
51906137
51906161
51906163
51906167
51906187
51906191
51906221
51906229
51906251
51906263
51906269
51906299
51906311
51906319
51906373
51906403
51906409
51906473
51906497
51906511
51906521
51906529
51906539
51906553
51906571
51906581
51906587
51906667
51906707
51906787
51906817
51906851
51906853
51906857
51906863
51906887
51906919
51906923
51906937
51906979
51906983
51907003
51907007
51907043
51907057
51907109
51907117
51907127
51907139
51907151
51907169
51907231
51907241
51907243
51907249
51907267
51907277
51907283
51907351
51907357
51907363
51907367
51907369
51907391
51907397
51907399
51907421
51907447
51907459
51907463
51907469
51907489
51907501
51907529
51907549
51907627
51907631
51907643
51907649
51907697
51907699
51907703
51907741
51907747
51907759
51907841
51907847
51907853
51907859
51907873
51907903
51907931
51907957
51907963
51907967
51907969
51907979
51907991
51908027
51908053
51908081
51908111
51908119
51908137
51908149
51908203
51908221
51908237
51908239
51908249
51908251
51908281
51908333
51908371
51908387
51908393
51908411
51908431
51908453
51908489
51908503
51908509
51908533
51908561
51908567
51908569
51908617
51908641
51908671
51908687
51908707
51908711
51908729
51908737
51908761
51908789
51908851
51908867
51908903
51908917
51908933
51908959
51908981
51909001
51909019
51909031
51909037
51909071
51909089
51909131
51909167
51909181
51909191
51909227
51909233
51909251
51909257
51909287
51909293
51909317
51909323
51909329
51909331
51909343
51909359
51909373
51909379
51909383
51909433
51909461
51909467
51909499
51909503
51909509
51909511
51909521
51909541
51909563
51909569
51909589
51909607
51909629
51909661
51909673
51909703
51909727
51909743
51909757
51909763
51909773
51909787
51909839
51909863
51909877
51909883
51909887
51909917
51909937
51909947
51909953
51909989
51910003
51910013
51910021
51910069
51910097
51910099
51910123
51910127
51910169
51910211
51910219
51910253
51910273
51910277
51910283
51910343
51910349
51910351
51910357
51910381
51910403
51910421
51910427
51910429
51910457
51910459
51910483
51910499
51910511
51910541
51910549
51910559
51910567
51910577
51910583
51910597
51910601
51910613
51910643
51910657
51910669
51910693
51910697
51910711
51910721
51910723
51910753
51910757
51910759
51910777
51910819
51910829
51910861
51910891
51910897
51910909
51910919
51910927
51910967
51910987
51910993
51911003
51911029
51911051
51911053
51911063
51911089
51911107
51911113
51911129
51911213
51911219
51911231
51911243
51911257
51911261
51911263
51911281
51911309
51911341
51911347
51911369
51911381
51911417
51911423
51911429
51911443
51911459
51911467
51911471
51911473
51911491
51911521
51911527
51911543
51911567
51911581
51911597
51911599
51911623
51911633
51911647
51911663
51911719
51911747
51911753
51911767
51911771
51911773
51911791
51911803
51911807
51911891
51911911
51911921
51911929
51911939
51911953
51911983
51911987
51912019
51912053
51912083
51912089
51912097
51912143
51912149
51912151
51912181
51912193
51912209
51912251
51912253
51912277
51912307
51912317
51912319
51912323
51912331
51912353
51912359
51912379
51912391
51912397
51912409
51912499
51912527
51912547
51912551
51912571
51912589
51912593
51912649
51912659
51912661
51912673
51912701
51912719
51912787
51912797
51912821
51912829
51912841
51912851
51912853
51912859
51912893
51912923
51912953
51912967
51912977
51912989
51913009
51913049
51913063
51913079
51913117
51913123
51913151
51913157
51913159
51913163
51913177
51913181
51913193
51913207
51913249
51913261
51913289
51913319
51913327
51913343
51913357
51913361
51913363
51913373
51913387
51913397
51913403
51913417
51913441
51913457
51913469
51913471
51913481
51913483
51913487
51913489
51913517
51913523
51913531
51913549
51913559
51913583
51913601
51913619
51913621
51913633
51913639
51913651
51913657
51913661
51913711
51913717
51913723
51913753
51913781
51913793
51913817
51913837
51913879
51913889
51913919
51913969
51913987
51913999
51914021
51914047
51914053
51914063
51914069
51914131
51914143
51914167
51914173
51914183
51914207
51914227
51914231
51914249
51914267
51914281
51914309
51914341
51914351
51914353
51914389
51914393
51914399
51914407
51914417
51914449
51914483
51914531
51914537
51914539
51914557
51914563
51914587
51914641
51914647
51914671
51914683
51914689
51914699
51914701
51914711
51914713
51914741
51914747
51914761
51914777
51914839
51914851
51914869
51914881
51914893
51914927
51914939
51914969
51914977
51914999
51915001
51915007
51915013
51915023
51915029
51915043
51915047
51915053
51915067
51915077
51915091
51915113
51915121
51915139
51915203
51915211
51915217
51915247
51915287
51915299
51915343
51915373
51915377
51915427
51915449
51915463
51915473
51915499
51915503
51915509
51915511
51915529
51915533
51915547
51915557
51915559
51915571
51915641
51915659
51915667
51915679
51915691
51915707
51915709
51915751
51915833
51915859
51915869
51915883
51915947
51915953
51915967
51915971
51915973
51916019
51916021
51916027
51916031
51916043
51916099
51916141
51916159
51916169
51916201
51916211
51916229
51916237
51916253
51916261
51916273
51916279
51916301
51916327
51916331
51916369
51916387
51916391
51916399
51916427
51916433
51916441
51916471
51916477
51916511
51916541
51916547
51916559
51916573
51916577
51916597
51916643
51916649
51916663
51916687
51916703
51916747
51916763
51916801
51916831
51916849
51916859
51916871
51916877
51916889
51916897
51916901
51916919
51916927
51916933
51916937
51916939
51916951
51916961
51916973
51917009
51917011
51917017
51917023
51917057
51917071
51917087
51917119
51917123
51917147
51917153
51917189
51917207
51917287
51917311
51917347
51917351
51917353
51917389
51917399
51917431
51917441
51917447
51917477
51917479
51917501
51917513
51917531
51917533
51917539
51917561
51917597
51917599
51917611
51917617
51917659
51917669
51917683
51917689
51917717
51917729
51917753
51917809
51917821
51917837
51917843
51917857
51917869
51917891
51917897
51917903
51917927
51917933
51917947
51917951
51917953
51917959
51917977
51918001
51918011
51918019
51918037
51918043
51918047
51918059
51918109
51918121
51918131
51918133
51918143
51918161
51918169
51918197
51918263
51918277
51918301
51918311
51918353
51918359
51918371
51918401
51918443
51918457
51918467
51918473
51918491
51918539
51918547
51918551
51918589
51918599
51918617
51918619
51918623
51918631
51918653
51918661
51918667
51918677
51918683
51918689
51918703
51918719
51918739
51918749
51918767
51918793
51918803
51918809
51918847
51918851
51918859
51918877
51918913
51918917
51918967
51919013
51919031
51919061
51919081
51919121
51919169
51919183
51919187
51919201
51919223
51919237
51919253
51919271
51919321
51919331
51919333
51919337
51919363
51919369
51919379
51919391
51919393
51919459
51919477
51919493
51919499
51919507
51919583
51919591
51919603
51919607
51919627
51919633
51919661
51919727
51919733
51919739
51919753
51919781
51919783
51919793
51919801
51919811
51919859
51919867
51919871
51919873
51919883
51919891
51919897
51919909
51919927
51919943
51919949
51919961
51919999
51920017
51920021
51920041
51920047
51920083
51920087
51920117
51920119
51920149
51920153
51920173
51920189
51920201
51920233
51920249
51920251
51920263
51920273
51920279
51920291
51920339
51920389
51920417
51920419
51920441
51920461
51920471
51920501
51920513
51920543
51920551
51920611
51920621
51920639
51920647
51920653
51920677
51920707
51920717
51920723
51920741
51920773
51920783
51920797
51920819
51920833
51920917
51920923
51920927
51920963
51920971
51920983
51920989
51920993
51921007
51921011
51921019
51921059
51921071
51921073
51921083
51921109
51921119
51921151
51921173
51921193
51921203
51921209
51921217
51921241
51921271
51921299
51921307
51921341
51921343
51921361
51921367
51921371
51921409
51921413
51921427
51921437
51921473
51921491
51921521
51921523
51921533
51921577
51921589
51921599
51921647
51921659
51921671
51921677
51921691
51921697
51921707
51921731
51921733
51921739
51921743
51921773
51921809
51921817
51921827
51921839
51921853
51921899
51921913
51921917
51921923
51921929
51921943
51921959
51921983
51921997
51922001
51922007
51922019
51922021
51922037
51922043
51922051
51922067
51922069
51922081
51922103
51922127
51922133
51922153
51922187
51922217
51922219
51922261
51922279
51922289
51922309
51922327
51922331
51922361
51922363
51922373
51922411
51922469
51922501
51922517
51922531
51922561
51922567
51922571
51922579
51922627
51922643
51922667
51922679
51922691
51922693
51922697
51922721
51922723
51922781
51922817
51922837
51922841
51922853
51922873
51922889
51922901
51922903
51922907
51922909
51922979
51922993
51922999
51923041
51923051
51923071
51923077
51923087
51923089
51923101
51923107
51923111
51923119
51923129
51923147
51923149
51923153
51923177
51923237
51923239
51923243
51923251
51923273
51923281
51923293
51923323
51923327
51923353
51923359
51923407
51923413
51923429
51923449
51923471
51923477
51923479
51923483
51923519
51923537
51923539
51923549
51923551
51923591
51923609
51923611
51923621
51923633
51923657
51923681
51923687
51923699
51923723
51923731
51923759
51923779
51923803
51923819
51923821
51923843
51923873
51923909
51923929
51923947
51923957
51923981
51924011
51924031
51924043
51924073
51924127
51924157
51924161
51924193
51924199
51924203
51924241
51924247
51924269
51924277
51924281
51924311
51924319
51924337
51924343
51924347
51924371
51924373
51924377
51924401
51924407
51924421
51924437
51924479
51924487
51924493
51924497
51924541
51924571
51924583
51924599
51924611
51924629
51924637
51924641
51924667
51924671
51924673
51924689
51924709
51924713
51924833
51924889
51924893
51924923
51924931
51924941
51924947
51924991
51925019
51925039
51925057
51925061
51925079
51925103
51925121
51925127
51925129
51925141
51925163
51925169
51925189
51925207
51925219
51925231
51925243
51925249
51925253
51925273
51925277
51925301
51925303
51925331
51925333
51925337
51925343
51925373
51925397
51925417
51925439
51925453
51925481
51925483
51925501
51925507
51925519
51925561
51925567
51925583
51925591
51925607
51925609
51925661
51925663
51925669
51925733
51925759
51925771
51925781
51925801
51925807
51925829
51925843
51925883
51925889
51925901
51925903
51925933
51925949
51925957
51925963
51925969
51925981
51925987
51925997
51925999
51926009
51926011
51926027
51926029
51926033
51926047
51926093
51926113
51926129
51926159
51926191
51926201
51926239
51926243
51926261
51926291
51926299
51926321
51926353
51926359
51926389
51926419
51926461
51926471
51926473
51926509
51926513
51926527
51926531
51926557
51926569
51926599
51926603
51926689
51926701
51926717
51926731
51926759
51926807
51926863
51926879
51926887
51926957
51926977
51926989
51926999
51927011
51927037
51927053
51927091
51927097
51927119
51927137
51927157
51927167
51927173
51927181
51927191
51927217
51927233
51927241
51927289
51927331
51927383
51927397
51927413
51927419
51927431
51927451
51927467
51927497
51927517
51927559
51927563
51927581
51927587
51927599
51927643
51927647
51927649
51927677
51927679
51927683
51927691
51927713
51927737
51927751
51927763
51927791
51927793
51927797
51927803
51927823
51927833
51927857
51927899
51927901
51927913
51927917
51927923
51927943
51927947
51927949
51927971
51927973
51928027
51928049
51928103
51928117
51928153
51928169
51928187
51928189
51928237
51928249
51928259
51928267
51928301
51928307
51928309
51928321
51928333
51928339
51928367
51928399
51928403
51928451
51928493
51928543
51928579
51928601
51928607
51928631
51928633
51928661
51928663
51928697
51928699
51928739
51928753
51928759
51928781
51928823
51928841
51928861
51928927
51928939
51928949
51928951
51928969
51928973
51928997
51929011
51929021
51929039
51929041
51929057
51929063
51929077
51929089
51929161
51929177
51929183
51929209
51929231
51929233
51929243
51929279
51929281
51929321
51929327
51929351
51929359
51929363
51929387
51929393
51929417
51929429
51929447
51929461
51929473
51929513
51929519
51929567
51929569
51929573
51929587
51929599
51929609
51929639
51929659
51929687
51929701
51929711
51929719
51929723
51929729
51929737
51929753
51929797
51929851
51929861
51929881
51929887
51929893
51929909
51929921
51929947
51929953
51929959
51930001
51930013
51930023
51930037
51930061
51930071
51930091
51930119
51930127
51930157
51930163
51930199
51930209
51930289
51930299
51930311
51930331
51930353
51930367
51930371
51930377
51930391
51930397
51930421
51930449
51930457
51930467
51930479
51930491
51930511
51930517
51930533
51930547
51930569
51930589
51930617
51930649
51930661
51930691
51930701
51930709
51930727
51930731
51930751
51930773
51930787
51930833
51930839
51930847
51930871
51930881
51930929
51930953
51930997
51931001
51931003
51931007
51931013
51931021
51931037
51931063
51931067
51931081
51931093
51931127
51931183
51931207
51931223
51931249
51931259
51931267
51931283
51931307
51931337
51931343
51931391
51931393
51931421
51931423
51931433
51931441
51931457
51931463
51931483
51931501
51931507
51931511
51931553
51931577
51931591
51931619
51931639
51931643
51931657
51931667
51931669
51931681
51931687
51931703
51931729
51931751
51931777
51931783
51931793
51931799
51931819
51931843
51931903
51931909
51931927
51931939
51931961
51931973
51931987
51932047
51932063
51932081
51932087
51932131
51932141
51932143
51932147
51932173
51932189
51932191
51932239
51932267
51932269
51932299
51932323
51932329
51932341
51932369
51932371
51932381
51932389
51932407
51932429
51932431
51932443
51932537
51932561
51932593
51932599
51932611
51932623
51932627
51932659
51932669
51932693
51932717
51932729
51932731
51932743
51932753
51932801
51932813
51932819
51932861
51932869
51932891
51932911
51932953
51932983
51932999
51933031
51933059
51933067
51933071
51933097
51933127
51933131
51933139
51933151
51933169
51933173
51933187
51933197
51933209
51933223
51933227
51933239
51933263
51933313
51933359
51933367
51933373
51933397
51933407
51933421
51933437
51933439
51933443
51933451
51933457
51933467
51933523
51933529
51933571
51933601
51933619
51933647
51933653
51933677
51933689
51933719
51933737
51933781
51933811
51933851
51933857
51933863
51933877
51933881
51933901
51933907
51933923
51933941
51933943
51933961
51933967
51933971
51933989
51934027
51934037
51934073
51934093
51934121
51934151
51934189
51934217
51934229
51934261
51934279
51934283
51934291
51934297
51934307
51934319
51934327
51934343
51934357
51934361
51934367
51934373
51934381
51934387
51934403
51934409
51934433
51934451
51934457
51934459
51934481
51934499
51934513
51934549
51934559
51934567
51934591
51934613
51934639
51934651
51934721
51934723
51934739
51934769
51934783
51934807
51934871
51934891
51934921
51934931
51934933
51934937
51934963
51934979
51934997
51935011
51935029
51935033
51935041
51935053
51935083
51935089
51935101
51935123
51935159
51935171
51935179
51935203
51935269
51935287
51935297
51935321
51935333
51935347
51935353
51935363
51935371
51935413
51935489
51935563
51935567
51935573
51935593
51935603
51935623
51935647
51935651
51935659
51935669
51935671
51935677
51935687
51935693
51935699
51935711
51935713
51935747
51935749
51935783
51935789
51935791
51935801
51935803
51935843
51935869
51935879
51935899
51935903
51935927
51935929
51935963
51935977
51936007
51936029
51936041
51936097
51936103
51936109
51936121
51936127
51936149
51936151
51936163
51936169
51936179
51936221
51936229
51936233
51936239
51936263
51936281
51936319
51936331
51936341
51936371
51936383
51936397
51936407
51936433
51936473
51936497
51936569
51936583
51936589
51936607
51936629
51936659
51936673
51936707
51936727
51936743
51936757
51936761
51936769
51936779
51936809
51936821
51936827
51936839
51936847
51936869
51936881
51936901
51936931
51936943
51936953
51937003
51937019
51937027
51937033
51937043
51937063
51937069
51937073
51937147
51937181
51937199
51937213
51937217
51937247
51937253
51937271
51937273
51937309
51937321
51937337
51937343
51937349
51937357
51937367
51937433
51937471
51937477
51937513
51937517
51937531
51937553
51937559
51937577
51937591
51937619
51937631
51937649
51937667
51937687
51937709
51937723
51937727
51937729
51937733
51937747
51937783
51937789
51937799
51937801
51937817
51937829
51937843
51937859
51937883
51937891
51937903
51937913
51937943
51937981
51937987
51937999
51938011
51938017
51938027
51938053
51938069
51938093
51938119
51938123
51938129
51938137
51938143
51938147
51938167
51938171
51938177
51938189
51938239
51938273
51938279
51938287
51938291
51938309
51938311
51938351
51938363
51938371
51938387
51938399
51938401
51938407
51938441
51938473
51938477
51938479
51938489
51938521
51938561
51938581
51938591
51938603
51938611
51938617
51938641
51938657
51938659
51938693
51938699
51938717
51938737
51938741
51938753
51938773
51938779
51938813
51938833
51938839
51938849
51938881
51938903
51938917
51938921
51938933
51938959
51938963
51938983
51938987
51939001
51939007
51939023
51939049
51939053
51939067
51939071
51939073
51939077
51939079
51939101
51939119
51939161
51939187
51939259
51939287
51939299
51939323
51939341
51939343
51939347
51939367
51939373
51939389
51939401
51939409
51939431
51939457
51939467
51939509
51939541
51939593
51939683
51939691
51939697
51939703
51939733
51939737
51939739
51939751
51939757
51939763
51939791
51939821
51939857
51939859
51939869
51939929
51939959
51939961
51940013
51940019
51940043
51940061
51940069
51940093
51940099
51940139
51940171
51940181
51940201
51940211
51940249
51940271
51940289
51940297
51940307
51940331
51940351
51940379
51940387
51940451
51940501
51940519
51940523
51940529
51940541
51940543
51940549
51940579
51940597
51940607
51940613
51940619
51940621
51940633
51940639
51940657
51940663
51940697
51940703
51940723
51940747
51940751
51940771
51940817
51940843
51940853
51940873
51940907
51940913
51940919
51940939
51940981
51940991
51940997
51941009
51941011
51941017
51941039
51941047
51941053
51941077
51941111
51941159
51941161
51941167
51941173
51941207
51941261
51941293
51941297
51941327
51941339
51941353
51941363
51941387
51941423
51941437
51941441
51941453
51941507
51941531
51941543
51941563
51941569
51941609
51941623
51941633
51941663
51941671
51941677
51941699
51941707
51941713
51941719
51941737
51941753
51941803
51941809
51941819
51941837
51941861
51941863
51941867
51941881
51941887
51941891
51941917
51941941
51941971
51941983
51942001
51942031
51942071
51942101
51942127
51942131
51942133
51942139
51942197
51942199
51942217
51942223
51942227
51942229
51942271
51942301
51942307
51942337
51942343
51942389
51942403
51942419
51942427
51942431
51942437
51942439
51942461
51942521
51942547
51942551
51942557
51942601
51942607
51942623
51942629
51942643
51942647
51942673
51942689
51942691
51942697
51942707
51942743
51942749
51942767
51942773
51942851
51942853
51942893
51942899
51942907
51942911
51942991
51942997
51943013
51943027
51943057
51943081
51943091
51943121
51943123
51943141
51943193
51943201
51943217
51943219
51943231
51943237
51943247
51943249
51943253
51943261
51943267
51943349
51943393
51943417
51943421
51943429
51943447
51943457
51943459
51943477
51943481
51943519
51943537
51943589
51943603
51943649
51943651
51943673
51943681
51943691
51943709
51943711
51943733
51943741
51943751
51943753
51943783
51943811
51943861
51943939
51943949
51943951
51943963
51943981
51943999
51944023
51944029
51944063
51944077
51944107
51944111
51944117
51944147
51944173
51944201
51944203
51944219
51944237
51944257
51944261
51944267
51944279
51944297
51944371
51944377
51944383
51944393
51944491
51944531
51944533
51944569
51944587
51944591
51944593
51944617
51944653
51944657
51944693
51944699
51944719
51944743
51944749
51944779
51944819
51944831
51944861
51944897
51944941
51944947
51944953
51944987
51944999
51945001
51945043
51945053
51945059
51945071
51945079
51945133
51945137
51945143
51945191
51945241
51945281
51945307
51945323
51945337
51945347
51945349
51945403
51945427
51945433
51945437
51945451
51945461
51945479
51945493
51945503
51945527
51945529
51945539
51945571
51945577
51945589
51945617
51945623
51945629
51945643
51945653
51945701
51945767
51945769
51945787
51945821
51945827
51945833
51945869
51945871
51945877
51945889
51945899
51945911
51945913
51945947
51945961
51945977
51945991
51946003
51946009
51946031
51946051
51946073
51946091
51946099
51946117
51946123
51946127
51946129
51946183
51946189
51946199
51946211
51946229
51946231
51946249
51946267
51946291
51946309
51946333
51946379
51946381
51946387
51946393
51946417
51946423
51946459
51946469
51946481
51946487
51946493
51946501
51946523
51946553
51946561
51946571
51946579
51946597
51946613
51946619
51946637
51946667
51946693
51946717
51946721
51946759
51946777
51946787
51946789
51946813
51946831
51946879
51946901
51946919
51946933
51946957
51946981
51946987
51946991
51946997
51947009
51947029
51947057
51947069
51947101
51947113
51947143
51947167
51947183
51947209
51947213
51947237
51947243
51947279
51947303
51947321
51947333
51947339
51947353
51947377
51947383
51947407
51947419
51947429
51947437
51947453
51947479
51947503
51947507
51947513
51947527
51947551
51947561
51947587
51947591
51947641
51947669
51947681
51947711
51947717
51947759
51947761
51947809
51947813
51947821
51947839
51947849
51947851
51947873
51947879
51947891
51947893
51947899
51947911
51947939
51947941
51947977
51948011
51948047
51948079
51948089
51948097
51948101
51948103
51948119
51948121
51948131
51948139
51948161
51948167
51948199
51948229
51948287
51948293
51948341
51948349
51948373
51948397
51948401
51948409
51948431
51948439
51948493
51948503
51948509
51948521
51948551
51948557
51948569
51948571
51948577
51948623
51948661
51948667
51948683
51948691
51948709
51948727
51948731
51948737
51948739
51948749
51948761
51948779
51948781
51948811
51948823
51948847
51948863
51948931
51948937
51948979
51948989
51949013
51949039
51949043
51949069
51949081
51949099
51949103
51949123
51949133
51949141
51949153
51949159
51949171
51949181
51949189
51949207
51949213
51949243
51949253
51949267
51949283
51949301
51949309
51949319
51949327
51949333
51949343
51949361
51949367
51949379
51949409
51949421
51949427
51949453
51949511
51949519
51949537
51949577
51949609
51949621
51949649
51949661
51949669
51949673
51949687
51949763
51949771
51949789
51949811
51949823
51949837
51949861
51949867
51949871
51949883
51949897
51949901
51949957
51949967
51949969
51950023
51950033
51950039
51950051
51950053
51950083
51950089
51950111
51950131
51950159
51950177
51950179
51950189
51950207
51950209
51950221
51950243
51950251
51950273
51950291
51950293
51950299
51950329
51950333
51950341
51950357
51950359
51950363
51950401
51950413
51950443
51950449
51950471
51950477
51950497
51950543
51950597
51950641
51950659
51950677
51950681
51950719
51950737
51950777
51950791
51950797
51950809
51950819
51950863
51950867
51950869
51950879
51950881
51950887
51950891
51950917
51950939
51950957
51950989
51951007
51951013
51951017
51951019
51951047
51951049
51951079
51951083
51951091
51951101
51951113
51951157
51951173
51951217
51951233
51951241
51951259
51951281
51951283
51951343
51951373
51951397
51951409
51951421
51951433
51951437
51951451
51951463
51951467
51951479
51951511
51951521
51951527
51951539
51951563
51951569
51951593
51951619
51951659
51951661
51951709
51951749
51951751
51951761
51951769
51951793
51951829
51951853
51951859
51951883
51951899
51951923
51951929
51951937
51951971
51951997
51952013
51952039
51952081
51952093
51952097
51952139
51952151
51952163
51952169
51952171
51952177
51952211
51952247
51952259
51952261
51952283
51952301
51952337
51952339
51952361
51952367
51952379
51952447
51952451
51952457
51952463
51952487
51952499
51952507
51952547
51952583
51952591
51952609
51952613
51952619
51952633
51952651
51952661
51952711
51952727
51952739
51952741
51952751
51952753
51952793
51952811
51952829
51952843
51952877
51952903
51952913
51952933
51952951
51952961
51952963
51952991
51953023
51953039
51953047
51953059
51953063
51953081
51953089
51953107
51953119
51953137
51953141
51953147
51953149
51953177
51953203
51953221
51953227
51953233
51953243
51953249
51953257
51953261
51953267
51953281
51953299
51953329
51953339
51953347
51953357
51953359
51953381
51953383
51953387
51953399
51953401
51953441
51953449
51953501
51953507
51953549
51953557
51953579
51953593
51953597
51953617
51953623
51953633
51953669
51953687
51953723
51953729
51953747
51953749
51953789
51953791
51953801
51953831
51953851
51953857
51953873
51953893
51953899
51953947
51953953
51953963
51953977
51953983
51954013
51954029
51954053
51954143
51954157
51954163
51954181
51954197
51954209
51954211
51954229
51954241
51954247
51954269
51954281
51954311
51954313
51954359
51954377
51954389
51954407
51954433
51954437
51954443
51954473
51954491
51954517
51954521
51954559
51954563
51954589
51954593
51954629
51954649
51954673
51954691
51954709
51954713
51954733
51954739
51954767
51954779
51954781
51954817
51954827
51954829
51954857
51954871
51954883
51954887
51954899
51954923
51954967
51954971
51954983
51954997
51955019
51955073
51955081
51955087
51955097
51955117
51955129
51955133
51955171
51955193
51955199
51955231
51955283
51955303
51955313
51955357
51955361
51955369
51955391
51955399
51955429
51955439
51955447
51955471
51955499
51955523
51955531
51955549
51955571
51955601
51955609
51955637
51955661
51955667
51955691
51955697
51955699
51955711
51955751
51955763
51955769
51955777
51955789
51955811
51955829
51955867
51955877
51955889
51955901
51955933
51955991
51955993
51955999
51956039
51956053
51956119
51956123
51956129
51956137
51956141
51956159
51956161
51956171
51956173
51956209
51956213
51956221
51956227
51956239
51956243
51956249
51956263
51956293
51956297
51956339
51956351
51956353
51956357
51956381
51956417
51956447
51956453
51956459
51956501
51956503
51956519
51956537
51956551
51956561
51956579
51956587
51956591
51956623
51956627
51956629
51956633
51956647
51956669
51956683
51956699
51956741
51956767
51956783
51956791
51956797
51956803
51956809
51956831
51956833
51956869
51956909
51956929
51956939
51956941
51956999
51957007
51957041
51957047
51957053
51957071
51957121
51957133
51957149
51957173
51957179
51957187
51957197
51957203
51957233
51957277
51957281
51957289
51957293
51957307
51957319
51957341
51957359
51957383
51957403
51957407
51957413
51957427
51957449
51957463
51957469
51957511
51957551
51957553
51957557
51957569
51957599
51957611
51957617
51957623
51957691
51957707
51957727
51957749
51957757
51957769
51957811
51957817
51957833
51957847
51957853
51957863
51957869
51957881
51957887
51957901
51957907
51957911
51957931
51957949
51957959
51957977
51957979
51957991
51958003
51958007
51958021
51958033
51958057
51958079
51958097
51958099
51958121
51958129
51958189
51958199
51958223
51958259
51958267
51958271
51958279
51958321
51958327
51958381
51958411
51958421
51958427
51958469
51958499
51958523
51958531
51958583
51958589
51958591
51958607
51958609
51958637
51958639
51958649
51958651
51958657
51958667
51958717
51958793
51958801
51958811
51958813
51958831
51958847
51958861
51958871
51958873
51958889
51958891
51958903
51958927
51958937
51958943
51958979
51959003
51959009
51959029
51959041
51959077
51959107
51959143
51959161
51959189
51959203
51959207
51959221
51959269
51959333
51959363
51959407
51959431
51959459
51959473
51959477
51959513
51959533
51959539
51959543
51959549
51959563
51959591
51959597
51959603
51959629
51959641
51959647
51959651
51959659
51959683
51959749
51959779
51959797
51959827
51959839
51959849
51959857
51959881
51959903
51959917
51959933
51959969
51959989
51960023
51960037
51960043
51960071
51960089
51960091
51960107
51960113
51960119
51960131
51960137
51960149
51960221
51960229
51960277
51960283
51960301
51960317
51960341
51960343
51960361
51960379
51960413
51960463
51960481
51960487
51960509
51960529
51960589
51960607
51960613
51960637
51960659
51960679
51960683
51960697
51960731
51960737
51960773
51960791
51960793
51960809
51960869
51960901
51960941
51960967
51960971
51961001
51961003
51961009
51961033
51961043
51961051
51961093
51961099
51961109
51961111
51961121
51961139
51961141
51961153
51961159
51961183
51961193
51961199
51961201
51961207
51961211
51961249
51961271
51961277
51961289
51961291
51961297
51961313
51961331
51961379
51961387
51961433
51961451
51961457
51961463
51961471
51961489
51961513
51961517
51961519
51961541
51961573
51961603
51961627
51961631
51961643
51961681
51961709
51961729
51961733
51961739
51961747
51961817
51961829
51961879
51961891
51961909
51961919
51961927
51961951
51961961
51961963
51961967
51961999
51962003
51962011
51962041
51962063
51962077
51962087
51962117
51962137
51962159
51962173
51962227
51962237
51962243
51962263
51962279
51962291
51962297
51962299
51962311
51962327
51962341
51962357
51962377
51962389
51962411
51962437
51962459
51962483
51962501
51962507
51962527
51962563
51962567
51962569
51962579
51962597
51962611
51962633
51962717
51962719
51962723
51962749
51962753
51962821
51962839
51962857
51962861
51962873
51962881
51962899
51962921
51962923
51962941
51962947
51962951
51962971
51962987
51962993
51963007
51963013
51963019
51963047
51963073
51963089
51963091
51963097
51963143
51963151
51963167
51963173
51963179
51963199
51963253
51963293
51963313
51963367
51963403
51963413
51963469
51963493
51963497
51963511
51963547
51963559
51963589
51963599
51963617
51963631
51963641
51963661
51963677
51963721
51963731
51963763
51963767
51963817
51963827
51963839
51963869
51963871
51963881
51963913
51963929
51963949
51963959
51963973
51964001
51964007
51964037
51964039
51964049
51964051
51964063
51964079
51964123
51964139
51964147
51964193
51964217
51964267
51964301
51964307
51964379
51964417
51964439
51964441
51964457
51964477
51964513
51964531
51964537
51964543
51964547
51964553
51964559
51964571
51964603
51964609
51964621
51964667
51964669
51964681
51964709
51964721
51964727
51964729
51964771
51964789
51964807
51964813
51964819
51964841
51964849
51964853
51964873
51964883
51964901
51964921
51964931
51964967
51964993
51965003
51965041
51965051
51965077
51965093
51965101
51965117
51965161
51965167
51965191
51965201
51965213
51965219
51965227
51965237
51965261
51965297
51965317
51965339
51965341
51965357
51965359
51965363
51965369
51965377
51965383
51965449
51965453
51965461
51965471
51965497
51965509
51965527
51965569
51965581
51965603
51965621
51965633
51965677
51965699
51965701
51965729
51965743
51965773
51965777
51965783
51965789
51965791
51965857
51965861
51965863
51965897
51965899
51965929
51965933
51965959
51965971
51965981
51965989
51966029
51966037
51966041
51966043
51966053
51966073
51966097
51966119
51966143
51966149
51966151
51966169
51966179
51966181
51966203
51966221
51966253
51966293
51966301
51966307
51966319
51966337
51966353
51966371
51966379
51966413
51966427
51966457
51966461
51966479
51966491
51966503
51966517
51966547
51966587
51966599
51966643
51966701
51966709
51966727
51966737
51966769
51966781
51966829
51966857
51966917
51966973
51966983
51966989
51966997
51967031
51967037
51967039
51967057
51967061
51967081
51967099
51967121
51967127
51967133
51967183
51967187
51967193
51967211
51967229
51967241
51967247
51967273
51967301
51967309
51967369
51967381
51967387
51967393
51967397
51967417
51967423
51967427
51967441
51967469
51967481
51967483
51967519
51967529
51967537
51967577
51967579
51967609
51967633
51967651
51967661
51967667
51967673
51967753
51967757
51967781
51967801
51967807
51967829
51967837
51967843
51967871
51967889
51967891
51967933
51967939
51967957
51967961
51967969
51967987
51967991
51967999
51968027
51968051
51968083
51968089
51968107
51968113
51968129
51968131
51968153
51968159
51968171
51968179
51968207
51968219
51968221
51968233
51968243
51968291
51968297
51968299
51968309
51968327
51968353
51968419
51968437
51968447
51968453
51968459
51968489
51968503
51968513
51968549
51968561
51968593
51968597
51968599
51968603
51968611
51968633
51968647
51968701
51968713
51968717
51968731
51968747
51968759
51968789
51968809
51968827
51968863
51968893
51968921
51968929
51968953
51968963
51968977
51968993
51969059
51969061
51969067
51969077
51969079
51969103
51969109
51969139
51969143
51969157
51969193
51969209
51969223
51969227
51969251
51969257
51969311
51969319
51969331
51969343
51969367
51969431
51969433
51969469
51969473
51969517
51969523
51969529
51969553
51969557
51969569
51969587
51969601
51969611
51969613
51969623
51969637
51969661
51969667
51969679
51969683
51969707
51969727
51969761
51969767
51969773
51969809
51969829
51969851
51969871
51969877
51969887
51969961
51969971
51969977
51970013
51970027
51970031
51970033
