52232239
52232249
52232261
52232263
52232267
52232293
52232317
52232339
52232353
52232363
52232377
52232399
52232413
52232431
52232441
52232443
52232491
52232497
52232503
52232513
52232519
52232527
52232591
52232603
52232617
52232623
52232627
52232629
52232633
52232671
52232689
52232693
52232699
52232711
52232723
52232749
52232753
52232771
52232773
52232797
52232821
52232827
52232833
52232867
52232899
52232911
52232951
52232953
52232963
52232969
52232987
52233001
52233043
52233053
52233073
52233101
52233149
52233169
52233173
52233191
52233199
52233217
52233229
52233271
52233283
52233289
52233317
52233323
52233329
52233359
52233373
52233407
52233409
52233431
52233443
52233473
52233487
52233491
52233509
52233521
52233539
52233541
52233547
52233551
52233569
52233581
52233607
52233619
52233637
52233653
52233721
52233737
52233767
52233871
52233889
52233913
52233917
52233941
52233953
52233971
52233997
52234001
52234003
52234019
52234027
52234031
52234033
52234037
52234051
52234067
52234073
52234087
52234103
52234109
52234111
52234139
52234153
52234199
52234229
52234241
52234243
52234253
52234267
52234277
52234291
52234327
52234333
52234337
52234381
52234397
52234433
52234447
52234453
52234459
52234499
52234517
52234519
52234561
52234579
52234601
52234613
52234621
52234669
52234681
52234687
52234711
52234717
52234729
52234739
52234751
52234753
52234759
52234807
52234823
52234837
52234841
52234867
52234873
52234891
52234927
52234961
52234967
52234991
52235011
52235039
52235059
52235069
52235081
52235159
52235167
52235171
52235191
52235207
52235213
52235221
52235299
52235321
52235347
52235363
52235383
52235387
52235399
52235401
52235413
52235423
52235431
52235437
52235479
52235531
52235539
52235549
52235593
52235597
52235621
52235629
52235657
52235663
52235683
52235707
52235717
52235723
52235741
52235759
52235767
52235773
52235803
52235831
52235867
52235879
52235893
52235903
52235923
52235957
52235977
52235983
52235987
52235993
52235999
52236001
52236007
52236031
52236083
52236101
52236113
52236137
52236157
52236161
52236169
52236199
52236203
52236227
52236251
52236259
52236269
52236277
52236281
52236287
52236293
52236307
52236329
52236361
52236367
52236389
52236403
52236407
52236413
52236421
52236439
52236463
52236467
52236521
52236533
52236539
52236589
52236607
52236619
52236647
52236659
52236661
52236671
52236673
52236689
52236697
52236707
52236727
52236739
52236761
52236763
52236809
52236857
52236893
52236929
52236931
52236941
52236949
52236967
52236973
52236983
52237001
52237063
52237093
52237103
52237123
52237127
52237183
52237189
52237193
52237247
52237271
52237279
52237319
52237331
52237333
52237343
52237349
52237357
52237363
52237369
52237373
52237399
52237459
52237477
52237499
52237501
52237519
52237529
52237543
52237589
52237609
52237621
52237637
52237639
52237667
52237709
52237711
52237769
52237781
52237799
52237811
52237831
52237837
52237841
52237847
52237873
52237879
52237909
52237919
52237943
52237993
52238003
52238023
52238027
52238047
52238051
52238063
52238071
52238099
52238111
52238119
52238159
52238167
52238177
52238209
52238213
52238227
52238233
52238243
52238257
52238269
52238273
52238281
52238287
52238323
52238327
52238341
52238369
52238377
52238383
52238401
52238447
52238489
52238491
52238521
52238533
52238539
52238579
52238609
52238611
52238617
52238647
52238653
52238663
52238713
52238737
52238741
52238759
52238801
52238803
52238821
52238827
52238839
52238843
52238863
52238869
52238881
52238887
52238897
52238899
52238929
52238941
52238951
52238969
52238983
52239007
52239017
52239067
52239071
52239091
52239101
52239127
52239133
52239157
52239191
52239193
52239211
52239217
52239293
52239307
52239323
52239331
52239337
52239377
52239391
52239443
52239479
52239497
52239533
52239541
52239547
52239553
52239559
52239571
52239613
52239631
52239653
52239659
52239661
52239673
52239679
52239703
52239713
52239763
52239767
52239773
52239791
52239899
52239907
52239917
52239919
52239931
52239937
52239989
52240043
52240057
52240079
52240081
52240091
52240121
52240163
52240183
52240229
52240247
52240267
52240297
52240327
52240361
52240393
52240403
52240421
52240427
52240469
52240471
52240493
52240499
52240511
52240523
52240537
52240543
52240577
52240579
52240619
52240631
52240667
52240681
52240733
52240739
52240777
52240801
52240819
52240831
52240841
52240871
52240873
52240891
52240897
52240913
52240933
52240939
52240943
52240957
52240963
52240967
52240997
52241009
52241023
52241053
52241081
52241117
52241129
52241149
52241159
52241183
52241201
52241207
52241227
52241237
52241243
52241297
52241311
52241363
52241377
52241401
52241407
52241429
52241443
52241467
52241471
52241473
52241477
52241489
52241509
52241513
52241537
52241551
52241569
52241653
52241677
52241719
52241723
52241737
52241741
52241753
52241767
52241771
52241779
52241797
52241857
52241869
52241911
52241921
52241953
52241971
52241983
52242017
52242019
52242031
52242041
52242049
52242053
52242101
52242103
52242107
52242143
52242167
52242181
52242209
52242227
52242257
52242277
52242287
52242301
52242319
52242331
52242341
52242353
52242373
52242389
52242391
52242397
52242401
52242451
52242467
52242469
52242473
52242481
52242539
52242563
52242611
52242629
52242653
52242667
52242679
52242689
52242727
52242737
52242763
52242767
52242769
52242787
52242809
52242851
52242859
52242871
52242877
52242899
52242919
52242929
52242943
52242973
52243003
52243013
52243019
52243033
52243039
52243043
52243063
52243069
52243073
52243129
52243157
52243187
52243199
52243211
52243229
52243231
52243283
52243333
52243337
52243343
52243357
52243381
52243393
52243417
52243439
52243441
52243447
52243453
52243481
52243487
52243489
52243507
52243523
52243547
52243571
52243573
52243613
52243627
52243643
52243663
52243679
52243687
52243699
52243729
52243777
52243813
52243817
52243843
52243847
52243921
52243937
52243943
52243949
52243981
52244029
52244033
52244057
52244069
52244089
52244131
52244149
52244177
52244239
52244251
52244279
52244303
52244321
52244327
52244351
52244369
52244377
52244429
52244449
52244483
52244497
52244501
52244531
52244557
52244561
52244617
52244627
52244639
52244651
52244653
52244671
52244741
52244743
52244749
52244807
52244809
52244821
52244831
52244839
52244849
52244867
52244887
52244903
52244917
52244971
52244981
52244987
52244989
52244993
52245001
52245007
52245023
52245071
52245113
52245143
52245169
52245181
52245197
52245203
52245217
52245229
52245241
52245257
52245283
52245299
52245311
52245313
52245343
52245353
52245367
52245407
52245409
52245419
52245491
52245527
52245541
52245569
52245587
52245593
52245601
52245631
52245637
52245643
52245653
52245671
52245689
52245691
52245701
52245703
52245749
52245751
52245769
52245793
52245797
52245803
52245821
52245833
52245841
52245859
52245911
52245917
52245923
52245979
52246003
52246037
52246063
52246111
52246141
52246147
52246153
52246163
52246171
52246217
52246223
52246241
52246277
52246279
52246291
52246307
52246339
52246349
52246379
52246417
52246421
52246427
52246463
52246477
52246489
52246531
52246541
52246543
52246549
52246573
52246583
52246589
52246613
52246633
52246651
52246679
52246681
52246693
52246697
52246703
52246721
52246723
52246739
52246741
52246759
52246771
52246781
52246787
52246807
52246813
52246847
52246877
52246889
52246891
52246897
52246913
52246969
52246973
52246981
52246993
52247003
52247011
52247023
52247077
52247081
52247087
52247101
52247141
52247147
52247159
52247179
52247189
52247213
52247227
52247231
52247257
52247263
52247281
52247311
52247353
52247381
52247387
52247389
52247399
52247411
52247413
52247417
52247449
52247479
52247483
52247491
52247527
52247561
52247563
52247567
52247581
52247599
52247621
52247639
52247669
52247707
52247719
52247729
52247731
52247759
52247761
52247809
52247813
52247831
52247849
52247861
52247887
52247917
52247941
52247947
52247957
52247969
52247999
52248011
52248013
52248059
52248083
52248103
52248109
52248127
52248173
52248197
52248211
52248221
52248239
52248247
52248253
52248277
52248281
52248307
52248319
52248323
52248331
52248359
52248367
52248377
52248379
52248389
52248419
52248431
52248439
52248451
52248487
52248491
52248533
52248541
52248557
52248563
52248587
52248611
52248629
52248641
52248643
52248659
52248673
52248697
52248731
52248737
52248751
52248761
52248797
52248821
52248839
52248851
52248877
52248887
52248907
52248949
52248961
52248967
52248979
52249009
52249027
52249037
52249051
52249073
52249091
52249111
52249121
52249157
52249159
52249163
52249181
52249189
52249193
52249199
52249201
52249207
52249231
52249237
52249273
52249303
52249321
52249331
52249339
52249349
52249363
52249369
52249409
52249427
52249433
52249447
52249459
52249469
52249493
52249501
52249507
52249511
52249529
52249541
52249553
52249559
52249591
52249627
52249649
52249657
52249669
52249711
52249739
52249741
52249763
52249777
52249781
52249807
52249831
52249843
52249861
52249871
52249907
52249927
52249933
52249963
52249991
52250021
52250039
52250053
52250059
52250063
52250069
52250087
52250119
52250123
52250137
52250147
52250153
52250161
52250167
52250189
52250207
52250251
52250269
52250287
52250309
52250351
52250353
52250357
52250369
52250381
52250383
52250423
52250447
52250453
52250477
52250491
52250519
52250581
52250599
52250603
52250617
52250621
52250629
52250647
52250651
52250657
52250659
52250669
52250677
52250683
52250711
52250729
52250749
52250761
52250773
52250777
52250797
52250827
52250879
52250881
52250909
52250941
52251029
52251061
52251071
52251077
52251079
52251091
52251103
52251109
52251113
52251119
52251131
52251181
52251187
52251209
52251211
52251253
52251259
52251293
52251299
52251307
52251317
52251379
52251401
52251449
52251457
52251473
52251487
52251509
52251517
52251559
52251581
52251599
52251601
52251637
52251677
52251697
52251701
52251713
52251743
52251763
52251779
52251803
52251809
52251817
52251821
52251841
52251847
52251851
52251869
52251877
52251959
52251967
52251971
52251973
52251977
52252001
52252007
52252049
52252073
52252087
52252097
52252099
52252121
52252141
52252153
52252183
52252199
52252247
52252253
52252289
52252303
52252309
52252313
52252411
52252433
52252507
52252511
52252513
52252531
52252549
52252559
52252561
52252589
52252601
52252609
52252631
52252637
52252657
52252667
52252687
52252703
52252721
52252723
52252771
52252799
52252817
52252829
52252841
52252877
52252909
52252913
52252919
52252931
52252933
52252943
52252969
52252973
52252997
52253017
52253023
52253029
52253039
52253063
52253077
52253081
52253153
52253161
52253167
52253191
52253209
52253219
52253251
52253281
52253293
52253303
52253339
52253351
52253353
52253387
52253417
52253419
52253423
52253429
52253437
52253441
52253459
52253479
52253483
52253489
52253491
52253543
52253561
52253587
52253599
52253611
52253627
52253647
52253653
52253683
52253687
52253749
52253753
52253777
52253797
52253809
52253833
52253893
52253897
52253899
52253921
52254001
52254019
52254043
52254077
52254079
52254109
52254113
52254121
52254149
52254221
52254233
52254253
52254263
52254289
52254337
52254341
52254373
52254401
52254421
52254431
52254451
52254457
52254463
52254473
52254493
52254497
52254511
52254523
52254533
52254563
52254569
52254571
52254581
52254611
52254637
52254679
52254691
52254701
52254733
52254743
52254757
52254779
52254803
52254817
52254859
52254899
52254911
52254931
52254947
52254949
52254973
52255001
52255031
52255043
52255051
52255087
52255097
52255123
52255157
52255183
52255201
52255213
52255249
52255267
52255271
52255283
52255309
52255319
52255349
52255369
52255373
52255393
52255397
52255447
52255451
52255459
52255519
52255523
52255531
52255543
52255559
52255561
52255571
52255579
52255591
52255597
52255601
52255613
52255639
52255673
52255691
52255699
52255703
52255717
52255751
52255759
52255781
52255811
52255823
52255843
52255867
52255873
52255897
52255901
52255921
52255961
52255969
52255981
52255993
52256003
52256041
52256063
52256089
52256129
52256153
52256159
52256179
52256189
52256203
52256273
52256279
52256287
52256291
52256341
52256353
52256363
52256377
52256381
52256383
52256387
52256389
52256429
52256447
52256459
52256473
52256489
52256507
52256531
52256537
52256549
52256557
52256597
52256609
52256627
52256629
52256641
52256647
52256651
52256663
52256681
52256689
52256719
52256761
52256773
52256801
52256819
52256849
52256857
52256863
52256879
52256891
52256909
52256933
52256951
52256957
52256959
52256969
52256983
52257017
52257059
52257077
52257089
52257137
52257187
52257203
52257221
52257223
52257229
52257251
52257281
52257301
52257307
52257319
52257323
52257343
52257347
52257367
52257379
52257383
52257389
52257397
52257407
52257437
52257451
52257479
52257509
52257511
52257553
52257559
52257563
52257593
52257617
52257649
52257671
52257697
52257719
52257721
52257731
52257757
52257773
52257787
52257811
52257827
52257839
52257869
52257899
52257901
52257911
52257941
52257967
52257973
52257991
52258007
52258009
52258013
52258027
52258039
52258061
52258081
52258103
52258109
52258133
52258147
52258163
52258169
52258177
52258181
52258207
52258229
52258237
52258279
52258321
52258411
52258429
52258433
52258439
52258457
52258463
52258469
52258471
52258519
52258523
52258567
52258597
52258669
52258673
52258733
52258747
52258757
52258813
52258819
52258823
52258831
52258859
52258879
52258891
52258903
52258939
52258951
52258961
52258979
52258981
52258991
52258993
52259017
52259027
52259029
52259033
52259083
52259089
52259093
52259099
52259107
52259111
52259153
52259171
52259183
52259209
52259227
52259231
52259237
52259257
52259261
52259269
52259279
52259299
52259303
52259323
52259327
52259341
52259351
52259387
52259393
52259399
52259401
52259423
52259447
52259489
52259509
52259533
52259561
52259563
52259567
52259573
52259659
52259687
52259693
52259731
52259743
52259759
52259761
52259777
52259783
52259797
52259807
52259839
52259849
52259881
52259891
52259903
52259917
52259923
52259929
52259939
52259951
52259971
52260031
52260041
52260073
52260097
52260101
52260107
52260113
52260121
52260139
52260149
52260151
52260161
52260239
52260259
52260283
52260289
52260293
52260361
52260367
52260401
52260419
52260421
52260427
52260463
52260487
52260493
52260511
52260529
52260547
52260553
52260587
52260589
52260599
52260617
52260631
52260653
52260679
52260709
52260721
52260731
52260739
52260743
52260749
52260763
52260779
52260797
52260799
52260827
52260841
52260863
52260877
52260883
52260893
52260911
52260913
52260931
52260973
52260977
52260997
52261003
52261007
52261049
52261063
52261073
52261087
52261093
52261109
52261123
52261159
52261171
52261177
52261189
52261283
52261291
52261301
52261309
52261331
52261333
52261351
52261367
52261379
52261399
52261409
52261411
52261421
52261439
52261459
52261471
52261487
52261493
52261507
52261523
52261577
52261591
52261597
52261613
52261661
52261663
52261673
52261679
52261717
52261733
52261747
52261771
52261789
52261793
52261817
52261829
52261831
52261841
52261861
52261879
52261883
52261889
52261919
52261931
52261949
52261967
52261969
52261981
52261987
52261997
52261999
52262047
52262053
52262059
52262069
52262083
52262099
52262101
52262107
52262113
52262123
52262129
52262137
52262153
52262159
52262183
52262191
52262207
52262219
52262237
52262239
52262251
52262257
52262269
52262323
52262333
52262381
52262383
52262393
52262447
52262453
52262473
52262489
52262563
52262579
52262591
52262627
52262633
52262657
52262677
52262689
52262701
52262713
52262729
52262767
52262779
52262783
52262827
52262857
52262893
52262911
52262933
52262941
52262983
52262989
52262999
52263007
52263011
52263023
52263037
52263047
52263119
52263121
52263131
52263137
52263181
52263193
52263227
52263229
52263251
52263257
52263271
52263311
52263329
52263331
52263377
52263403
52263413
52263443
52263451
52263467
52263469
52263493
52263511
52263527
52263571
52263581
52263599
52263637
52263677
52263691
52263703
52263707
52263727
52263749
52263773
52263781
52263787
52263817
52263823
52263833
52263847
52263857
52263863
52263901
52263941
52263947
52263949
52263961
52263977
52264019
52264063
52264097
52264111
52264123
52264127
52264133
52264189
52264213
52264229
52264243
52264249
52264259
52264309
52264321
52264339
52264361
52264379
52264391
52264397
52264403
52264451
52264453
52264469
52264493
52264523
52264549
52264577
52264607
52264643
52264657
52264661
52264669
52264673
52264679
52264703
52264711
52264727
52264753
52264769
52264781
52264787
52264813
52264819
52264841
52264847
52264859
52264871
52264897
52264903
52264907
52264913
52264921
52264937
52264951
52264963
52264967
52264997
52265027
52265033
52265041
52265051
52265069
52265071
52265093
52265107
52265141
52265189
52265197
52265207
52265233
52265263
52265267
52265273
52265281
52265309
52265321
52265341
52265347
52265351
52265359
52265377
52265387
52265413
52265417
52265419
52265441
52265459
52265491
52265501
52265503
52265509
52265519
52265527
52265537
52265539
52265567
52265621
52265639
52265657
52265663
52265669
52265671
52265677
52265699
52265711
52265723
52265747
52265749
52265753
52265761
52265767
52265779
52265797
52265819
52265839
52265849
52265923
52265929
52265933
52265947
52265953
52265977
52265989
52265999
52266001
52266037
52266043
52266047
52266059
52266079
52266107
52266119
52266127
52266133
52266139
52266161
52266197
52266223
52266233
52266257
52266259
52266289
52266293
52266307
52266329
52266343
52266353
52266367
52266493
52266509
52266541
52266547
52266553
52266559
52266581
52266583
52266593
52266631
52266673
52266689
52266719
52266727
52266749
52266761
52266769
52266811
52266817
52266839
52266847
52266859
52266869
52266881
52266883
52266889
52266913
52266947
52267003
52267049
52267073
52267099
52267121
52267123
52267141
52267153
52267181
52267211
52267213
52267223
52267249
52267283
52267321
52267331
52267361
52267363
52267373
52267393
52267429
52267447
52267471
52267513
52267529
52267531
52267583
52267591
52267597
52267603
52267669
52267693
52267711
52267729
52267751
52267757
52267759
52267769
52267777
52267783
52267793
52267819
52267849
52267871
52267883
52267903
52267909
52267933
52267951
52267981
52267987
52267991
52267997
52268003
52268011
52268023
52268101
52268113
52268147
52268173
52268231
52268261
52268267
52268273
52268291
52268303
52268311
52268341
52268347
52268389
52268401
52268407
52268429
52268431
52268459
52268467
52268471
52268473
52268479
52268497
52268519
52268549
52268551
52268561
52268569
52268599
52268603
52268617
52268621
52268647
52268687
52268771
52268789
52268831
52268873
52268921
52268927
52268929
52268939
52268947
52268977
52268987
52268989
52269017
52269023
52269031
52269053
52269071
52269073
52269083
52269089
52269157
52269181
52269187
52269211
52269229
52269233
52269257
52269293
52269299
52269319
52269331
52269337
52269353
52269359
52269367
52269389
52269391
52269403
52269443
52269449
52269521
52269523
52269527
52269559
52269587
52269599
52269601
52269617
52269631
52269643
52269649
52269661
52269671
52269677
52269683
52269691
52269697
52269709
52269733
52269739
52269743
52269773
52269799
52269809
52269827
52269829
52269839
52269851
52269857
52269859
52269881
52269923
52269941
52269953
52269989
52269991
52270003
52270027
52270033
52270073
52270103
52270111
52270133
52270139
52270171
52270181
52270193
52270201
52270261
52270301
52270303
52270313
52270331
52270343
52270357
52270369
52270373
52270391
52270403
52270417
52270451
52270453
52270457
52270489
52270511
52270549
52270553
52270567
52270579
52270583
52270633
52270639
52270643
52270657
52270663
52270711
52270723
52270727
52270747
52270753
52270763
52270781
52270783
52270817
52270831
52270849
52270861
52270871
52270877
52270913
52270943
52270969
52270979
52270997
52271017
52271027
52271029
52271057
52271077
52271099
52271113
52271119
52271129
52271173
52271179
52271183
52271207
52271231
52271251
52271267
52271279
52271281
52271287
52271309
52271347
52271353
52271357
52271393
52271419
52271437
52271459
52271497
52271509
52271521
52271539
52271551
52271563
52271579
52271587
52271599
52271633
52271669
52271677
52271689
52271701
52271729
52271731
52271741
52271743
52271767
52271773
52271819
52271827
52271837
52271873
52271881
52271897
52271903
52271911
52271941
52271951
52271963
52271977
52272029
52272041
52272061
52272067
52272071
52272091
52272109
52272113
52272163
52272179
52272197
52272221
52272251
52272271
52272299
52272301
52272317
52272347
52272359
52272361
52272403
52272461
52272481
52272523
52272533
52272551
52272613
52272617
52272631
52272673
52272677
52272683
52272709
52272733
52272763
52272793
52272863
52272881
52272917
52272923
52272953
52272967
52273007
52273027
52273049
52273069
52273087
52273093
52273097
52273139
52273153
52273187
52273217
52273229
52273231
52273241
52273261
52273271
52273301
52273357
52273367
52273369
52273381
52273391
52273393
52273421
52273433
52273439
52273477
52273499
52273513
52273517
52273547
52273567
52273577
52273597
52273603
52273607
52273619
52273643
52273699
52273703
52273717
52273721
52273757
52273763
52273777
52273789
52273799
52273831
52273867
52273873
52273877
52273909
52273943
52273951
52273957
52273961
52273973
52273999
52274023
52274039
52274041
52274051
52274069
52274077
52274083
52274087
52274107
52274161
52274171
52274203
52274207
52274219
52274231
52274273
52274309
52274317
52274347
52274353
52274359
52274363
52274381
52274393
52274437
52274441
52274447
52274449
52274459
52274461
52274477
52274489
52274503
52274513
52274533
52274639
52274641
52274657
52274683
52274687
52274701
52274723
52274737
52274759
52274777
52274819
52274839
52274843
52274861
52274863
52274867
52274879
52274899
52274903
52274921
52274923
52275019
52275029
52275031
52275037
52275049
52275059
52275071
52275073
52275079
52275089
52275107
52275127
52275131
52275173
52275193
52275199
52275211
52275217
52275247
52275263
52275271
52275283
52275299
52275317
52275319
52275367
52275397
52275407
52275427
52275439
52275449
52275463
52275467
52275499
52275521
52275523
52275547
52275571
52275589
52275617
52275683
52275733
52275749
52275761
52275763
52275767
52275781
52275791
52275793
52275863
52275887
52275961
52275997
52276001
52276031
52276039
52276051
52276061
52276069
52276097
52276099
52276109
52276111
52276129
52276141
52276151
52276157
52276187
52276193
52276229
52276253
52276283
52276303
52276313
52276319
52276331
52276363
52276373
52276379
52276381
52276387
52276403
52276409
52276417
52276423
52276439
52276481
52276487
52276529
52276561
52276577
52276583
52276613
52276663
52276673
52276699
52276711
52276753
52276781
52276789
52276811
52276813
52276823
52276837
52276841
52276843
52276897
52276901
52276919
52276933
52276981
52277003
52277011
52277033
52277039
52277047
52277063
52277081
52277089
52277117
52277123
52277143
52277161
52277171
52277177
52277213
52277231
52277237
52277243
52277249
52277279
52277287
52277333
52277347
52277359
52277369
52277383
52277387
52277461
52277497
52277507
52277509
52277579
52277587
52277591
52277593
52277623
52277647
52277651
52277653
52277657
52277681
52277711
52277767
52277773
52277779
52277789
52277803
52277821
52277833
52277837
52277851
52277879
52277887
52277909
52277957
52277999
52278007
52278047
52278073
52278091
52278119
52278133
52278217
52278227
52278229
52278251
52278257
52278269
52278277
52278283
52278311
52278313
52278319
52278323
52278353
52278361
52278377
52278397
52278427
52278437
52278461
52278469
52278547
52278571
52278593
52278601
52278613
52278631
52278637
52278641
52278643
52278691
52278713
52278739
52278749
52278761
52278797
52278799
52278833
52278911
52278949
52278953
52278971
52278973
52278979
52278983
52278991
52278997
52279001
52279009
52279021
52279061
52279067
52279079
52279081
52279109
52279159
52279163
52279189
52279211
52279219
52279247
52279289
52279291
52279303
52279309
52279321
52279333
52279351
52279427
52279433
52279441
52279457
52279477
52279499
52279511
52279523
52279531
52279537
52279543
52279559
52279589
52279613
52279627
52279637
52279657
52279679
52279687
52279691
52279693
52279699
52279727
52279741
52279771
52279807
52279817
52279831
52279861
52279891
52279907
52279949
52279973
52279979
52279991
52279999
52280003
52280009
52280017
52280087
52280089
52280099
52280141
52280147
52280171
52280177
52280203
52280209
52280227
52280231
52280257
52280273
52280281
52280317
52280323
52280341
52280399
52280407
52280411
52280413
52280429
52280441
52280461
52280509
52280513
52280537
52280563
52280567
52280581
52280639
52280653
52280671
52280677
52280681
52280713
52280717
52280719
52280749
52280777
52280791
52280801
52280803
52280807
52280821
52280827
52280861
52280867
52280887
52280923
52280941
52280983
52280993
52281007
52281013
52281023
52281083
52281091
52281101
52281107
52281127
52281167
52281193
52281199
52281233
52281241
52281263
52281289
52281301
52281349
52281367
52281389
52281401
52281419
52281431
52281457
52281473
52281491
52281499
52281503
52281527
52281569
52281571
52281589
52281643
52281659
52281701
52281731
52281763
52281769
52281799
52281839
52281881
52281917
52281961
52281973
52281991
52281997
52282007
52282037
52282081
52282183
52282207
52282211
52282229
52282253
52282261
52282267
52282271
52282297
52282309
52282313
52282333
52282343
52282379
52282387
52282397
52282409
52282459
52282481
52282507
52282511
52282513
52282537
52282553
52282561
52282567
52282577
52282583
52282603
52282619
52282631
52282639
52282649
52282651
52282663
52282669
52282723
52282777
52282787
52282799
52282817
52282843
52282891
52282931
52282943
52282949
52282987
52282991
52283009
52283047
52283053
52283059
52283087
52283093
52283113
52283123
52283167
52283197
52283221
52283261
52283293
52283311
52283333
52283339
52283359
52283369
52283377
52283389
52283417
52283431
52283461
52283467
52283471
52283489
52283557
52283563
52283579
52283587
52283591
52283593
52283597
52283629
52283633
52283641
52283681
52283689
52283711
52283729
52283773
52283809
52283813
52283827
52283831
52283837
52283843
52283927
52283929
52283947
52284007
52284019
52284031
52284041
52284047
52284049
52284059
52284079
52284091
52284101
52284131
52284151
52284161
52284191
52284223
52284247
52284251
52284277
52284311
52284319
52284347
52284377
52284403
52284437
52284457
52284467
52284481
52284493
52284509
52284511
52284521
52284559
52284601
52284607
52284619
52284623
52284629
52284641
52284643
52284653
52284691
52284719
52284731
52284733
52284769
52284779
52284781
52284829
52284839
52284847
52284889
52284893
52284899
52284901
52284917
52284923
52284929
52284931
52284943
52284949
52284983
52284997
52285007
52285031
52285069
52285111
52285139
52285147
52285153
52285157
52285171
52285193
52285223
52285241
52285243
52285273
52285309
52285351
52285367
52285369
52285379
52285391
52285399
52285423
52285483
52285501
52285517
52285531
52285543
52285547
52285567
52285577
52285609
52285621
52285633
52285643
52285669
52285679
52285691
52285697
52285733
52285769
52285771
52285789
52285801
52285817
52285843
52285861
52285873
52285907
52285939
52285943
52285973
52285991
52286051
52286093
52286149
52286167
52286173
52286189
52286207
52286239
52286251
52286261
52286263
52286279
52286287
52286293
52286303
52286359
52286369
52286371
52286389
52286401
52286411
52286417
52286447
52286453
52286483
52286497
52286503
52286519
52286527
52286539
52286557
52286579
52286593
52286609
52286621
52286627
52286669
52286683
52286693
52286749
52286771
52286807
52286813
52286827
52286833
52286851
52286881
52286891
52286893
52286903
52286909
52286911
52286989
52286999
52287007
52287047
52287091
52287101
52287113
52287127
52287143
52287227
52287241
52287251
52287271
52287281
52287299
52287307
52287329
52287331
52287371
52287383
52287439
52287457
52287463
52287467
52287481
52287509
52287523
52287539
52287541
52287569
52287577
52287611
52287619
52287647
52287661
52287689
52287701
52287707
52287709
52287713
52287721
52287757
52287761
52287773
52287803
52287811
52287817
52287821
52287853
52287877
52287883
52287889
52287941
52288001
52288007
52288009
52288013
52288031
52288037
52288099
52288109
52288127
52288147
52288153
52288169
52288193
52288211
52288217
52288253
52288273
52288279
52288297
52288303
52288319
52288321
52288339
52288349
52288381
52288391
52288403
52288417
52288427
52288429
52288451
52288463
52288469
52288471
52288477
52288493
52288501
52288531
52288601
52288633
52288673
52288679
52288697
52288721
52288727
52288739
52288759
52288763
52288777
52288783
52288799
52288823
52288849
52288853
52288861
52288879
52288883
52288891
52288897
52288937
52288939
52288949
52288967
52288993
52289009
52289021
52289023
52289053
52289057
52289113
52289129
52289131
52289147
52289207
52289221
52289249
52289269
52289317
52289353
52289381
52289401
52289411
52289431
52289453
52289491
52289519
52289527
52289533
52289543
52289551
52289563
52289579
52289597
52289599
52289609
52289647
52289663
52289669
52289707
52289737
52289761
52289771
52289779
52289789
52289791
52289819
52289851
52289857
52289869
52289873
52289899
52289927
52289933
52289953
52289969
52289983
52290001
52290013
52290019
52290037
52290053
52290059
52290067
52290097
52290127
52290137
52290143
52290163
52290187
52290197
52290221
52290229
52290233
52290257
52290269
52290307
52290313
52290323
52290331
52290347
52290349
52290401
52290421
52290439
52290443
52290463
52290473
52290479
52290503
52290517
52290529
52290533
52290541
52290551
52290587
52290611
52290613
52290631
52290647
52290659
52290671
52290677
52290737
52290751
52290767
52290773
52290779
52290787
52290809
52290817
52290829
52290851
52290859
52290871
52290883
52290899
52290919
52290923
52290941
52291013
52291037
52291067
52291069
52291073
52291087
52291111
52291123
52291157
52291171
52291181
52291199
52291219
52291223
52291237
52291241
52291247
52291273
52291297
52291301
52291313
52291319
52291331
52291339
52291357
52291381
52291387
52291399
52291403
52291409
52291453
52291469
52291511
52291517
52291531
52291537
52291567
52291573
52291607
52291621
52291651
52291697
52291747
52291751
52291787
52291793
52291817
52291829
52291849
52291853
52291907
52291927
52291931
52291961
52291979
52292011
52292029
52292057
52292069
52292083
52292089
52292117
52292129
52292183
52292197
52292203
52292213
52292243
52292263
52292267
52292269
52292293
52292297
52292327
52292329
52292333
52292347
52292369
52292411
52292413
52292437
52292441
52292453
52292477
52292509
52292521
52292531
52292533
52292551
52292563
52292621
52292633
52292683
52292689
52292699
52292701
52292743
52292749
52292759
52292767
52292783
52292789
52292809
52292813
52292819
52292827
52292839
52292843
52292857
52292861
52292873
52292899
52292941
52292957
52292963
52292987
52292993
52293011
52293013
52293019
52293029
52293041
52293047
52293091
52293097
52293121
52293161
52293167
52293169
52293179
52293193
52293209
52293233
52293251
52293313
52293323
52293337
52293341
52293359
52293391
52293401
52293413
52293427
52293473
52293503
52293509
52293523
52293539
52293541
52293551
52293557
52293587
52293599
52293613
52293629
52293667
52293677
52293679
52293707
52293721
52293733
52293749
52293779
52293793
52293809
52293841
52293851
52293863
52293907
52293911
52293919
52293953
52293979
52293991
52294007
52294037
52294049
52294097
52294139
52294181
52294183
52294201
52294219
52294271
52294301
52294309
52294343
52294351
52294369
52294373
52294379
52294391
52294423
52294447
52294477
52294481
52294513
52294519
52294559
52294577
52294621
52294643
52294651
52294667
52294673
52294717
52294747
52294757
52294787
52294789
52294793
52294843
52294867
52294909
52294927
52294951
52294969
52294981
52294999
52295003
52295051
52295071
52295119
52295129
52295137
52295167
52295197
52295209
52295231
52295249
52295297
52295303
52295317
52295339
52295371
52295389
52295407
52295431
52295437
52295449
52295489
52295527
52295531
52295533
52295563
52295567
52295569
52295603
52295647
52295701
52295731
52295741
52295753
52295759
52295773
52295821
52295843
52295851
52295863
52295897
52295899
52295917
52295939
52295963
52295983
52295989
52296011
52296017
52296047
52296053
52296073
52296119
52296121
52296137
52296157
52296161
52296191
52296203
52296239
52296241
52296253
52296259
52296269
52296317
52296329
52296331
52296371
52296389
52296421
52296427
52296463
52296469
52296481
52296509
52296521
52296523
52296547
52296553
52296589
52296611
52296619
52296623
52296653
52296679
52296701
52296731
52296737
52296763
52296787
52296791
52296793
52296809
52296817
52296821
52296841
52296851
52296863
52296877
52296883
52296931
52296971
52296977
52296989
52296997
52297013
52297027
52297033
52297039
52297043
52297057
52297067
52297079
52297087
52297103
52297111
52297123
52297129
52297163
52297199
52297283
52297337
52297339
52297363
52297369
52297373
52297397
52297433
52297439
52297451
52297463
52297477
52297489
52297507
52297523
52297547
52297579
52297621
52297639
52297667
52297681
52297717
