51707939
51707947
51707959
51707977
51707993
51708023
51708029
51708049
51708077
51708091
51708113
51708119
51708127
51708157
51708161
51708191
51708193
51708197
51708211
51708227
51708229
51708233
51708281
51708287
51708299
51708311
51708331
51708343
51708353
51708361
51708379
51708383
51708463
51708467
51708497
51708521
51708593
51708607
51708641
51708649
51708677
51708689
51708703
51708707
51708731
51708743
51708763
51708773
51708779
51708793
51708799
51708817
51708821
51708851
51708859
51708863
51708871
51708889
51708901
51708929
51708941
51708947
51708949
51708967
51708971
51709027
51709033
51709061
51709067
51709081
51709103
51709123
51709153
51709157
51709169
51709183
51709211
51709253
51709277
51709297
51709309
51709367
51709409
51709421
51709423
51709481
51709501
51709531
51709549
51709571
51709577
51709613
51709627
51709649
51709657
51709661
51709667
51709673
51709703
51709711
51709717
51709739
51709741
51709751
51709759
51709787
51709789
51709793
51709837
51709841
51709843
51709859
51709907
51709921
51709943
51709949
51709961
51709967
51709993
51710027
51710041
51710059
51710069
51710089
51710117
51710119
51710129
51710149
51710177
51710179
51710213
51710221
51710227
51710237
51710257
51710273
51710317
51710327
51710339
51710341
51710359
51710377
51710383
51710401
51710431
51710453
51710473
51710479
51710489
51710501
51710521
51710531
51710537
51710539
51710543
51710557
51710597
51710621
51710623
51710629
51710653
51710657
51710663
51710689
51710731
51710777
51710803
51710807
51710819
51710833
51710839
51710843
51710851
51710863
51710891
51710899
51710929
51710959
51710993
51711001
51711013
51711029
51711041
51711053
51711133
51711151
51711169
51711181
51711251
51711269
51711287
51711313
51711329
51711349
51711353
51711367
51711391
51711431
51711461
51711487
51711497
51711509
51711523
51711551
51711557
51711577
51711589
51711593
51711599
51711631
51711641
51711661
51711683
51711707
51711719
51711731
51711743
51711763
51711769
51711809
51711817
51711827
51711839
51711853
51711859
51711911
51711917
51711931
51711953
51711967
51711971
51711973
51711983
51711991
51712009
51712019
51712021
51712039
51712043
51712049
51712081
51712097
51712099
51712103
51712117
51712121
51712163
51712169
51712207
51712229
51712231
51712279
51712289
51712321
51712337
51712363
51712391
51712393
51712411
51712429
51712459
51712469
51712483
51712499
51712511
51712519
51712523
51712541
51712571
51712601
51712627
51712651
51712663
51712667
51712679
51712721
51712723
51712741
51712747
51712753
51712783
51712799
51712877
51712879
51712919
51712937
51712957
51713021
51713083
51713089
51713141
51713149
51713153
51713159
51713171
51713173
51713209
51713237
51713251
51713261
51713267
51713287
51713297
51713317
51713327
51713359
51713369
51713381
51713401
51713411
51713437
51713461
51713491
51713503
51713509
51713521
51713537
51713561
51713567
51713569
51713581
51713639
51713647
51713653
51713671
51713681
51713689
51713719
51713737
51713741
51713747
51713777
51713789
51713791
51713803
51713861
51713899
51713903
51713911
51713941
51713947
51713971
51714007
51714011
51714023
51714037
51714041
51714071
51714077
51714083
51714127
51714133
51714139
51714191
51714203
51714209
51714211
51714217
51714233
51714239
51714253
51714301
51714317
51714319
51714359
51714361
51714367
51714401
51714413
51714431
51714433
51714437
51714463
51714499
51714529
51714539
51714547
51714589
51714613
51714679
51714709
51714721
51714749
51714769
51714797
51714823
51714829
51714877
51714907
51714953
51714967
51714983
51714989
51714991
51714997
51715019
51715043
51715067
51715073
51715117
51715127
51715151
51715163
51715177
51715189
51715199
51715231
51715249
51715267
51715271
51715297
51715327
51715337
51715361
51715393
51715399
51715421
51715423
51715429
51715451
51715459
51715481
51715483
51715487
51715553
51715567
51715571
51715583
51715589
51715591
51715607
51715621
51715633
51715639
51715667
51715669
51715679
51715681
51715709
51715747
51715823
51715831
51715837
51715877
51715897
51715987
51716003
51716009
51716033
51716039
51716069
51716111
51716117
51716149
51716191
51716207
51716219
51716239
51716279
51716297
51716303
51716317
51716321
51716341
51716369
51716377
51716407
51716437
51716449
51716507
51716519
51716527
51716531
51716543
51716579
51716603
51716611
51716633
51716641
51716647
51716653
51716663
51716681
51716699
51716723
51716741
51716759
51716761
51716783
51716789
51716801
51716807
51716809
51716843
51716849
51716869
51716911
51716927
51716933
51716953
51716957
51716969
51717023
51717053
51717079
51717091
51717101
51717119
51717187
51717191
51717229
51717251
51717287
51717293
51717299
51717329
51717377
51717397
51717403
51717431
51717439
51717461
51717473
51717493
51717499
51717503
51717509
51717529
51717551
51717613
51717623
51717647
51717649
51717683
51717697
51717709
51717713
51717761
51717763
51717773
51717793
51717821
51717833
51717871
51717923
51717931
51717979
51718021
51718027
51718039
51718067
51718103
51718111
51718159
51718181
51718187
51718229
51718231
51718273
51718307
51718319
51718327
51718333
51718351
51718391
51718411
51718417
51718441
51718451
51718481
51718483
51718487
51718493
51718501
51718517
51718519
51718543
51718553
51718577
51718603
51718613
51718621
51718643
51718657
51718673
51718679
51718691
51718721
51718729
51718739
51718769
51718781
51718787
51718813
51718837
51718853
51718871
51718873
51718903
51718907
51718939
51718949
51718957
51718991
51718993
51719011
51719021
51719023
51719047
51719069
51719071
51719077
51719119
51719123
51719131
51719137
51719177
51719179
51719183
51719189
51719201
51719207
51719221
51719231
51719233
51719237
51719251
51719257
51719263
51719293
51719329
51719351
51719359
51719363
51719401
51719407
51719417
51719419
51719431
51719443
51719509
51719543
51719567
51719581
51719609
51719621
51719639
51719659
51719677
51719683
51719711
51719741
51719791
51719803
51719809
51719849
51719851
51719867
51719869
51719897
51719911
51719917
51719923
51719951
51719953
51719971
51719981
51720029
51720037
51720073
51720089
51720101
51720107
51720113
51720139
51720143
51720157
51720197
51720199
51720247
51720283
51720289
51720293
51720301
51720313
51720323
51720329
51720359
51720373
51720379
51720397
51720407
51720419
51720457
51720463
51720499
51720509
51720517
51720563
51720593
51720607
51720637
51720673
51720677
51720689
51720707
51720737
51720743
51720751
51720811
51720829
51720871
51720881
51720883
51720901
51720917
51720923
51720947
51721001
51721003
51721013
51721031
51721091
51721093
51721099
51721127
51721129
51721133
51721147
51721169
51721171
51721183
51721231
51721261
51721309
51721331
51721357
51721399
51721409
51721421
51721433
51721447
51721487
51721499
51721511
51721517
51721543
51721559
51721567
51721601
51721603
51721613
51721619
51721627
51721643
51721669
51721673
51721679
51721697
51721721
51721739
51721753
51721757
51721763
51721771
51721793
51721801
51721807
51721841
51721847
51721861
51721897
51721903
51721907
51721909
51721921
51721927
51721997
51722003
51722023
51722029
51722059
51722089
51722107
51722113
51722119
51722129
51722131
51722159
51722213
51722233
51722267
51722269
51722273
51722287
51722303
51722309
51722323
51722357
51722371
51722383
51722387
51722393
51722413
51722417
51722467
51722497
51722501
51722533
51722537
51722543
51722557
51722563
51722581
51722597
51722611
51722621
51722639
51722677
51722683
51722711
51722717
51722729
51722743
51722761
51722777
51722813
51722819
51722821
51722831
51722833
51722897
51722917
51722939
51722953
51722963
51722969
51722977
51723029
51723031
51723079
51723083
51723107
51723127
51723137
51723143
51723157
51723223
51723227
51723229
51723247
51723253
51723257
51723271
51723277
51723293
51723307
51723311
51723341
51723383
51723403
51723409
51723431
51723439
51723457
51723487
51723499
51723517
51723523
51723541
51723569
51723587
51723599
51723611
51723629
51723653
51723689
51723697
51723731
51723751
51723761
51723769
51723811
51723823
51723839
51723851
51723853
51723887
51723899
51723901
51723929
51723937
51723949
51723953
51723961
51723967
51723977
51724003
51724007
51724021
51724037
51724051
51724063
51724069
51724073
51724087
51724091
51724093
51724103
51724109
51724117
51724129
51724147
51724159
51724207
51724229
51724271
51724303
51724331
51724349
51724357
51724363
51724373
51724427
51724457
51724471
51724501
51724529
51724531
51724559
51724567
51724577
51724601
51724609
51724633
51724637
51724649
51724663
51724667
51724681
51724703
51724711
51724721
51724747
51724781
51724817
51724823
51724847
51724879
51724891
51724987
51724993
51724997
51725017
51725057
51725059
51725111
51725117
51725129
51725159
51725161
51725197
51725213
51725221
51725243
51725251
51725263
51725269
51725291
51725293
51725369
51725381
51725383
51725393
51725419
51725423
51725461
51725489
51725491
51725501
51725507
51725539
51725549
51725561
51725563
51725567
51725573
51725627
51725629
51725633
51725651
51725659
51725671
51725677
51725711
51725749
51725753
51725759
51725761
51725777
51725783
51725801
51725813
51725819
51725851
51725867
51725881
51725893
51725911
51725939
51725941
51725983
51726001
51726007
51726013
51726023
51726029
51726043
51726049
51726091
51726137
51726161
51726163
51726173
51726221
51726271
51726289
51726293
51726313
51726329
51726349
51726419
51726449
51726469
51726473
51726491
51726527
51726551
51726557
51726581
51726589
51726599
51726601
51726617
51726637
51726671
51726673
51726677
51726739
51726757
51726769
51726799
51726803
51726809
51726821
51726853
51726877
51726901
51726907
51726929
51726959
51726967
51727019
51727031
51727037
51727061
51727079
51727111
51727157
51727183
51727187
51727217
51727229
51727259
51727279
51727301
51727309
51727337
51727339
51727349
51727397
51727411
51727433
51727441
51727471
51727493
51727513
51727531
51727567
51727579
51727603
51727607
51727639
51727661
51727673
51727681
51727693
51727703
51727717
51727721
51727729
51727751
51727763
51727769
51727789
51727799
51727801
51727807
51727853
51727859
51727867
51727891
51727901
51727903
51727913
51727927
51727969
51727979
51727993
51728003
51728009
51728041
51728069
51728071
51728077
51728099
51728113
51728137
51728147
51728167
51728177
51728207
51728227
51728233
51728249
51728329
51728333
51728381
51728389
51728407
51728419
51728423
51728437
51728459
51728461
51728471
51728473
51728503
51728513
51728519
51728531
51728561
51728609
51728629
51728639
51728731
51728737
51728741
51728753
51728767
51728783
51728791
51728813
51728819
51728827
51728843
51728861
51728869
51728879
51728881
51728917
51728927
51728933
51728939
51728947
51728983
51729019
51729059
51729089
51729091
51729101
51729107
51729131
51729137
51729143
51729157
51729233
51729247
51729263
51729269
51729289
51729299
51729319
51729347
51729361
51729383
51729397
51729409
51729439
51729449
51729463
51729467
51729493
51729499
51729511
51729527
51729529
51729539
51729583
51729617
51729683
51729697
51729701
51729709
51729757
51729779
51729787
51729791
51729803
51729841
51729857
51729859
51729863
51729869
51729871
51729901
51729919
51729943
51729947
51729949
51729973
51729991
51730001
51730037
51730039
51730043
51730051
51730061
51730073
51730109
51730111
51730117
51730139
51730153
51730163
51730183
51730207
51730213
51730219
51730253
51730277
51730307
51730363
51730373
51730423
51730447
51730487
51730489
51730493
51730513
51730517
51730571
51730573
51730589
51730607
51730619
51730621
51730639
51730649
51730681
51730687
51730697
51730709
51730717
51730733
51730741
51730753
51730781
51730801
51730817
51730843
51730853
51730873
51730883
51730897
51730907
51730927
51730951
51730963
51730981
51730993
51730999
51731011
51731027
51731039
51731047
51731059
51731077
51731083
51731087
51731101
51731123
51731137
51731171
51731203
51731237
51731249
51731261
51731263
51731293
51731297
51731341
51731353
51731369
51731387
51731411
51731497
51731501
51731549
51731569
51731593
51731597
51731633
51731707
51731717
51731747
51731753
51731767
51731821
51731831
51731857
51731861
51731887
51731893
51731903
51731917
51731923
51731929
51731941
51731993
51732001
51732013
51732049
51732061
51732067
51732073
51732077
51732097
51732103
51732127
51732133
51732169
51732223
51732227
51732257
51732271
51732287
51732319
51732361
51732389
51732391
51732403
51732409
51732413
51732419
51732427
51732431
51732463
51732493
51732511
51732523
51732553
51732563
51732613
51732617
51732631
51732641
51732647
51732661
51732671
51732679
51732689
51732701
51732713
51732731
51732739
51732743
51732749
51732767
51732787
51732799
51732803
51732809
51732829
51732833
51732841
51732847
51732871
51732899
51732917
51732931
51732973
51732979
51732997
51733007
51733027
51733037
51733043
51733051
51733061
51733081
51733111
51733151
51733169
51733177
51733217
51733271
51733277
51733291
51733337
51733379
51733391
51733393
51733399
51733469
51733481
51733519
51733531
51733543
51733553
51733559
51733571
51733573
51733589
51733631
51733679
51733681
51733691
51733697
51733711
51733723
51733727
51733763
51733769
51733813
51733819
51733837
51733853
51733867
51733889
51733901
51733919
51733931
51733933
51733967
51733987
51733991
51734027
51734041
51734051
51734063
51734099
51734113
51734143
51734147
51734191
51734219
51734233
51734269
51734273
51734279
51734299
51734303
51734311
51734317
51734329
51734341
51734369
51734387
51734411
51734453
51734471
51734477
51734489
51734503
51734509
51734513
51734533
51734537
51734569
51734597
51734609
51734611
51734671
51734693
51734699
51734729
51734773
51734801
51734807
51734857
51734861
51734863
51734873
51734897
51734909
51734911
51734933
51734941
51734951
51734953
51734957
51734959
51734983
51734999
51735007
51735011
51735017
51735023
51735037
51735041
51735053
51735067
51735083
51735113
51735133
51735143
51735163
51735169
51735181
51735209
51735221
51735227
51735253
51735263
51735293
51735329
51735337
51735371
51735377
51735379
51735419
51735443
51735479
51735491
51735517
51735521
51735527
51735569
51735571
51735577
51735587
51735589
51735653
51735659
51735667
51735679
51735701
51735707
51735713
51735737
51735779
51735793
51735829
51735839
51735847
51735857
51735877
51735881
51735907
51735911
51735941
51735977
51736001
51736007
51736021
51736043
51736051
51736057
51736063
51736081
51736093
51736133
51736147
51736189
51736199
51736207
51736213
51736247
51736271
51736277
51736283
51736291
51736309
51736313
51736327
51736343
51736369
51736379
51736381
51736409
51736417
51736429
51736441
51736459
51736463
51736469
51736481
51736483
51736507
51736579
51736583
51736621
51736631
51736649
51736673
51736691
51736703
51736717
51736721
51736733
51736757
51736759
51736771
51736781
51736787
51736813
51736837
51736843
51736847
51736871
51736889
51736891
51736897
51736903
51736969
51736991
51736999
51737011
51737029
51737087
51737093
51737113
51737117
51737123
51737167
51737173
51737197
51737201
51737219
51737227
51737237
51737249
51737261
51737263
51737267
51737293
51737347
51737369
51737377
51737383
51737429
51737447
51737461
51737473
51737489
51737501
51737503
51737549
51737573
51737657
51737659
51737677
51737683
51737689
51737723
51737731
51737737
51737753
51737759
51737761
51737773
51737797
51737809
51737837
51737839
51737849
51737863
51737891
51737897
51737909
51737921
51737923
51737963
51737989
51737999
51738053
51738061
51738079
51738097
51738131
51738139
51738161
51738179
51738241
51738257
51738277
51738301
51738317
51738347
51738353
51738359
51738367
51738377
51738389
51738391
51738397
51738419
51738439
51738451
51738517
51738527
51738529
51738551
51738571
51738593
51738641
51738647
51738727
51738751
51738773
51738779
51738787
51738793
51738833
51738851
51738853
51738889
51738931
51738943
51738949
51738961
51738977
51738979
51738991
51739001
51739021
51739027
51739043
51739069
51739073
51739081
51739091
51739097
51739117
51739123
51739141
51739157
51739159
51739187
51739189
51739199
51739229
51739231
51739241
51739243
51739267
51739271
51739291
51739301
51739307
51739309
51739321
51739327
51739361
51739409
51739411
51739421
51739447
51739453
51739459
51739463
51739481
51739487
51739531
51739537
51739547
51739561
51739577
51739643
51739657
51739691
51739693
51739711
51739733
51739763
51739777
51739781
51739783
51739817
51739829
51739841
51739847
51739859
51739861
51739913
51739921
51739931
51739937
51739939
51739951
51739969
51739981
51740009
51740033
51740047
51740071
51740081
51740099
51740119
51740123
51740131
51740141
51740149
51740189
51740191
51740207
51740233
51740251
51740303
51740323
51740329
51740347
51740357
51740371
51740389
51740407
51740419
51740431
51740453
51740459
51740461
51740471
51740473
51740509
51740527
51740539
51740543
51740551
51740569
51740573
51740587
51740617
51740641
51740651
51740657
51740681
51740687
51740737
51740747
51740771
51740783
51740797
51740803
51740807
51740831
51740833
51740839
51740849
51740851
51740861
51740863
51740873
51740881
51740921
51740957
51740977
51740981
51740999
51741023
51741043
51741049
51741103
51741127
51741143
51741167
51741181
51741211
51741271
51741299
51741367
51741379
51741433
51741439
51741493
51741497
51741533
51741583
51741587
51741601
51741623
51741637
51741649
51741653
51741671
51741673
51741721
51741733
51741751
51741779
51741793
51741797
51741803
51741817
51741839
51741871
51741901
51741913
51741917
51741929
51741953
51741961
51741967
51741979
51741983
51742001
51742027
51742039
51742043
51742049
51742063
51742099
51742121
51742133
51742139
51742147
51742183
51742241
51742261
51742267
51742279
51742303
51742309
51742319
51742331
51742337
51742367
51742399
51742403
51742417
51742423
51742429
51742463
51742487
51742499
51742507
51742519
51742541
51742549
51742573
51742589
51742597
51742601
51742609
51742633
51742667
51742711
51742727
51742753
51742777
51742819
51742837
51742841
51742877
51742879
51742903
51742907
51742927
51742949
51742967
51742973
51742979
51742981
51742987
51742997
51743011
51743117
51743129
51743161
51743171
51743173
51743179
51743191
51743201
51743231
51743243
51743249
51743267
51743299
51743339
51743347
51743369
51743387
51743407
51743431
51743459
51743473
51743477
51743509
51743513
51743519
51743533
51743539
51743543
51743551
51743561
51743579
51743581
51743591
51743603
51743617
51743639
51743687
51743759
51743761
51743771
51743779
51743807
51743819
51743827
51743843
51743849
51743863
51743873
51743891
51743911
51743947
51743957
51743963
51743983
51743987
51743999
51744029
51744037
51744061
51744071
51744097
51744101
51744103
51744151
51744191
51744193
51744211
51744223
51744229
51744247
51744263
51744269
51744281
51744299
51744307
51744313
51744331
51744347
51744349
51744361
51744367
51744401
51744521
51744527
51744533
51744541
51744551
51744599
51744631
51744643
51744647
51744661
51744701
51744727
51744731
51744751
51744757
51744761
51744793
51744811
51744817
51744827
51744853
51744863
51744881
51744887
51744937
51744943
51744949
51744967
51744977
51744989
51744997
51745003
51745021
51745033
51745081
51745087
51745091
51745103
51745121
51745123
51745139
51745153
51745163
51745181
51745201
51745207
51745217
51745219
51745259
51745273
51745279
51745313
51745349
51745357
51745361
51745363
51745387
51745427
51745459
51745481
51745489
51745517
51745549
51745559
51745571
51745583
51745591
51745597
51745619
51745627
51745643
51745663
51745691
51745693
51745741
51745753
51745783
51745819
51745823
51745843
51745849
51745853
51745877
51745879
51745927
51745931
51745933
51745951
51745957
51745961
51745963
51745973
51745979
51746003
51746033
51746041
51746047
51746053
51746083
51746087
51746089
51746111
51746137
51746173
51746213
51746221
51746231
51746257
51746263
51746281
51746287
51746323
51746327
51746339
51746369
51746371
51746381
51746399
51746423
51746447
51746459
51746473
51746477
51746489
51746491
51746509
51746537
51746627
51746677
51746689
51746699
51746731
51746741
51746743
51746753
51746767
51746771
51746777
51746791
51746813
51746837
51746857
51746867
51746873
51746887
51746911
51746923
51746951
51746957
51746969
51746977
51746983
51747037
51747067
51747077
51747139
51747151
51747161
51747187
51747193
51747197
51747209
51747211
51747251
51747257
51747271
51747287
51747299
51747313
51747323
51747331
51747341
51747347
51747379
51747389
51747391
51747403
51747407
51747413
51747419
51747433
51747457
51747461
51747467
51747491
51747499
51747511
51747589
51747593
51747623
51747637
51747667
51747673
51747691
51747701
51747713
51747727
51747733
51747737
51747749
51747767
51747823
51747827
51747869
51747889
51747901
51747911
51747929
51747937
51747973
51747989
51747991
51748007
51748043
51748061
51748063
51748079
51748111
51748139
51748181
51748189
51748199
51748211
51748217
51748241
51748247
51748271
51748283
51748339
51748349
51748351
51748373
51748379
51748387
51748399
51748423
51748439
51748471
51748481
51748483
51748507
51748523
51748547
51748549
51748559
51748573
51748577
51748621
51748639
51748657
51748661
51748687
51748691
51748693
51748717
51748729
51748747
51748769
51748777
51748787
51748793
51748811
51748813
51748819
51748831
51748849
51748883
51748891
51748937
51748943
51748973
51748987
51748993
51749017
51749023
51749053
51749069
51749101
51749119
51749161
51749171
51749177
51749183
51749197
51749213
51749219
51749233
51749239
51749249
51749329
51749381
51749387
51749389
51749419
51749441
51749443
51749449
51749461
51749497
51749507
51749519
51749531
51749567
51749591
51749611
51749617
51749623
51749651
51749653
51749657
51749693
51749707
51749713
51749771
51749807
51749813
51749827
51749849
51749857
51749909
51749947
51749959
51749963
51749987
51749993
51750001
51750019
51750047
51750059
51750103
51750119
51750121
51750131
51750133
51750137
51750151
51750157
51750163
51750217
51750263
51750277
51750287
51750289
51750343
51750353
51750367
51750379
51750401
51750407
51750449
51750463
51750467
51750469
51750581
51750593
51750607
51750613
51750617
51750641
51750689
51750691
51750697
51750719
51750739
51750763
51750781
51750799
51750823
51750833
51750841
51750863
51750883
51750913
51750917
51750947
51750953
51750961
51750967
51750971
51750991
51751019
51751031
51751039
51751067
51751099
51751151
51751153
51751159
51751163
51751171
51751181
51751187
51751199
51751207
51751211
51751223
51751237
51751303
51751321
51751327
51751331
51751351
51751367
51751391
51751409
51751411
51751429
51751433
51751477
51751487
51751517
51751547
51751549
51751561
51751591
51751619
51751643
51751669
51751697
51751699
51751709
51751751
51751769
51751793
51751811
51751813
51751831
51751837
51751867
51751883
51751901
51751907
51751913
51751949
51751957
51751967
51751981
51751993
51752003
51752017
51752033
51752039
51752053
51752059
51752069
51752081
51752083
51752087
51752089
51752101
51752147
51752167
51752201
51752203
51752227
51752249
51752273
51752293
51752303
51752353
51752357
51752377
51752383
51752399
51752429
51752483
51752497
51752509
51752543
51752551
51752557
51752567
51752587
51752633
51752651
51752653
51752689
51752707
51752719
51752747
51752749
51752759
51752761
51752773
51752801
51752809
51752819
51752867
51752887
51752893
51752917
51752927
51752929
51752957
51753007
51753041
51753061
51753067
51753077
51753101
51753113
51753127
51753161
51753181
51753203
51753211
51753217
51753223
51753227
51753259
51753263
51753293
51753301
51753319
51753337
51753341
51753349
51753367
51753431
51753433
51753451
51753463
51753479
51753509
51753563
51753577
51753607
51753619
51753631
51753649
51753659
51753761
51753773
51753781
51753791
51753829
51753833
51753839
51753847
51753851
51753859
51753901
51753943
51753953
51753997
51754051
51754057
51754061
51754099
51754121
51754127
51754133
51754139
51754141
51754147
51754187
51754201
51754207
51754247
51754249
51754267
51754289
51754331
51754337
51754349
51754363
51754369
51754397
51754429
51754433
51754457
51754459
51754463
51754471
51754501
51754523
51754529
51754541
51754543
51754561
51754583
51754607
51754609
51754631
51754649
51754667
51754673
51754679
51754691
51754699
51754709
51754739
51754771
51754777
51754799
51754819
51754831
51754847
51754877
51754889
51754891
51754907
51754909
51754921
51754939
51754961
51754979
51754999
51755003
51755009
51755047
51755051
51755059
51755113
51755117
51755147
51755153
51755159
51755177
51755219
51755233
51755239
51755257
51755281
51755287
51755311
51755317
51755339
51755351
51755357
51755371
51755377
51755381
51755419
51755437
51755443
51755453
51755477
51755479
51755503
51755537
51755549
51755551
51755573
51755581
51755621
51755623
51755657
51755659
51755731
51755741
51755747
51755761
51755779
51755827
51755831
51755839
51755849
51755897
51755909
51755917
51755927
51755969
51755971
51755983
51755989
51755993
51756013
51756017
51756031
51756043
51756053
51756059
51756073
51756083
51756113
51756163
51756181
51756191
51756223
51756251
51756253
51756269
51756277
51756281
51756311
51756319
51756337
51756349
51756359
51756389
51756403
51756413
51756421
51756427
51756433
51756469
51756499
51756521
51756527
51756533
51756553
51756557
51756587
51756623
51756697
51756709
51756713
51756751
51756773
51756811
51756827
51756841
51756871
51756889
51756979
51757001
51757009
51757037
51757039
51757063
51757081
51757099
51757103
51757127
51757133
51757157
51757171
51757187
51757193
51757229
51757247
51757249
51757253
51757267
51757283
51757297
51757301
51757331
51757351
51757361
51757369
51757379
51757399
51757421
51757427
51757439
51757499
51757513
51757523
51757529
51757543
51757579
51757583
51757591
51757609
51757619
51757637
51757697
51757757
51757759
51757781
51757799
51757807
51757819
51757841
51757847
51757859
51757897
51757903
51757913
51757943
51757963
51757987
51757991
51757999
51758017
51758023
51758093
51758099
51758117
51758129
51758167
51758177
51758191
51758207
51758293
51758297
51758321
51758339
51758341
51758363
51758381
51758389
51758453
51758461
51758467
51758471
51758479
51758513
51758543
51758549
51758563
51758569
51758587
51758593
51758611
51758617
51758647
51758657
51758669
51758677
51758689
51758699
51758741
51758767
51758783
51758813
51758887
51758911
51758921
51758953
51758957
51758981
51759023
51759047
51759053
51759061
51759073
51759077
51759089
51759091
51759109
51759121
51759133
51759137
51759139
51759151
51759157
51759161
51759163
51759193
51759199
51759209
51759247
51759259
51759283
51759313
51759317
51759347
51759349
51759377
51759397
51759427
51759473
51759481
51759503
51759517
51759527
51759529
51759551
51759563
51759599
51759613
51759619
51759623
51759647
51759649
51759661
51759691
51759703
51759727
51759733
51759749
51759779
51759793
51759797
51759817
51759823
51759887
51759901
51759907
51759947
51759973
51760001
51760013
51760021
51760039
51760061
51760103
51760117
51760129
51760133
51760141
51760153
51760201
51760217
51760253
51760259
51760279
51760283
51760309
51760321
51760333
51760343
51760361
51760363
51760369
51760399
51760411
51760451
51760459
51760493
51760517
51760537
51760549
51760567
51760591
51760601
51760613
51760627
51760651
51760661
51760673
51760703
51760739
51760781
51760789
51760799
51760811
51760823
51760843
51760847
51760867
51760873
51760889
51760909
51760931
51760957
51760967
51760981
51760987
51760991
51760993
51760999
51761011
51761033
51761071
51761077
51761089
51761117
51761153
51761179
51761189
51761197
51761233
51761239
51761273
51761279
51761287
51761299
51761321
51761323
51761329
51761341
51761363
51761383
51761401
51761407
51761419
51761459
51761473
51761497
51761503
51761513
51761519
51761527
51761531
51761533
51761543
51761581
51761597
51761623
51761653
51761663
51761683
51761687
51761693
51761729
51761747
51761767
51761783
51761789
51761849
51761861
51761873
51761881
51761893
51761917
51761921
51761933
51761951
51761953
51761959
51761987
51762019
51762031
51762041
51762043
51762083
51762103
51762163
51762169
51762173
51762209
51762211
51762241
51762253
51762287
51762313
51762317
51762353
51762367
51762379
51762383
51762413
51762421
51762457
51762493
51762509
51762511
51762523
51762527
51762539
51762553
51762559
51762563
51762577
51762611
51762619
51762629
51762677
51762679
51762721
51762727
51762751
51762779
51762791
51762797
51762817
51762827
51762853
51762877
51762881
51762899
51762917
51762961
51762989
51763003
51763009
51763051
51763067
51763073
51763081
51763093
51763097
51763123
51763169
51763193
51763219
51763241
51763297
51763301
51763303
51763307
51763321
51763339
51763343
51763367
51763373
51763427
51763447
51763489
51763507
51763511
51763519
51763553
51763573
51763609
51763631
51763651
51763661
51763721
51763729
51763741
51763763
51763781
51763799
51763801
51763819
51763837
51763871
51763879
51763889
51763897
51763903
51763919
51763937
51763949
51763969
51763973
51763993
51764003
51764021
51764047
51764071
51764077
51764087
51764123
51764129
51764137
51764143
51764179
51764213
51764243
51764261
51764291
51764309
51764347
51764359
51764381
51764387
51764407
51764423
51764429
51764431
51764441
51764459
51764497
51764533
51764549
51764563
51764593
51764597
51764599
51764611
51764617
51764639
51764701
51764707
51764737
51764753
51764773
51764777
51764827
51764833
51764849
51764857
51764861
51764899
51764939
51764959
51764963
51764969
51765013
51765023
51765031
51765037
51765053
51765059
51765067
51765079
51765089
51765097
51765107
51765121
51765127
51765137
51765143
51765167
51765173
51765179
51765199
51765277
51765293
51765317
51765353
51765359
51765379
51765401
51765403
51765409
51765437
51765449
51765509
51765521
51765529
51765533
51765599
51765613
51765641
51765643
51765653
51765661
51765713
51765719
51765733
51765737
51765743
51765751
51765757
51765767
51765773
51765781
51765793
51765797
51765803
51765811
51765817
51765827
51765853
51765859
51765863
51765907
51765911
51765919
51765929
51765943
51765949
51765977
51765991
51766019
51766061
51766079
51766081
51766103
51766111
51766133
51766163
51766199
51766229
51766243
51766283
51766301
51766321
51766327
51766339
51766381
51766457
51766459
51766471
51766489
51766523
51766549
51766571
51766577
51766579
51766633
51766657
51766661
51766699
51766727
51766733
51766763
51766783
51766801
51766829
51766837
51766879
51766903
51766909
51766919
51766927
51766933
51766961
51766973
51766987
51766991
51766999
51767003
51767021
51767029
51767047
51767083
51767087
51767113
51767119
51767137
51767143
51767171
51767173
51767203
51767321
51767323
51767341
51767347
51767369
51767393
51767459
51767497
51767501
51767531
51767557
51767561
51767579
51767587
51767621
51767623
51767627
51767713
51767741
51767747
51767753
51767791
51767797
51767819
51767827
51767927
51767939
51767971
51767977
51767983
51767993
51768011
51768029
51768061
51768083
51768089
51768097
51768107
51768139
51768191
51768203
51768209
51768229
51768263
51768271
51768289
51768323
51768359
51768361
51768389
51768391
51768397
51768401
51768467
51768473
51768491
51768523
51768529
51768533
51768539
51768557
51768571
51768581
51768589
51768593
51768599
51768611
51768617
51768643
51768649
51768671
51768679
51768697
51768701
51768713
51768721
51768733
51768751
51768767
51768793
51768797
51768833
51768841
51768881
51768887
51768919
51768967
51768989
51769013
51769027
51769051
51769057
51769093
51769099
51769111
51769117
51769121
51769171
51769189
51769217
51769241
51769247
51769259
51769271
51769273
51769283
51769303
51769307
51769313
51769331
51769339
51769363
51769381
51769409
51769427
51769447
51769457
51769477
51769517
51769559
51769631
51769633
51769637
51769639
51769667
51769681
51769691
51769693
51769733
51769747
51769769
51769793
51769799
51769829
51769831
51769853
51769867
51769871
51769891
51769903
51769931
51769937
51769951
51769957
51769961
51769973
51769997
51769999
51770009
51770051
51770053
51770057
51770063
51770071
51770087
51770099
51770101
51770111
51770113
51770123
51770137
51770177
51770179
51770183
51770189
51770197
51770209
51770227
51770233
51770261
51770291
51770293
51770351
51770353
51770357
51770371
51770377
51770393
51770419
51770441
51770461
51770483
51770489
51770533
51770561
51770567
51770591
51770599
51770603
51770617
51770623
51770629
51770633
51770647
51770701
51770707
51770731
51770759
51770783
51770809
51770821
51770827
51770863
51770869
51770879
51770909
51770911
51770941
51770947
51770959
51770977
51771007
51771019
51771037
51771043
51771053
51771059
51771073
51771107
51771113
51771121
51771157
51771163
51771193
51771197
51771217
51771227
51771253
51771263
51771277
51771319
51771323
51771329
51771337
51771347
51771353
51771361
51771373
51771427
51771431
51771437
51771449
51771451
51771469
51771491
51771553
51771557
51771563
51771617
51771631
51771649
51771667
51771679
51771701
51771703
51771719
51771743
51771761
51771763
51771787
51771803
51771809
51771821
51771877
51771883
51771899
51771913
51771949
51771959
51771961
51771977
51771983
51772001
51772003
51772033
51772037
51772067
51772181
51772183
51772187
51772211
51772219
51772243
51772247
51772261
51772289
51772319
51772351
51772363
51772411
51772421
51772423
51772451
51772459
51772507
51772529
51772543
51772577
51772579
51772597
51772601
51772603
51772631
51772639
51772649
51772687
51772691
51772717
51772733
51772751
51772753
51772771
51772781
51772783
51772811
51772823
51772849
51772867
51772901
51772921
51772933
51772949
51772969
51772999
51773011
51773039
51773047
51773063
51773077
51773083
51773089
51773107
51773153
51773171
51773237
51773243
51773251
51773261
51773263
51773269
51773297
51773321
51773327
51773329
51773357
51773363
51773369
51773383
51773387
51773431
