50528281
50528287
50528293
50528327
50528329
50528341
50528363
50528371
50528383
50528393
50528399
50528417
50528453
50528473
50528497
50528507
50528509
50528531
50528549
50528551
50528567
50528609
50528617
50528627
50528669
50528693
50528707
50528747
50528767
50528789
50528833
50528837
50528843
50528867
50528887
50528893
50528897
50528899
50528903
50528909
50528911
50528963
50528983
50529001
50529007
50529041
50529047
50529053
50529071
50529077
50529131
50529133
50529173
50529181
50529187
50529197
50529203
50529221
50529247
50529251
50529263
50529293
50529313
50529317
50529319
50529361
50529407
50529421
50529433
50529439
50529449
50529481
50529497
50529499
50529517
50529527
50529529
50529553
50529581
50529587
50529631
50529641
50529707
50529709
50529719
50529727
50529733
50529737
50529751
50529757
50529799
50529811
50529833
50529851
50529863
50529883
50529889
50529931
50529953
50529989
50530027
50530079
50530133
50530141
50530153
50530157
50530159
50530169
50530223
50530231
50530243
50530247
50530297
50530301
50530309
50530331
50530343
50530349
50530351
50530357
50530369
50530393
50530399
50530423
50530433
50530457
50530523
50530537
50530541
50530559
50530583
50530591
50530619
50530637
50530639
50530661
50530679
50530699
50530703
50530741
50530763
50530787
50530807
50530813
50530829
50530853
50530897
50530903
50530927
50530957
50531003
50531009
50531017
50531059
50531113
50531153
50531167
50531177
50531179
50531189
50531219
50531231
50531237
50531249
50531267
50531281
50531287
50531297
50531303
50531353
50531359
50531389
50531401
50531423
50531443
50531449
50531477
50531501
50531513
50531527
50531539
50531563
50531567
50531573
50531587
50531609
50531629
50531641
50531647
50531669
50531699
50531731
50531749
50531753
50531791
50531801
50531821
50531857
50531881
50531911
50531917
50531933
50531941
50531951
50531959
50531969
50531981
50532037
50532067
50532091
50532103
50532107
50532151
50532169
50532187
50532227
50532253
50532257
50532281
50532299
50532319
50532323
50532329
50532337
50532389
50532397
50532401
50532431
50532437
50532451
50532463
50532467
50532523
50532527
50532577
50532589
50532593
50532607
50532613
50532631
50532659
50532689
50532701
50532707
50532709
50532719
50532731
50532739
50532749
50532751
50532767
50532773
50532791
50532803
50532871
50532907
50532947
50532961
50532967
50532983
50532991
50533003
50533013
50533019
50533039
50533057
50533079
50533111
50533117
50533159
50533169
50533181
50533237
50533243
50533247
50533253
50533267
50533289
50533309
50533313
50533321
50533337
50533339
50533349
50533391
50533393
50533397
50533429
50533451
50533489
50533493
50533517
50533519
50533523
50533531
50533541
50533547
50533583
50533591
50533649
50533657
50533661
50533663
50533709
50533759
50533793
50533801
50533831
50533837
50533841
50533859
50533907
50533909
50533919
50533927
50533943
50533949
50533961
50533997
50534041
50534051
50534087
50534093
50534137
50534171
50534173
50534201
50534203
50534213
50534219
50534227
50534233
50534257
50534261
50534303
50534329
50534347
50534383
50534431
50534437
50534459
50534479
50534507
50534521
50534531
50534543
50534551
50534579
50534587
50534593
50534639
50534647
50534677
50534707
50534713
50534741
50534753
50534767
50534773
50534777
50534797
50534801
50534807
50534819
50534833
50534839
50534873
50534881
50534893
50534899
50534921
50534941
50534947
50534969
50534983
50534987
50535029
50535059
50535073
50535077
50535091
50535097
50535103
50535109
50535119
50535143
50535217
50535241
50535253
50535259
50535263
50535283
50535311
50535337
50535361
50535367
50535403
50535409
50535461
50535467
50535473
50535523
50535539
50535547
50535557
50535571
50535581
50535619
50535643
50535647
50535677
50535691
50535697
50535731
50535733
50535757
50535769
50535811
50535847
50535869
50535887
50535911
50535913
50535923
50535931
50535941
50535943
50535959
50536027
50536033
50536049
50536061
50536081
50536093
50536097
50536099
50536133
50536153
50536177
50536193
50536217
50536253
50536261
50536289
50536301
50536307
50536319
50536331
50536349
50536361
50536397
50536411
50536429
50536439
50536441
50536463
50536489
50536517
50536553
50536579
50536583
50536601
50536643
50536657
50536679
50536687
50536721
50536757
50536769
50536799
50536813
50536817
50536823
50536841
50536861
50536867
50536883
50536897
50536901
50536919
50536921
50536939
50536949
50536963
50536987
50537021
50537023
50537029
50537057
50537059
50537077
50537089
50537101
50537117
50537119
50537129
50537147
50537159
50537171
50537177
50537183
50537197
50537213
50537231
50537257
50537273
50537281
50537309
50537351
50537353
50537387
50537393
50537423
50537429
50537441
50537477
50537479
50537503
50537527
50537537
50537551
50537563
50537579
50537603
50537639
50537653
50537717
50537731
50537761
50537797
50537813
50537863
50537867
50537869
50537897
50537909
50537947
50537983
50538001
50538017
50538031
50538071
50538109
50538179
50538181
50538193
50538211
50538217
50538227
50538247
50538251
50538283
50538307
50538311
50538349
50538361
50538377
50538391
50538403
50538407
50538419
50538421
50538437
50538473
50538493
50538511
50538517
50538539
50538547
50538571
50538601
50538611
50538641
50538661
50538667
50538673
50538679
50538721
50538731
50538737
50538799
50538827
50538833
50538847
50538857
50538877
50538881
50538893
50538923
50538941
50538953
50538973
50539033
50539057
50539063
50539067
50539081
50539091
50539103
50539109
50539117
50539123
50539127
50539133
50539169
50539187
50539193
50539201
50539213
50539217
50539243
50539253
50539301
50539309
50539337
50539367
50539409
50539439
50539457
50539477
50539483
50539499
50539561
50539571
50539597
50539609
50539633
50539637
50539649
50539651
50539667
50539673
50539747
50539751
50539789
50539799
50539823
50539843
50539847
50539873
50539883
50539897
50539913
50539919
50539927
50539933
50539967
50539987
50539991
50539999
50540023
50540033
50540089
50540101
50540107
50540159
50540173
50540183
50540213
50540239
50540251
50540279
50540317
50540333
50540339
50540377
50540389
50540411
50540419
50540461
50540467
50540531
50540537
50540543
50540549
50540561
50540573
50540587
50540593
50540597
50540603
50540621
50540653
50540669
50540681
50540689
50540723
50540767
50540771
50540773
50540801
50540827
50540851
50540857
50540873
50540887
50540909
50540911
50540929
50540951
50540957
50540999
50541013
50541019
50541031
50541061
50541131
50541157
50541163
50541217
50541259
50541269
50541307
50541319
50541341
50541353
50541401
50541433
50541443
50541451
50541457
50541467
50541473
50541509
50541523
50541541
50541551
50541571
50541599
50541607
50541613
50541619
50541637
50541671
50541677
50541679
50541707
50541709
50541719
50541737
50541739
50541761
50541781
50541817
50541859
50541863
50541871
50541893
50541917
50541923
50541941
50541949
50541973
50542001
50542007
50542013
50542021
50542031
50542039
50542057
50542069
50542097
50542133
50542159
50542169
50542171
50542181
50542237
50542277
50542351
50542363
50542367
50542379
50542399
50542403
50542423
50542433
50542487
50542511
50542559
50542561
50542567
50542573
50542577
50542579
50542631
50542651
50542663
50542669
50542693
50542711
50542721
50542733
50542747
50542771
50542783
50542823
50542837
50542847
50542879
50542883
50542897
50542901
50542957
50542967
50542981
50543039
50543063
50543071
50543081
50543093
50543107
50543123
50543131
50543137
50543149
50543153
50543177
50543179
50543183
50543209
50543231
50543239
50543263
50543279
50543281
50543293
50543303
50543309
50543327
50543341
50543357
50543371
50543399
50543407
50543411
50543459
50543461
50543497
50543509
50543513
50543539
50543557
50543569
50543617
50543621
50543639
50543651
50543653
50543663
50543677
50543681
50543711
50543729
50543741
50543747
50543749
50543761
50543767
50543789
50543797
50543827
50543833
50543849
50543869
50543879
50543891
50543917
50543923
50543947
50543951
50543957
50543989
50543993
50544017
50544019
50544029
50544037
50544089
50544097
50544101
50544107
50544163
50544211
50544217
50544239
50544253
50544259
50544311
50544323
50544337
50544343
50544359
50544371
50544391
50544407
50544421
50544433
50544443
50544463
50544491
50544493
50544509
50544517
50544569
50544581
50544583
50544667
50544671
50544691
50544707
50544713
50544719
50544727
50544749
50544751
50544761
50544763
50544779
50544803
50544817
50544821
50544827
50544853
50544863
50544899
50544913
50544919
50544947
50544953
50544983
50545009
50545039
50545043
50545067
50545129
50545139
50545141
50545177
50545193
50545213
50545217
50545223
50545249
50545259
50545279
50545303
50545331
50545337
50545343
50545361
50545373
50545427
50545459
50545487
50545489
50545501
50545507
50545519
50545549
50545553
50545591
50545609
50545631
50545687
50545699
50545721
50545741
50545751
50545763
50545783
50545793
50545799
50545829
50545853
50545861
50545883
50545931
50545969
50545987
50545991
50545997
50546011
50546029
50546039
50546053
50546077
50546081
50546131
50546147
50546161
50546183
50546201
50546227
50546231
50546239
50546257
50546261
50546269
50546273
50546281
50546299
50546339
50546357
50546401
50546413
50546417
50546429
50546443
50546467
50546473
50546497
50546521
50546549
50546567
50546579
50546591
50546599
50546641
50546653
50546659
50546677
50546687
50546689
50546701
50546723
50546731
50546747
50546767
50546777
50546779
50546791
50546803
50546819
50546863
50546911
50546929
50546953
50546981
50546987
50546999
50547023
50547041
50547053
50547061
50547071
50547089
50547097
50547113
50547127
50547131
50547149
50547173
50547179
50547209
50547221
50547229
50547241
50547251
50547257
50547271
50547311
50547361
50547373
50547407
50547421
50547437
50547449
50547451
50547473
50547487
50547503
50547509
50547569
50547593
50547599
50547617
50547671
50547677
50547683
50547709
50547713
50547737
50547781
50547797
50547799
50547821
50547823
50547853
50547863
50547881
50547907
50547911
50547929
50547947
50547967
50548007
50548013
50548027
50548049
50548081
50548087
50548097
50548103
50548109
50548117
50548153
50548187
50548219
50548249
50548271
50548283
50548291
50548301
50548343
50548369
50548439
50548447
50548481
50548489
50548513
50548523
50548567
50548573
50548583
50548627
50548643
50548649
50548669
50548679
50548691
50548699
50548709
50548727
50548741
50548763
50548787
50548793
50548801
50548831
50548843
50548867
50548877
50548891
50548903
50548907
50548933
50548937
50548957
50548961
50548969
50548991
50548997
50549029
50549033
50549039
50549087
50549113
50549129
50549131
50549153
50549167
50549171
50549173
50549183
50549197
50549201
50549221
50549249
50549273
50549281
50549287
50549309
50549321
50549339
50549341
50549353
50549357
50549399
50549431
50549441
50549459
50549497
50549501
50549531
50549549
50549567
50549593
50549617
50549621
50549627
50549641
50549669
50549701
50549717
50549749
50549773
50549777
50549783
50549801
50549827
50549839
50549867
50549909
50549921
50549927
50549951
50549963
50549971
50549977
50550001
50550011
50550023
50550047
50550077
50550107
50550121
50550133
50550139
50550169
50550221
50550229
50550257
50550263
50550271
50550281
50550301
50550341
50550359
50550371
50550377
50550391
50550449
50550457
50550463
50550497
50550523
50550541
50550557
50550559
50550587
50550607
50550611
50550623
50550637
50550653
50550667
50550719
50550727
50550751
50550779
50550781
50550823
50550833
50550847
50550859
50550881
50550893
50550919
50550943
50550949
50550959
50550971
50550977
50551037
50551043
50551069
50551091
50551099
50551117
50551121
50551133
50551159
50551177
50551223
50551243
50551247
50551253
50551271
50551279
50551283
50551301
50551337
50551351
50551357
50551363
50551393
50551411
50551429
50551439
50551463
50551469
50551477
50551511
50551513
50551517
50551519
50551537
50551549
50551561
50551573
50551577
50551597
50551621
50551637
50551639
50551661
50551741
50551747
50551751
50551757
50551759
50551763
50551777
50551783
50551801
50551817
50551819
50551871
50551883
50551889
50551939
50551957
50551987
50552009
50552011
50552023
50552039
50552053
50552081
50552083
50552107
50552111
50552113
50552143
50552147
50552149
50552189
50552207
50552209
50552239
50552261
50552279
50552287
50552291
50552311
50552329
50552357
50552377
50552387
50552389
50552393
50552399
50552431
50552449
50552473
50552501
50552519
50552527
50552569
50552581
50552603
50552609
50552629
50552641
50552647
50552651
50552659
50552669
50552681
50552687
50552699
50552707
50552717
50552729
50552753
50552779
50552797
50552813
50552819
50552833
50552839
50552851
50552861
50552881
50552897
50552903
50552921
50552933
50552947
50552981
50553007
50553017
50553047
50553073
50553077
50553089
50553101
50553131
50553133
50553161
50553179
50553187
50553197
50553221
50553229
50553253
50553263
50553289
50553317
50553329
50553367
50553397
50553403
50553407
50553421
50553457
50553463
50553469
50553473
50553479
50553487
50553523
50553551
50553589
50553593
50553599
50553617
50553637
50553647
50553649
50553709
50553719
50553731
50553751
50553773
50553787
50553821
50553823
50553829
50553859
50553871
50553907
50553913
50553947
50553949
50553953
50553967
50554013
50554019
50554027
50554037
50554043
50554057
50554121
50554129
50554171
50554181
50554199
50554219
50554223
50554241
50554249
50554261
50554289
50554297
50554313
50554331
50554333
50554351
50554373
50554393
50554409
50554411
50554417
50554451
50554477
50554487
50554499
50554501
50554523
50554531
50554547
50554561
50554571
50554577
50554591
50554597
50554601
50554619
50554631
50554697
50554703
50554729
50554747
50554771
50554793
50554813
50554817
50554841
50554849
50554871
50554883
50554891
50554901
50554919
50554949
50554961
50554997
50555003
50555027
50555041
50555077
50555083
50555101
50555107
50555117
50555119
50555123
50555137
50555147
50555159
50555177
50555179
50555191
50555231
50555237
50555243
50555261
50555279
50555299
50555303
50555317
50555341
50555359
50555363
50555369
50555377
50555423
50555429
50555437
50555441
50555443
50555473
50555489
50555509
50555521
50555537
50555543
50555563
50555581
50555611
50555657
50555669
50555677
50555683
50555707
50555717
50555719
50555723
50555731
50555737
50555753
50555759
50555767
50555777
50555783
50555803
50555819
50555821
50555833
50555867
50555873
50555887
50555891
50555893
50555899
50555927
50555929
50555959
50555987
50556029
50556031
50556043
50556049
50556059
50556091
50556119
50556127
50556167
50556173
50556179
50556197
50556221
50556241
50556281
50556293
50556299
50556371
50556421
50556439
50556463
50556479
50556481
50556491
50556509
50556523
50556529
50556533
50556551
50556563
50556577
50556601
50556607
50556613
50556619
50556637
50556641
50556643
50556679
50556683
50556697
50556703
50556713
50556749
50556767
50556787
50556791
50556817
50556823
50556839
50556871
50556881
50556887
50556901
50556917
50556937
50556943
50557019
50557021
50557027
50557037
50557097
50557139
50557153
50557181
50557229
50557231
50557253
50557261
50557291
50557307
50557321
50557327
50557333
50557417
50557433
50557483
50557487
50557501
50557517
50557531
50557561
50557567
50557583
50557589
50557649
50557691
50557697
50557699
50557721
50557729
50557733
50557753
50557757
50557769
50557777
50557781
50557783
50557789
50557861
50557877
50557901
50557909
50557939
50557957
50557967
50557973
50557987
50558023
50558033
50558077
50558083
50558089
50558099
50558111
50558129
50558159
50558171
50558191
50558197
50558219
50558227
50558231
50558251
50558257
50558293
50558309
50558351
50558353
50558359
50558369
50558377
50558381
50558383
50558419
50558423
50558429
50558441
50558467
50558483
50558503
50558507
50558509
50558567
50558579
50558581
50558591
50558593
50558597
50558611
50558621
50558659
50558689
50558701
50558713
50558723
50558741
50558759
50558789
50558797
50558801
50558843
50558881
50558917
50558939
50558947
50558951
50558953
50558971
50558993
50559001
50559007
50559011
50559023
50559049
50559059
50559073
50559079
50559097
50559121
50559161
50559163
50559167
50559199
50559211
50559217
50559227
50559239
50559259
50559269
50559277
50559293
50559329
50559347
50559349
50559371
50559389
50559391
50559409
50559491
50559511
50559517
50559521
50559527
50559539
50559563
50559569
50559577
50559599
50559623
50559629
50559647
50559653
50559659
50559661
50559671
50559679
50559689
50559749
50559781
50559823
50559841
50559851
50559857
50559889
50559907
50559913
50559917
50559923
50559941
50559947
50559953
50559967
50559973
50560001
50560061
50560087
50560117
50560151
50560201
50560207
50560219
50560229
50560231
50560243
50560249
50560271
50560313
50560333
50560343
50560379
50560423
50560451
50560459
50560469
50560507
50560511
50560513
50560547
50560583
50560589
50560619
50560621
50560639
50560649
50560661
50560747
50560777
50560801
50560823
50560841
50560847
50560921
50560927
50560931
50560933
50560943
50560967
50560973
50560997
50560999
50561003
50561011
50561029
50561039
50561047
50561051
50561101
50561117
50561141
50561177
50561191
50561207
50561219
50561263
50561317
50561339
50561353
50561363
50561377
50561387
50561393
50561419
50561431
50561437
50561449
50561453
50561461
50561473
50561491
50561513
50561531
50561543
50561557
50561579
50561611
50561627
50561633
50561639
50561653
50561657
50561663
50561669
50561671
50561683
50561759
50561767
50561783
50561813
50561821
50561839
50561867
50561881
50561891
50561921
50561941
50561969
50561971
50562037
50562049
50562103
50562121
50562137
50562139
50562203
50562221
50562227
50562241
50562247
50562263
50562269
50562277
50562293
50562299
50562311
50562329
50562331
50562353
50562359
50562373
50562377
50562397
50562431
50562433
50562527
50562569
50562599
50562613
50562619
50562649
50562653
50562679
50562697
50562737
50562739
50562751
50562773
50562791
50562851
50562871
50562877
50562887
50562917
50562931
50562973
50562991
50563003
50563031
50563061
50563063
50563067
50563133
50563157
50563159
50563169
50563181
50563187
50563217
50563241
50563297
50563307
50563339
50563343
50563369
50563391
50563393
50563411
50563433
50563439
50563441
50563477
50563489
50563519
50563543
50563553
50563561
50563567
50563609
50563631
50563633
50563673
50563679
50563687
50563691
50563703
50563717
50563727
50563739
50563781
50563787
50563789
50563801
50563811
50563819
50563847
50563859
50563873
50563879
50563897
50563927
50563943
50563951
50563957
50563973
50563987
50563991
50564009
50564047
50564083
50564113
50564123
50564147
50564153
50564177
50564179
50564191
50564203
50564207
50564221
50564231
50564233
50564243
50564287
50564309
50564321
50564323
50564329
50564359
50564363
50564387
50564389
50564401
50564413
50564461
50564467
50564471
50564473
50564497
50564543
50564573
50564587
50564599
50564609
50564611
50564617
50564623
50564629
50564641
50564663
50564671
50564687
50564707
50564713
50564729
50564743
50564753
50564771
50564807
50564827
50564867
50564869
50564873
50564887
50564911
50564929
50564939
50564957
50564963
50564981
50564989
50565019
50565037
50565041
50565059
50565071
50565103
50565121
50565131
50565139
50565143
50565181
50565197
50565269
50565271
50565283
50565331
50565379
50565391
50565407
50565409
50565413
50565457
50565499
50565511
50565527
50565547
50565553
50565577
50565583
50565601
50565611
50565623
50565649
50565659
50565673
50565677
50565689
50565709
50565727
50565731
50565737
50565793
50565797
50565817
50565829
50565857
50565883
50565887
50565901
50565959
50565961
50565971
50565989
50566027
50566051
50566063
50566067
50566069
50566123
50566141
50566171
50566183
50566189
50566207
50566223
50566249
50566253
50566267
50566273
50566283
50566291
50566303
50566367
50566387
50566421
50566433
50566463
50566469
50566471
50566493
50566519
50566547
50566553
50566561
50566573
50566583
50566591
50566597
50566601
50566603
50566613
50566639
50566643
50566651
50566741
50566751
50566777
50566787
50566801
50566853
50566871
50566909
50566931
50566933
50566937
50566939
50566969
50566979
50567017
50567021
50567029
50567053
50567057
50567089
50567117
50567119
50567131
50567137
50567149
50567177
50567191
50567203
50567221
50567239
50567249
50567261
50567263
50567267
50567281
50567311
50567383
50567393
50567411
50567423
50567453
50567467
50567477
50567483
50567497
50567509
50567519
50567521
50567557
50567563
50567581
50567591
50567617
50567633
50567651
50567669
50567681
50567687
50567701
50567729
50567743
50567761
50567773
50567791
50567819
50567827
50567887
50567893
50567921
50567927
50567977
50567981
50568017
50568029
50568031
50568059
50568079
50568103
50568107
50568113
50568121
50568151
50568181
50568229
50568241
50568247
50568269
50568277
50568281
50568299
50568311
50568313
50568361
50568379
50568383
50568391
50568407
50568433
50568437
50568439
50568461
50568493
50568499
50568589
50568607
50568613
50568629
50568647
50568649
50568653
50568701
50568773
50568797
50568803
50568809
50568811
50568839
50568877
50568883
50568901
50568929
50568977
50568979
50568997
50569003
50569007
50569009
50569037
50569063
50569073
50569081
50569093
50569097
50569117
50569139
50569147
50569171
50569193
50569199
50569231
50569273
50569289
50569307
50569319
50569331
50569349
50569357
50569361
50569399
50569423
50569459
50569481
50569483
50569489
50569499
50569511
50569517
50569531
50569567
50569573
50569619
50569627
50569669
50569693
50569699
50569759
50569819
50569837
50569843
50569853
50569859
50569877
50569879
50569891
50569901
50569907
50569919
50569921
50569931
50569957
50569999
50570017
50570027
50570057
50570063
50570081
50570089
50570131
50570141
50570173
50570183
50570213
50570227
50570237
50570243
50570251
50570263
50570297
50570309
50570329
50570341
50570347
50570357
50570369
50570383
50570407
50570411
50570417
50570431
50570467
50570473
50570479
50570483
50570539
50570549
50570561
50570573
50570591
50570593
50570621
50570627
50570657
50570669
50570687
50570701
50570759
50570771
50570783
50570789
50570791
50570797
50570803
50570873
50570887
50570893
50570899
50570909
50570911
50570929
50570953
50571007
50571011
50571023
50571029
50571049
50571067
50571071
50571091
50571121
50571149
50571197
50571281
50571299
50571317
50571329
50571343
50571347
50571349
50571361
50571377
50571401
50571403
50571419
50571421
50571431
50571449
50571463
50571467
50571473
50571497
50571511
50571529
50571539
50571557
50571607
50571649
50571691
50571727
50571739
50571743
50571761
50571793
50571797
50571799
50571893
50571919
50571931
50571959
50572001
50572019
50572033
50572037
50572057
50572063
50572079
50572097
50572099
50572103
50572177
50572183
50572187
50572213
50572219
50572237
50572267
50572307
50572309
50572321
50572339
50572351
50572363
50572367
50572391
50572397
50572409
50572421
50572493
50572507
50572513
50572523
50572541
50572553
50572573
50572583
50572597
50572631
50572633
50572651
50572693
50572727
50572729
50572733
50572751
50572763
50572783
50572817
50572829
50572861
50572871
50572901
50572903
50572913
50572957
50572961
50572981
50572993
50572999
50573053
50573063
50573099
50573119
50573123
50573137
50573177
50573179
50573189
50573197
50573219
50573261
50573267
50573273
50573279
50573287
50573291
50573293
50573329
50573333
50573357
50573359
50573387
50573401
50573417
50573423
50573429
50573437
50573441
50573483
50573503
50573507
50573519
50573533
50573539
50573563
50573581
50573587
50573591
50573603
50573641
50573647
50573669
50573681
50573693
50573707
50573723
50573737
50573807
50573837
50573843
50573911
50573917
50573923
50573933
50573969
50574023
50574053
50574061
50574089
50574109
50574119
50574131
50574163
50574179
50574187
50574193
50574211
50574221
50574229
50574233
50574239
50574247
50574283
50574287
50574311
50574313
50574323
50574331
50574343
50574353
50574373
50574479
50574487
50574527
50574533
50574553
50574613
50574617
50574653
50574683
50574691
50574701
50574703
50574707
50574721
50574737
50574739
50574763
50574787
50574793
50574809
50574817
50574851
50574863
50574877
50574889
50574913
50574929
50574947
50574973
50575003
50575013
50575037
50575069
50575087
50575103
50575117
50575123
50575127
50575139
50575157
50575177
50575193
50575211
50575241
50575271
50575307
50575309
50575313
50575351
50575361
50575379
50575387
50575417
50575423
50575433
50575451
50575453
50575471
50575531
50575543
50575571
50575573
50575579
50575589
50575607
50575627
50575631
50575661
50575667
50575709
50575717
50575729
50575741
50575751
50575793
50575817
50575829
50575831
50575841
50575871
50575883
50575907
50575909
50575937
50575957
50575961
50575963
50575991
50575997
50575999
50576017
50576021
50576047
50576093
50576111
50576131
50576143
50576161
50576171
50576179
50576209
50576219
50576231
50576237
50576243
50576263
50576269
50576293
50576321
50576341
50576369
50576387
50576417
50576419
50576431
50576441
50576453
50576473
50576483
50576549
50576579
50576621
50576627
50576671
50576677
50576693
50576719
50576737
50576749
50576761
50576767
50576777
50576789
50576807
50576837
50576857
50576881
50576923
50576947
50576951
50576959
50576971
50577013
50577019
50577053
50577083
50577097
50577103
50577133
50577139
50577157
50577167
50577173
50577179
50577181
50577203
50577209
50577229
50577239
50577257
50577283
50577287
50577361
50577377
50577379
50577383
50577389
50577413
50577451
50577463
50577469
50577473
50577491
50577493
50577511
50577517
50577521
50577581
50577587
50577607
50577613
50577661
50577671
50577673
50577731
50577739
50577743
50577749
50577757
50577799
50577811
50577817
50577859
50577883
50577889
50577893
50577911
50577913
50577949
50577973
50577979
50577991
50578007
50578013
50578027
50578037
50578067
50578079
50578093
50578103
50578109
50578147
50578153
50578181
50578189
50578201
50578207
50578237
50578243
50578273
50578309
50578327
50578337
50578351
50578369
50578397
50578421
50578441
50578471
50578481
50578487
50578511
50578537
50578547
50578559
50578643
50578663
50578673
50578681
50578709
50578711
50578727
50578729
50578739
50578811
50578819
50578831
50578837
50578849
50578861
50578867
50578883
50578921
50578933
50578937
50578939
50578951
50578973
50578981
50578993
50579027
50579033
50579057
50579069
50579101
50579129
50579141
50579149
50579189
50579203
50579209
50579213
50579227
50579251
50579279
50579297
50579303
50579327
50579329
50579339
50579341
50579359
50579381
50579423
50579429
50579447
50579467
50579483
50579521
50579531
50579549
50579563
50579587
50579623
50579651
50579663
50579681
50579687
50579699
50579701
50579717
50579747
50579819
50579821
50579827
50579831
50579833
50579887
50579899
50579927
50579939
50579953
50579959
50579983
50580001
50580007
50580053
50580091
50580097
50580113
50580121
50580133
50580139
50580143
50580149
50580181
50580193
50580199
50580239
50580241
50580247
50580301
50580317
50580323
50580349
50580371
50580373
50580401
50580403
50580419
50580421
50580433
50580479
50580493
50580521
50580539
50580547
50580557
50580581
50580589
50580617
50580643
50580659
50580689
50580713
50580731
50580737
50580743
50580787
50580799
50580863
50580911
50580917
50580973
50580991
50581007
50581009
50581033
50581051
50581061
50581067
50581087
50581159
50581169
50581187
50581199
50581207
50581213
50581241
50581253
50581303
50581319
50581339
50581369
50581379
50581397
50581403
50581417
50581441
50581457
50581463
50581483
50581493
50581499
50581501
50581513
50581519
50581537
50581543
50581547
50581561
50581603
50581639
50581673
50581693
50581697
50581711
50581733
50581747
50581757
50581763
50581787
50581793
50581831
50581837
50581841
50581847
50581859
50581897
50581901
50581903
50581931
50582027
50582029
50582039
50582053
50582093
50582107
50582117
50582137
50582143
50582149
50582153
50582159
50582197
50582201
50582209
50582227
50582243
50582249
50582251
50582261
50582263
50582269
50582281
50582321
50582341
50582347
50582353
50582419
50582423
50582437
50582443
50582447
50582453
50582461
50582473
50582489
50582507
50582549
50582551
50582557
50582569
50582573
50582593
50582611
50582621
50582629
50582639
50582657
50582659
50582713
50582717
50582747
50582761
50582771
50582783
50582809
50582821
50582827
50582839
50582849
50582887
50582891
50582929
50582953
50582999
50583011
50583017
50583023
50583031
50583077
50583079
50583097
50583133
50583151
50583157
50583173
50583209
50583223
50583283
50583307
50583319
50583331
50583341
50583349
50583361
50583367
50583383
50583389
50583419
50583427
50583439
50583443
50583451
50583479
50583487
50583499
50583503
50583541
50583553
50583557
50583583
50583607
50583623
50583667
50583683
50583691
50583713
50583733
50583761
50583803
50583809
50583821
50583853
50583881
50583899
50583919
50583961
50583979
50583983
50583991
50583997
50584003
50584013
50584019
50584043
50584057
50584081
50584087
50584103
50584117
50584123
50584141
50584151
50584271
50584277
50584309
50584321
50584351
50584423
50584427
50584451
50584459
50584477
50584493
50584511
50584519
50584543
50584553
50584577
50584579
50584603
50584607
50584621
50584637
50584657
50584717
50584753
50584757
50584759
50584811
50584819
50584823
50584847
50584867
50584871
50584913
50584943
50584967
50584991
50584993
50584997
50585009
50585039
50585089
50585099
50585111
50585137
50585153
50585159
50585173
50585189
50585231
50585233
50585237
50585261
50585279
50585291
50585321
50585323
50585347
50585357
50585363
50585369
50585383
50585389
50585411
50585417
50585419
50585443
50585449
50585471
50585473
50585477
50585503
50585527
50585537
50585539
50585573
50585593
50585609
50585611
50585617
50585621
50585629
50585663
50585713
50585767
50585779
50585783
50585789
50585813
50585837
50585839
50585881
50585921
50585929
50585939
50585957
50585963
50585971
50585981
50585987
50586001
50586031
50586047
50586049
50586071
50586073
50586077
50586083
50586089
50586119
50586127
50586143
50586161
50586191
50586199
50586229
50586233
50586247
50586301
50586311
50586317
50586323
50586337
50586377
50586383
50586391
50586401
50586413
50586421
50586449
50586457
50586461
50586479
50586559
50586563
50586581
50586583
50586587
50586589
50586593
50586631
50586649
50586667
50586673
50586677
50586689
50586691
50586703
50586707
50586709
50586749
50586803
50586827
50586847
50586853
50586859
50586871
50586929
50586937
50586941
50586953
50586971
50586973
50586983
50587007
50587057
50587067
50587093
50587151
50587157
50587171
50587183
50587231
50587237
50587247
50587259
50587267
50587279
50587283
50587289
50587301
50587331
50587337
50587349
50587363
50587409
50587417
50587447
50587451
50587477
50587507
50587517
50587531
50587543
50587549
50587583
50587609
50587619
50587627
50587637
50587639
50587643
50587657
50587673
50587681
50587711
50587739
50587751
50587777
50587819
50587837
50587847
50587913
50587951
50587961
50587963
50587969
50587993
50588009
50588011
50588059
50588071
50588101
50588113
50588117
50588123
50588143
50588159
50588177
50588189
50588227
50588257
50588269
50588273
50588299
50588303
50588323
50588327
50588333
50588353
50588357
50588359
50588389
50588399
50588407
50588437
50588453
50588467
50588471
50588479
50588491
50588513
50588521
50588537
50588561
50588599
50588611
50588639
50588647
50588653
50588687
50588717
50588723
50588729
50588761
50588767
50588771
50588827
50588831
50588897
50588903
50588917
50588921
50588929
50588933
50588959
50588999
50589023
50589037
50589103
50589131
50589139
50589157
50589173
50589181
50589223
50589257
50589269
50589281
50589347
50589349
50589359
50589391
50589431
50589463
50589481
50589499
50589509
50589521
50589527
50589547
50589563
50589593
50589599
50589607
50589611
50589631
50589653
50589661
50589667
50589677
50589697
50589703
50589769
50589779
50589787
50589793
50589809
50589823
50589829
50589881
50589883
50589893
50589919
50589937
50589947
50589961
50590021
50590091
50590093
50590121
50590151
50590153
50590207
50590219
50590229
50590237
50590247
50590261
50590273
50590291
50590303
50590321
50590327
50590333
50590339
50590343
50590373
50590381
50590391
50590429
50590457
50590499
50590513
50590517
50590523
50590541
50590549
50590571
50590607
50590619
50590627
50590643
50590649
50590669
50590693
50590697
50590699
50590717
50590739
50590751
50590763
50590801
50590811
50590817
50590849
50590867
50590873
50590879
50590921
50590937
50590987
50590999
50591011
50591017
50591027
50591041
50591069
50591081
50591083
50591087
50591111
50591113
50591137
50591153
50591159
50591161
50591179
50591183
50591197
50591207
50591213
50591227
50591251
50591257
50591267
50591273
50591279
50591291
50591293
50591297
50591323
50591327
50591353
50591377
50591423
50591447
50591449
50591459
50591477
50591479
50591531
50591537
50591539
50591549
50591561
50591591
50591621
50591657
50591683
50591707
50591713
50591729
50591731
50591773
50591791
50591797
50591803
50591833
50591857
50591861
50591867
50591873
50591887
50591899
50591923
50591939
50591941
50591953
50591963
50591971
50591977
50592029
50592043
50592049
50592107
50592109
50592127
50592137
50592167
50592181
50592229
50592239
50592251
50592287
50592299
50592301
50592329
50592337
50592343
50592349
50592359
50592371
50592379
50592389
50592413
50592419
50592427
50592439
50592461
50592463
50592491
50592517
50592533
50592551
50592583
50592587
50592599
50592631
50592671
50592721
50592743
50592761
50592767
50592769
50592797
50592881
50592911
50592923
50592937
50592977
50592989
50593001
50593013
50593027
50593043
50593051
50593061
50593063
50593121
50593129
50593157
50593177
50593183
50593211
50593229
50593237
50593247
50593289
50593297
50593321
50593351
50593363
50593421
50593423
50593441
50593469
50593471
50593481
50593493
50593553
50593567
50593577
50593579
50593589
50593591
50593619
50593679
50593687
50593693
50593723
50593727
50593771
50593783
