50790413
50790427
50790457
50790499
50790517
50790521
50790541
50790547
50790557
50790581
50790583
50790643
50790659
50790689
50790749
50790763
50790767
50790769
50790791
50790797
50790809
50790821
50790827
50790833
50790851
50790853
50790863
50790871
50790889
50790893
50790941
50790959
50791003
50791033
50791049
50791063
50791079
50791099
50791109
50791133
50791141
50791157
50791163
50791177
50791187
50791193
50791201
50791207
50791229
50791241
50791253
50791277
50791297
50791309
50791369
50791379
50791409
50791453
50791457
50791469
50791487
50791501
50791519
50791523
50791571
50791591
50791621
50791627
50791651
50791667
50791691
50791703
50791747
50791753
50791759
50791771
50791777
50791781
50791831
50791841
50791849
50791877
50791879
50791891
50791927
50791943
50791969
50791973
50792011
50792017
50792029
50792059
50792087
50792113
50792117
50792123
50792143
50792173
50792177
50792201
50792219
50792233
50792239
50792251
50792279
50792297
50792347
50792363
50792381
50792393
50792419
50792459
50792471
50792473
50792501
50792509
50792513
50792629
50792641
50792647
50792653
50792657
50792669
50792683
50792689
50792713
50792723
50792737
50792741
50792747
50792773
50792783
50792827
50792837
50792851
50792873
50792879
50792881
50792893
50792899
50792939
50792969
50792981
50792999
50793011
50793013
50793031
50793037
50793047
50793049
50793073
50793079
50793089
50793103
50793107
50793139
50793143
50793157
50793173
50793179
50793233
50793247
50793257
50793271
50793299
50793307
50793311
50793343
50793359
50793367
50793373
50793377
50793439
50793503
50793521
50793527
50793559
50793581
50793583
50793599
50793623
50793641
50793647
50793661
50793667
50793679
50793713
50793719
50793727
50793731
50793733
50793751
50793763
50793811
50793817
50793851
50793871
50793961
50793989
50793997
50794001
50794013
50794019
50794033
50794043
50794123
50794127
50794157
50794199
50794217
50794243
50794259
50794279
50794297
50794301
50794307
50794313
50794369
50794397
50794409
50794421
50794427
50794439
50794459
50794477
50794483
50794489
50794493
50794529
50794577
50794591
50794661
50794687
50794727
50794789
50794801
50794817
50794831
50794841
50794853
50794873
50794889
50794897
50794903
50794973
50794987
50795011
50795027
50795029
50795039
50795051
50795053
50795057
50795089
50795111
50795131
50795137
50795141
50795149
50795197
50795219
50795233
50795243
50795257
50795263
50795273
50795281
50795321
50795333
50795357
50795383
50795389
50795411
50795449
50795461
50795467
50795471
50795483
50795491
50795497
50795509
50795533
50795567
50795573
50795587
50795611
50795621
50795651
50795653
50795669
50795681
50795713
50795747
50795749
50795777
50795803
50795807
50795821
50795827
50795851
50795879
50795897
50795909
50795933
50795939
50795951
50795957
50795959
50795971
50795993
50795999
50796001
50796013
50796041
50796043
50796047
50796059
50796107
50796157
50796173
50796181
50796199
50796203
50796209
50796241
50796257
50796271
50796283
50796349
50796359
50796401
50796437
50796439
50796451
50796479
50796509
50796517
50796521
50796533
50796553
50796583
50796593
50796611
50796623
50796649
50796677
50796679
50796689
50796701
50796721
50796727
50796743
50796749
50796751
50796761
50796769
50796797
50796841
50796847
50796869
50796871
50796877
50796883
50796917
50796929
50796959
50797001
50797007
50797027
50797039
50797063
50797069
50797111
50797151
50797169
50797181
50797217
50797223
50797247
50797259
50797261
50797283
50797291
50797297
50797301
50797321
50797339
50797361
50797399
50797403
50797427
50797429
50797451
50797463
50797489
50797493
50797543
50797573
50797609
50797613
50797619
50797627
50797657
50797667
50797679
50797687
50797693
50797699
50797727
50797753
50797757
50797771
50797837
50797847
50797861
50797867
50797883
50797889
50797913
50797931
50797949
50797969
50797973
50797987
50797991
50798017
50798047
50798071
50798113
50798131
50798149
50798171
50798197
50798203
50798207
50798219
50798269
50798273
50798311
50798339
50798347
50798387
50798413
50798443
50798453
50798477
50798479
50798537
50798557
50798569
50798593
50798597
50798599
50798611
50798621
50798623
50798689
50798707
50798711
50798717
50798777
50798791
50798809
50798819
50798821
50798833
50798843
50798849
50798851
50798861
50798897
50798903
50798921
50799013
50799029
50799053
50799083
50799101
50799109
50799131
50799139
50799143
50799149
50799163
50799181
50799197
50799251
50799257
50799283
50799317
50799319
50799323
50799347
50799373
50799379
50799401
50799431
50799443
50799481
50799487
50799499
50799517
50799523
50799583
50799589
50799629
50799643
50799691
50799713
50799733
50799739
50799743
50799797
50799803
50799823
50799857
50799887
50799907
50799929
50799937
50799953
50800037
50800051
50800117
50800133
50800153
50800159
50800171
50800177
50800181
50800219
50800237
50800241
50800249
50800259
50800303
50800327
50800339
50800349
50800363
50800367
50800411
50800427
50800483
50800487
50800493
50800511
50800513
50800523
50800543
50800597
50800609
50800613
50800637
50800657
50800679
50800691
50800693
50800703
50800751
50800801
50800819
50800831
50800853
50800873
50800891
50800901
50800903
50800907
50800949
50800987
50800991
50800999
50801039
50801053
50801059
50801119
50801137
50801161
50801171
50801197
50801221
50801237
50801249
50801251
50801279
50801291
50801293
50801323
50801327
50801339
50801341
50801347
50801363
50801369
50801393
50801431
50801437
50801449
50801461
50801473
50801479
50801483
50801489
50801551
50801563
50801579
50801587
50801603
50801657
50801659
50801671
50801677
50801701
50801743
50801753
50801759
50801761
50801771
50801809
50801827
50801843
50801867
50801873
50801921
50801923
50801983
50802019
50802023
50802043
50802061
50802071
50802083
50802107
50802131
50802151
50802247
50802251
50802263
50802317
50802319
50802337
50802343
50802361
50802407
50802419
50802421
50802431
50802439
50802457
50802463
50802467
50802487
50802503
50802509
50802541
50802547
50802551
50802571
50802581
50802589
50802641
50802643
50802677
50802733
50802799
50802821
50802853
50802863
50802881
50802907
50802943
50802959
50803001
50803009
50803013
50803031
50803033
50803037
50803043
50803061
50803063
50803073
50803111
50803121
50803139
50803147
50803199
50803201
50803217
50803267
50803271
50803349
50803367
50803369
50803373
50803393
50803409
50803433
50803499
50803507
50803537
50803559
50803561
50803567
50803579
50803639
50803651
50803657
50803673
50803723
50803741
50803747
50803759
50803763
50803771
50803793
50803807
50803811
50803829
50803859
50803861
50803867
50803931
50803943
50803981
50803993
50803999
50804011
50804021
50804057
50804059
50804063
50804069
50804077
50804087
50804107
50804123
50804141
50804161
50804167
50804203
50804209
50804213
50804231
50804249
50804267
50804297
50804311
50804357
50804359
50804363
50804407
50804417
50804419
50804437
50804459
50804471
50804473
50804477
50804489
50804503
50804513
50804561
50804591
50804599
50804609
50804657
50804681
50804683
50804701
50804707
50804711
50804731
50804749
50804771
50804773
50804779
50804807
50804843
50804867
50804869
50804893
50804909
50804933
50804983
50805023
50805037
50805049
50805067
50805089
50805101
50805103
50805113
50805133
50805151
50805169
50805173
50805193
50805199
50805203
50805233
50805239
50805263
50805269
50805289
50805319
50805331
50805341
50805353
50805371
50805407
50805457
50805463
50805467
50805479
50805493
50805527
50805553
50805569
50805577
50805581
50805583
50805589
50805647
50805649
50805653
50805659
50805679
50805719
50805721
50805743
50805779
50805803
50805823
50805841
50805857
50805889
50805947
50805949
50805961
50805971
50805977
50806003
50806027
50806051
50806079
50806111
50806127
50806153
50806159
50806163
50806181
50806187
50806199
50806211
50806219
50806237
50806253
50806271
50806279
50806297
50806309
50806337
50806367
50806397
50806403
50806411
50806417
50806423
50806433
50806447
50806487
50806499
50806531
50806537
50806543
50806549
50806571
50806583
50806601
50806619
50806621
50806631
50806633
50806663
50806669
50806673
50806681
50806687
50806709
50806733
50806739
50806771
50806781
50806801
50806843
50806871
50806949
50806963
50806967
50806991
50806993
50806997
50807017
50807021
50807027
50807041
50807059
50807087
50807093
50807143
50807149
50807167
50807177
50807221
50807261
50807291
50807293
50807297
50807303
50807359
50807363
50807369
50807389
50807417
50807429
50807431
50807447
50807459
50807473
50807479
50807503
50807513
50807551
50807557
50807563
50807567
50807587
50807591
50807593
50807599
50807629
50807633
50807677
50807689
50807699
50807707
50807723
50807741
50807749
50807753
50807777
50807803
50807807
50807819
50807831
50807857
50807863
50807873
50807923
50807941
50807947
50807959
50807963
50807969
50808007
50808013
50808031
50808041
50808047
50808049
50808091
50808103
50808119
50808133
50808137
50808157
50808161
50808179
50808187
50808209
50808217
50808227
50808229
50808259
50808271
50808281
50808301
50808323
50808341
50808347
50808379
50808431
50808463
50808469
50808491
50808521
50808557
50808559
50808619
50808649
50808661
50808673
50808683
50808689
50808701
50808727
50808731
50808761
50808787
50808827
50808829
50808839
50808859
50808883
50808887
50808997
50809007
50809019
50809027
50809037
50809043
50809049
50809051
50809069
50809079
50809111
50809117
50809159
50809169
50809193
50809201
50809223
50809237
50809259
50809301
50809309
50809313
50809321
50809337
50809349
50809357
50809393
50809411
50809427
50809441
50809453
50809459
50809469
50809471
50809487
50809489
50809513
50809541
50809567
50809571
50809597
50809607
50809609
50809613
50809631
50809657
50809663
50809673
50809709
50809721
50809723
50809729
50809739
50809741
50809747
50809751
50809757
50809799
50809807
50809813
50809823
50809831
50809853
50809859
50809873
50809883
50809897
50809901
50809903
50809909
50809937
50809939
50809951
50809999
50810017
50810041
50810051
50810057
50810087
50810107
50810119
50810143
50810167
50810173
50810183
50810231
50810261
50810267
50810303
50810323
50810329
50810339
50810363
50810371
50810401
50810429
50810447
50810449
50810453
50810489
50810491
50810497
50810533
50810537
50810549
50810609
50810629
50810647
50810659
50810663
50810681
50810687
50810689
50810717
50810719
50810737
50810759
50810779
50810797
50810801
50810803
50810819
50810867
50810897
50810899
50810927
50810939
50810951
50811017
50811031
50811037
50811041
50811043
50811097
50811107
50811127
50811151
50811191
50811199
50811203
50811217
50811281
50811287
50811289
50811329
50811359
50811361
50811367
50811379
50811389
50811391
50811401
50811403
50811407
50811427
50811437
50811443
50811463
50811469
50811473
50811499
50811547
50811571
50811581
50811599
50811601
50811611
50811617
50811659
50811701
50811713
50811737
50811743
50811763
50811769
50811779
50811781
50811797
50811851
50811911
50811923
50811967
50811977
50811979
50812043
50812051
50812093
50812109
50812127
50812159
50812169
50812187
50812219
50812259
50812261
50812291
50812297
50812301
50812309
50812339
50812373
50812397
50812409
50812417
50812483
50812493
50812513
50812519
50812547
50812561
50812583
50812613
50812621
50812649
50812651
50812661
50812667
50812679
50812739
50812759
50812763
50812787
50812807
50812829
50812831
50812841
50812871
50812907
50812913
50812919
50812943
50812963
50812987
50812991
50812997
50813033
50813047
50813069
50813071
50813083
50813117
50813137
50813149
50813171
50813177
50813237
50813261
50813263
50813281
50813311
50813317
50813333
50813341
50813363
50813381
50813383
50813431
50813443
50813453
50813461
50813471
50813479
50813531
50813579
50813593
50813599
50813603
50813611
50813641
50813677
50813687
50813689
50813699
50813701
50813747
50813821
50813869
50813879
50813891
50813897
50813899
50813911
50813921
50813941
50813957
50813977
50813981
50814007
50814013
50814017
50814019
50814031
50814041
50814077
50814083
50814103
50814131
50814133
50814161
50814167
50814187
50814223
50814233
50814251
50814263
50814277
50814307
50814317
50814331
50814349
50814353
50814359
50814367
50814371
50814389
50814419
50814481
50814523
50814529
50814551
50814557
50814559
50814571
50814587
50814623
50814637
50814679
50814707
50814719
50814767
50814779
50814781
50814791
50814793
50814823
50814839
50814847
50814851
50814893
50814899
50814901
50814917
50814923
50814937
50814961
50814971
50814979
50814991
50815001
50815033
50815043
50815067
50815069
50815111
50815123
50815129
50815133
50815147
50815157
50815189
50815217
50815243
50815267
50815273
50815301
50815307
50815313
50815321
50815327
50815333
50815357
50815361
50815381
50815403
50815433
50815439
50815469
50815483
50815517
50815543
50815591
50815607
50815643
50815649
50815651
50815663
50815729
50815733
50815757
50815777
50815783
50815841
50815889
50815943
50815951
50815969
50815979
50815991
50815997
50816041
50816047
50816053
50816081
50816137
50816141
50816147
50816159
50816167
50816173
50816189
50816201
50816221
50816251
50816257
50816273
50816299
50816303
50816309
50816327
50816357
50816371
50816377
50816387
50816399
50816413
50816443
50816461
50816509
50816527
50816539
50816543
50816561
50816569
50816609
50816627
50816639
50816677
50816681
50816693
50816743
50816747
50816767
50816783
50816797
50816803
50816807
50816813
50816827
50816851
50816861
50816863
50816881
50816921
50816923
50816929
50816939
50816951
50816971
50816977
50816981
50816993
50817031
50817037
50817049
50817061
50817071
50817073
50817079
50817083
50817103
50817121
50817157
50817167
50817181
50817187
50817211
50817223
50817253
50817257
50817307
50817311
50817337
50817359
50817383
50817397
50817421
50817439
50817449
50817499
50817509
50817523
50817551
50817583
50817601
50817623
50817629
50817631
50817667
50817671
50817713
50817719
50817727
50817731
50817749
50817751
50817769
50817797
50817817
50817881
50817911
50817919
50817931
50817967
50817973
50817979
50818003
50818013
50818067
50818073
50818091
50818129
50818133
50818169
50818171
50818181
50818193
50818211
50818223
50818241
50818277
50818283
50818291
50818297
50818301
50818309
50818319
50818343
50818357
50818381
50818451
50818459
50818499
50818513
50818531
50818553
50818613
50818657
50818667
50818709
50818727
50818739
50818769
50818771
50818777
50818783
50818811
50818837
50818843
50818853
50818879
50818907
50818909
50818913
50818919
50818921
50818969
50818981
50818987
50819011
50819017
50819033
50819047
50819051
50819057
50819071
50819081
50819099
50819101
50819113
50819117
50819123
50819141
50819147
50819149
50819183
50819203
50819207
50819233
50819291
50819297
50819303
50819309
50819311
50819317
50819333
50819347
50819359
50819369
50819371
50819383
50819393
50819399
50819401
50819441
50819449
50819467
50819491
50819501
50819521
50819557
50819563
50819569
50819597
50819609
50819621
50819669
50819683
50819689
50819707
50819723
50819729
50819761
50819773
50819777
50819779
50819789
50819809
50819843
50819849
50819897
50819941
50819947
50819963
50819999
50820001
50820017
50820031
50820037
50820043
50820047
50820053
50820061
50820071
50820073
50820083
50820169
50820223
50820233
50820239
50820241
50820247
50820251
50820257
50820283
50820311
50820313
50820331
50820347
50820349
50820353
50820389
50820391
50820401
50820431
50820437
50820449
50820461
50820491
50820521
50820527
50820529
50820541
50820551
50820559
50820569
50820617
50820641
50820643
50820659
50820661
50820683
50820697
50820709
50820727
50820739
50820751
50820793
50820841
50820851
50820859
50820863
50820899
50820911
50820941
50820949
50820971
50820989
50821003
50821009
50821027
50821033
50821037
50821049
50821051
50821063
50821081
50821093
50821097
50821103
50821139
50821151
50821153
50821157
50821159
50821171
50821229
50821259
50821271
50821289
50821297
50821301
50821321
50821343
50821349
50821391
50821417
50821439
50821451
50821457
50821487
50821549
50821553
50821613
50821621
50821627
50821633
50821649
50821663
50821669
50821699
50821703
50821709
50821739
50821777
50821781
50821787
50821801
50821807
50821811
50821817
50821867
50821907
50821909
50821913
50821921
50821997
50822003
50822011
50822033
50822041
50822047
50822059
50822063
50822117
50822137
50822141
50822147
50822159
50822171
50822179
50822183
50822243
50822251
50822263
50822269
50822273
50822279
50822281
50822287
50822323
50822327
50822347
50822353
50822357
50822371
50822377
50822399
50822417
50822459
50822489
50822491
50822501
50822531
50822533
50822579
50822621
50822677
50822683
50822693
50822711
50822743
50822747
50822771
50822789
50822791
50822869
50822873
50822879
50822881
50822887
50822899
50822921
50822923
50822927
50822953
50822957
50822963
50822969
50823011
50823023
50823037
50823041
50823049
50823079
50823083
50823161
50823191
50823193
50823197
50823203
50823209
50823221
50823263
50823287
50823293
50823299
50823329
50823349
50823371
50823373
50823379
50823389
50823391
50823397
50823401
50823413
50823419
50823481
50823511
50823517
50823527
50823547
50823551
50823581
50823637
50823653
50823667
50823679
50823697
50823709
50823713
50823719
50823733
50823737
50823743
50823769
50823793
50823809
50823827
50823853
50823869
50823923
50823937
50823959
50824013
50824019
50824027
50824087
50824091
50824093
50824117
50824129
50824187
50824219
50824229
50824231
50824243
50824247
50824261
50824289
50824309
50824313
50824321
50824331
50824357
50824363
50824387
50824393
50824399
50824439
50824447
50824451
50824481
50824493
50824507
50824519
50824537
50824561
50824573
50824583
50824673
50824681
50824691
50824727
50824759
50824769
50824811
50824817
50824831
50824843
50824861
50824889
50824919
50824931
50824957
50824973
50824979
50824997
50824999
50825051
50825059
50825069
50825077
50825111
50825143
50825149
50825153
50825167
50825179
50825191
50825221
50825231
50825233
50825287
50825311
50825317
50825339
50825347
50825351
50825387
50825389
50825407
50825419
50825431
50825443
50825449
50825483
50825521
50825549
50825581
50825587
50825591
50825623
50825629
50825639
50825641
50825651
50825681
50825683
50825689
50825701
50825707
50825717
50825729
50825783
50825807
50825809
50825813
50825839
50825849
50825861
50825867
50825897
50825909
50825911
50825923
50825933
50825939
50825947
50825953
50825959
50826001
50826023
50826029
50826037
50826047
50826053
50826059
50826077
50826089
50826109
50826137
50826161
50826173
50826179
50826187
50826221
50826227
50826229
50826239
50826253
50826257
50826263
50826287
50826319
50826337
50826341
50826353
50826367
50826371
50826397
50826403
50826407
50826421
50826443
50826491
50826499
50826509
50826541
50826571
50826649
50826661
50826667
50826673
50826679
50826683
50826703
50826707
50826733
50826749
50826773
50826827
50826833
50826869
50826883
50826899
50826911
50826913
50826917
50826943
50826973
50826977
50827001
50827013
50827019
50827031
50827039
50827057
50827103
50827121
50827123
50827177
50827181
50827193
50827211
50827219
50827241
50827253
50827303
50827349
50827363
50827397
50827421
50827453
50827471
50827481
50827499
50827537
50827541
50827549
50827571
50827627
50827697
50827747
50827759
50827771
50827837
50827853
50827867
50827871
50827883
50827927
50827939
50827949
50827957
50827967
50827979
50827993
50828023
50828033
50828051
50828053
50828083
50828093
50828159
50828161
50828171
50828179
50828207
50828209
50828227
50828243
50828273
50828299
50828341
50828353
50828389
50828429
50828447
50828461
50828467
50828473
50828501
50828549
50828579
50828581
50828633
50828641
50828651
50828663
50828693
50828711
50828719
50828741
50828753
50828773
50828777
50828783
50828803
50828821
50828831
50828839
50828863
50828891
50828893
50828903
50828923
50828927
50828969
50828977
50828993
50829001
50829007
50829013
50829017
50829049
50829061
50829073
50829089
50829091
50829109
50829127
50829143
50829151
50829169
50829193
50829197
50829211
50829227
50829239
50829253
50829263
50829277
50829307
50829319
50829323
50829341
50829451
50829479
50829487
50829497
50829509
50829521
50829577
50829587
50829593
50829599
50829619
50829629
50829631
50829673
50829679
50829707
50829719
50829761
50829763
50829767
50829787
50829799
50829811
50829841
50829851
50829853
50829859
50829869
50829871
50829887
50829893
50829899
50829907
50829917
50829929
50829941
50830001
50830007
50830027
50830057
50830061
50830063
50830081
50830097
50830103
50830123
50830139
50830159
50830183
50830189
50830229
50830237
50830271
50830309
50830319
50830327
50830333
50830361
50830363
50830387
50830427
50830433
50830441
50830463
50830471
50830511
50830523
50830583
50830589
50830609
50830613
50830627
50830631
50830673
50830679
50830691
50830723
50830729
50830783
50830789
50830807
50830811
50830853
50830877
50830883
50830907
50830921
50830931
50830937
50830961
50830963
50830987
50830993
50830999
50831009
50831029
50831063
50831083
50831087
50831089
50831093
50831107
50831153
50831159
50831189
50831197
50831233
50831269
50831279
50831317
50831323
50831353
50831383
50831401
50831423
50831437
50831447
50831453
50831471
50831489
50831503
50831507
50831533
50831567
50831569
50831591
50831603
50831609
50831617
50831629
50831639
50831657
50831659
50831687
50831701
50831731
50831749
50831777
50831779
50831813
50831843
50831861
50831873
50831881
50831899
50831903
50831933
50831947
50831951
50832007
50832013
50832031
50832053
50832059
50832073
50832077
50832079
50832109
50832113
50832127
50832137
50832179
50832203
50832209
50832211
50832233
50832253
50832263
50832293
50832317
50832319
50832347
50832349
50832359
50832367
50832371
50832373
50832401
50832403
50832409
50832421
50832433
50832449
50832473
50832479
50832511
50832539
50832541
50832569
50832577
50832611
50832623
50832641
50832659
50832673
50832697
50832701
50832713
50832721
50832731
50832757
50832767
50832773
50832781
50832799
50832823
50832827
50832841
50832851
50832871
50832877
50832949
50832953
50832979
50832983
50833001
50833007
50833021
50833031
50833049
50833061
50833063
50833067
50833091
50833099
50833121
50833129
50833183
50833193
50833219
50833241
50833249
50833271
50833291
50833327
50833333
50833337
50833339
50833357
50833361
50833403
50833411
50833423
50833441
50833463
50833469
50833501
50833511
50833513
50833543
50833561
50833579
50833589
50833591
50833609
50833619
50833639
50833661
50833663
50833681
50833687
50833711
50833729
50833747
50833753
50833789
50833813
50833823
50833847
50833877
50833901
50833903
50833907
50833919
50833921
50833957
50833963
50833969
50834011
50834023
50834033
50834057
50834059
50834081
50834087
50834099
50834123
50834183
50834191
50834197
50834227
50834237
50834239
50834243
50834249
50834257
50834269
50834279
50834297
50834317
50834323
50834359
50834363
50834387
50834423
50834447
50834449
50834461
50834467
50834489
50834501
50834507
50834527
50834543
50834549
50834551
50834561
50834587
50834599
50834653
50834677
50834687
50834717
50834783
50834803
50834827
50834837
50834851
50834881
50834893
50834911
50834921
50834933
50834939
50834969
50834983
50834989
50835041
50835053
50835079
50835091
50835097
50835101
50835107
50835119
50835131
50835137
50835139
50835149
50835163
50835181
50835199
50835217
50835227
50835233
50835251
50835271
50835283
50835293
50835377
50835391
50835401
50835409
50835413
50835419
50835487
50835493
50835511
50835523
50835541
50835563
50835569
50835571
50835581
50835599
50835601
50835607
50835611
50835619
50835641
50835677
50835679
50835703
50835709
50835731
50835737
50835751
50835803
50835833
50835839
50835901
50835931
50835971
50835979
50836031
50836057
50836061
50836067
50836073
50836081
50836087
50836091
50836099
50836117
50836133
50836151
50836189
50836193
50836199
50836211
50836231
50836237
50836243
50836259
50836271
50836297
50836319
50836321
50836349
50836361
50836403
50836411
50836493
50836501
50836519
50836529
50836547
50836561
50836567
50836573
50836627
50836649
50836651
50836661
50836673
50836691
50836697
50836733
50836759
50836763
50836769
50836801
50836811
50836813
50836823
50836829
50836847
50836861
50836883
50836897
50836901
50836909
50836943
50836949
50836967
50836991
50836997
50836999
50837009
50837011
50837023
50837047
50837057
50837063
50837077
50837081
50837131
50837167
50837177
50837197
50837201
50837249
50837279
50837287
50837299
50837317
50837323
50837333
50837341
50837359
50837387
50837411
50837453
50837477
50837513
50837537
50837539
50837557
50837569
50837573
50837587
50837627
50837641
50837671
50837681
50837693
50837753
50837767
50837819
50837833
50837867
50837869
50837873
50837887
50837893
50837951
50837987
50838031
50838049
50838061
50838079
50838089
50838101
50838107
50838121
50838127
50838191
50838209
50838253
50838269
50838283
50838301
50838329
50838377
50838409
50838457
50838493
50838497
50838521
50838553
50838563
50838569
50838583
50838643
50838649
50838673
50838691
50838719
50838751
50838757
50838761
50838773
50838779
50838793
50838797
50838817
50838829
50838841
50838877
50838881
50838883
50838917
50838937
50838967
50839013
50839051
50839081
50839091
50839121
50839141
50839237
50839241
50839253
50839277
50839279
50839301
50839331
50839343
50839357
50839379
50839387
50839417
50839427
50839441
50839471
50839487
50839511
50839513
50839519
50839553
50839567
50839589
50839619
50839627
50839661
50839681
50839693
50839699
50839703
50839709
50839753
50839757
50839787
50839793
50839819
50839847
50839849
50839883
50839891
50839903
50839909
50839933
50839939
50839949
50839951
50839963
50839967
50839981
50840003
50840017
50840057
50840059
50840099
50840113
50840129
50840131
50840137
50840159
50840171
50840221
50840227
50840243
50840249
50840291
50840297
50840347
50840351
50840357
50840399
50840401
50840407
50840411
50840431
50840437
50840441
50840443
50840453
50840467
50840497
50840507
50840521
50840551
50840609
50840611
50840623
50840677
50840717
50840723
50840747
50840753
50840759
50840771
50840773
50840791
50840807
50840809
50840813
50840819
50840843
50840851
50840891
50840917
50840927
50840957
50840989
50841001
50841013
50841047
50841061
50841079
50841097
50841113
50841127
50841139
50841143
50841149
50841163
50841173
50841181
50841227
50841239
50841251
50841253
50841277
50841311
50841317
50841331
50841337
50841341
50841389
50841391
50841403
50841419
50841433
50841443
50841449
50841463
50841491
50841499
50841503
50841533
50841541
50841551
50841619
50841641
50841671
50841673
50841697
50841719
50841803
50841839
50841841
50841859
50841863
50841881
50841887
50841941
50841943
50841961
50841979
50841991
50841997
50842031
50842061
50842063
50842073
50842111
50842147
50842151
50842159
50842163
50842171
50842193
50842241
50842261
50842277
50842283
50842301
50842331
50842339
50842343
50842361
50842373
50842433
50842457
50842459
50842487
50842507
50842523
50842543
50842549
50842553
50842619
50842633
50842637
50842643
50842663
50842681
50842691
50842703
50842711
50842721
50842751
50842777
50842783
50842789
50842793
50842807
50842817
50842849
50842859
50842901
50842919
50842933
50842973
50842997
50842999
50843011
50843033
50843077
50843101
50843129
50843137
50843153
50843161
50843167
50843173
50843189
50843197
50843207
50843249
50843251
50843263
50843279
50843323
50843347
50843357
50843369
50843371
50843381
50843383
50843431
50843437
50843477
50843491
50843521
50843537
50843539
50843543
50843557
50843579
50843591
50843599
50843603
50843621
50843623
50843657
50843669
50843671
50843693
50843701
50843711
50843713
50843729
50843747
50843783
50843789
50843797
50843803
50843833
50843839
50843879
50843887
50843909
50843911
50843921
50843929
50843941
50843951
50843953
50843963
50843971
50843983
50844029
50844043
50844067
50844091
50844097
50844121
50844137
50844149
50844193
50844203
50844251
50844257
50844259
50844289
50844341
50844347
50844349
50844359
50844373
50844379
50844397
50844403
50844407
50844461
50844503
50844509
50844571
50844593
50844601
50844613
50844643
50844667
50844679
50844683
50844701
50844707
50844709
50844751
50844757
50844767
50844769
50844799
50844809
50844821
50844839
50844851
50844889
50844901
50844907
50844923
50844971
50844979
50845013
50845021
50845031
50845037
50845051
50845063
50845103
50845127
50845139
50845163
50845187
50845199
50845217
50845243
50845297
50845309
50845313
50845331
50845337
50845369
50845373
50845397
50845411
50845441
50845447
50845469
50845471
50845477
50845481
50845499
50845507
50845517
50845519
50845547
50845583
50845591
50845601
50845607
50845609
50845631
50845637
50845649
50845661
50845667
50845679
50845687
50845703
50845721
50845747
50845813
50845841
50845867
50845871
50845877
50845889
50845913
50845933
50845937
50845969
50845979
50845981
50845987
50845999
50846017
50846039
50846051
50846083
50846087
50846093
50846119
50846129
50846143
50846149
50846161
50846171
50846189
50846207
50846249
50846267
50846281
50846287
50846321
50846347
50846351
50846357
50846387
50846423
50846431
50846449
50846503
50846539
50846563
50846581
50846623
50846633
50846639
50846687
50846699
50846707
50846729
50846743
50846753
50846759
50846771
50846777
50846791
50846797
50846819
50846833
50846837
50846839
50846921
50846923
50846953
50846963
50846989
50847023
50847029
50847053
50847061
50847067
50847077
50847103
50847127
50847131
50847133
50847143
50847157
50847217
50847239
50847241
50847253
50847259
50847263
50847311
50847331
50847341
50847367
50847383
50847397
50847403
50847437
50847449
50847491
50847499
50847529
50847581
50847593
50847607
50847611
50847613
50847637
50847647
50847649
50847653
50847661
50847673
50847677
50847679
50847689
50847721
50847739
50847757
50847763
50847809
50847821
50847851
50847941
50847943
50847947
50847949
50847977
50847989
50848033
50848051
50848067
50848069
50848081
50848093
50848097
50848111
50848117
50848129
50848151
50848163
50848169
50848181
50848247
50848267
50848279
50848297
50848307
50848337
50848363
50848367
50848379
50848393
50848409
50848439
50848477
50848481
50848493
50848507
50848517
50848519
50848529
50848559
50848597
50848601
50848621
50848627
50848639
50848643
50848657
50848663
50848673
50848697
50848727
50848729
50848739
50848781
50848799
50848813
50848849
50848859
50848867
50848901
50848907
50848909
50848927
50848957
50848961
50848969
50848981
50848999
50849009
50849011
50849039
50849053
50849059
50849069
50849089
50849107
50849147
50849179
50849231
50849237
50849257
50849291
50849299
50849303
50849311
50849333
50849399
50849411
50849429
50849467
50849473
50849483
50849489
50849497
50849501
50849509
50849531
50849543
50849549
50849569
50849587
50849599
50849621
50849633
50849707
50849713
50849741
50849767
50849791
50849797
50849819
50849863
50849899
50849921
50849923
50849957
50849983
50849989
50849993
50850011
50850017
50850047
50850067
50850071
50850073
50850083
50850089
50850091
50850097
50850101
50850103
50850133
50850157
50850181
50850187
50850197
50850203
50850257
50850269
50850313
50850329
50850337
50850361
50850391
50850461
50850463
50850473
50850487
50850523
50850529
50850557
50850581
50850607
50850623
50850643
50850647
50850649
50850661
50850671
50850703
50850713
50850721
50850727
50850739
50850763
50850803
50850817
50850841
50850853
50850871
50850883
50850889
50850901
50850929
50850959
50851013
50851037
50851051
50851081
50851093
50851103
50851121
50851139
50851147
50851159
50851169
50851189
50851217
50851219
50851259
50851271
50851279
50851291
50851303
50851309
50851319
50851331
50851337
50851351
50851363
50851373
50851393
50851441
50851453
50851457
50851477
50851481
50851483
50851513
50851519
50851531
50851553
50851561
50851583
50851601
50851627
50851631
50851637
50851639
50851651
50851681
50851741
50851789
50851799
50851883
50851897
50851903
50851907
50851939
50851951
50852003
50852033
50852047
50852111
50852141
50852161
50852173
50852213
50852231
50852237
50852239
50852293
50852297
50852309
50852317
50852353
50852381
50852383
50852419
50852437
50852447
50852489
50852507
50852509
50852521
50852539
50852551
50852579
50852611
50852623
50852653
50852671
50852677
50852693
50852699
50852717
50852719
50852783
50852801
50852843
50852849
50852861
50852881
50852887
50852897
50852939
50852951
50852957
50852981
50852983
50852993
50852999
50853043
50853071
50853091
50853109
50853151
50853157
50853163
50853191
50853193
50853203
50853227
50853241
50853251
50853293
50853311
50853323
50853331
50853359
50853379
50853401
50853419
50853431
50853433
50853449
50853461
50853463
50853487
50853497
50853499
50853527
50853541
50853619
50853641
50853661
50853683
50853697
50853707
50853727
50853731
50853739
50853779
50853793
50853797
50853839
50853877
50853883
50853893
50853911
50853923
50853961
50853967
50853973
50853983
50853991
50854007
50854009
50854019
50854033
50854039
50854057
50854061
50854103
50854109
50854159
50854163
50854187
50854201
50854213
50854217
50854231
50854249
50854253
50854261
50854267
50854301
50854351
50854367
50854369
50854373
50854379
50854387
50854417
50854421
50854439
50854451
50854457
50854459
50854513
50854523
50854543
50854553
50854567
50854571
50854577
50854589
50854597
50854627
50854631
50854669
50854709
50854723
50854729
50854747
50854751
50854757
50854759
50854781
50854819
50854831
50854861
50854877
50854879
50854889
50854891
50854901
50854913
50854919
50854949
50854961
50854981
50854997
50855011
50855023
50855033
50855053
50855059
50855069
50855083
50855089
50855107
50855113
50855141
50855209
50855239
50855243
50855251
50855309
50855327
50855333
50855351
50855429
50855437
50855443
50855459
50855477
50855489
50855503
50855509
50855549
50855561
50855573
50855587
50855591
50855617
50855671
50855683
50855711
50855719
50855731
50855741
50855759
50855767
50855801
50855807
50855873
50855887
50855899
