51773443
51773453
51773467
51773473
51773489
51773539
51773543
51773563
51773569
51773581
51773593
51773597
51773599
51773609
51773629
51773639
51773663
51773681
51773699
51773719
51773749
51773809
51773819
51773861
51773867
51773893
51773899
51773921
51773927
51773929
51773947
51773957
51773971
51773977
51774007
51774011
51774017
51774071
51774089
51774101
51774109
51774131
51774143
51774169
51774187
51774199
51774209
51774223
51774253
51774263
51774277
51774337
51774341
51774353
51774377
51774379
51774383
51774389
51774391
51774397
51774419
51774439
51774461
51774473
51774491
51774493
51774517
51774521
51774529
51774533
51774539
51774551
51774559
51774577
51774617
51774637
51774641
51774647
51774649
51774661
51774713
51774727
51774731
51774757
51774763
51774769
51774851
51774857
51774883
51774893
51774913
51774953
51774959
51774973
51774997
51775027
51775033
51775039
51775043
51775049
51775067
51775091
51775103
51775123
51775193
51775211
51775249
51775271
51775289
51775291
51775307
51775309
51775337
51775349
51775379
51775403
51775429
51775439
51775453
51775457
51775463
51775501
51775561
51775567
51775609
51775631
51775637
51775639
51775651
51775667
51775679
51775681
51775697
51775709
51775729
51775751
51775769
51775771
51775777
51775781
51775793
51775799
51775847
51775849
51775873
51775877
51775891
51775951
51775961
51775963
51775973
51776003
51776027
51776041
51776063
51776069
51776077
51776113
51776117
51776119
51776141
51776149
51776161
51776167
51776173
51776189
51776191
51776201
51776227
51776233
51776267
51776297
51776299
51776321
51776341
51776359
51776371
51776377
51776393
51776401
51776423
51776437
51776443
51776467
51776489
51776507
51776533
51776581
51776587
51776591
51776597
51776623
51776639
51776701
51776723
51776737
51776743
51776759
51776771
51776819
51776839
51776867
51776869
51776897
51776899
51776903
51776927
51776947
51776953
51776987
51776993
51777001
51777013
51777101
51777107
51777119
51777133
51777139
51777149
51777157
51777169
51777191
51777197
51777211
51777233
51777259
51777269
51777277
51777281
51777307
51777371
51777377
51777419
51777433
51777463
51777491
51777553
51777569
51777571
51777581
51777601
51777613
51777653
51777697
51777703
51777721
51777743
51777779
51777787
51777799
51777809
51777811
51777823
51777839
51777857
51777863
51777871
51777877
51777883
51777889
51777893
51777919
51777949
51777961
51778003
51778061
51778093
51778109
51778117
51778123
51778157
51778169
51778171
51778187
51778189
51778201
51778217
51778229
51778247
51778261
51778273
51778303
51778319
51778333
51778351
51778373
51778399
51778411
51778421
51778453
51778457
51778469
51778487
51778501
51778513
51778523
51778541
51778567
51778607
51778621
51778673
51778693
51778709
51778729
51778801
51778807
51778817
51778829
51778843
51778847
51778879
51778901
51778907
51778943
51778967
51778997
51779011
51779017
51779051
51779053
51779087
51779089
51779113
51779131
51779149
51779159
51779173
51779183
51779209
51779219
51779227
51779261
51779281
51779291
51779293
51779303
51779309
51779311
51779363
51779369
51779407
51779447
51779449
51779459
51779461
51779479
51779489
51779599
51779621
51779653
51779657
51779669
51779701
51779711
51779729
51779737
51779743
51779797
51779801
51779813
51779821
51779879
51779881
51779899
51779929
51779941
51779953
51779963
51779971
51779989
51780017
51780019
51780031
51780101
51780119
51780121
51780139
51780143
51780173
51780191
51780193
51780217
51780221
51780257
51780259
51780271
51780343
51780349
51780359
51780361
51780367
51780389
51780401
51780409
51780473
51780479
51780497
51780503
51780527
51780539
51780541
51780569
51780577
51780587
51780601
51780607
51780611
51780653
51780667
51780679
51780683
51780709
51780727
51780737
51780739
51780761
51780779
51780829
51780847
51780851
51780853
51780857
51780893
51780899
51780917
51780959
51780973
51780977
51781003
51781021
51781043
51781057
51781063
51781069
51781091
51781109
51781111
51781117
51781123
51781139
51781141
51781157
51781181
51781199
51781229
51781231
51781273
51781283
51781307
51781313
51781333
51781343
51781361
51781381
51781391
51781397
51781399
51781421
51781447
51781453
51781481
51781489
51781493
51781511
51781519
51781529
51781567
51781571
51781603
51781621
51781673
51781703
51781727
51781739
51781771
51781777
51781799
51781817
51781831
51781843
51781853
51781871
51781909
51781913
51781927
51781937
51781943
51781969
51781991
51782009
51782047
51782063
51782077
51782083
51782099
51782111
51782149
51782179
51782233
51782249
51782257
51782261
51782281
51782293
51782299
51782317
51782327
51782347
51782377
51782389
51782411
51782413
51782443
51782483
51782503
51782531
51782551
51782557
51782567
51782569
51782587
51782593
51782609
51782641
51782651
51782659
51782671
51782681
51782693
51782699
51782701
51782737
51782743
51782779
51782789
51782807
51782813
51782837
51782851
51782881
51782891
51782909
51782911
51782917
51782963
51782977
51783001
51783007
51783019
51783023
51783047
51783059
51783073
51783077
51783079
51783101
51783103
51783131
51783167
51783203
51783229
51783247
51783269
51783271
51783283
51783289
51783293
51783323
51783337
51783349
51783359
51783367
51783371
51783437
51783439
51783443
51783463
51783497
51783509
51783577
51783583
51783587
51783629
51783643
51783661
51783673
51783679
51783689
51783713
51783727
51783731
51783737
51783793
51783803
51783841
51783847
51783859
51783863
51783871
51783877
51783881
51783883
51783913
51783923
51784003
51784009
51784039
51784087
51784093
51784097
51784147
51784151
51784217
51784223
51784237
51784267
51784273
51784279
51784289
51784301
51784309
51784331
51784333
51784357
51784361
51784373
51784379
51784387
51784399
51784433
51784441
51784451
51784463
51784511
51784543
51784559
51784597
51784627
51784637
51784639
51784687
51784697
51784699
51784721
51784727
51784751
51784819
51784853
51784883
51784933
51784939
51784951
51784961
51784987
51785003
51785017
51785021
51785033
51785059
51785087
51785093
51785101
51785131
51785183
51785191
51785219
51785267
51785309
51785333
51785339
51785353
51785381
51785389
51785411
51785429
51785471
51785491
51785497
51785521
51785549
51785557
51785579
51785599
51785603
51785623
51785633
51785641
51785651
51785653
51785663
51785687
51785693
51785731
51785777
51785801
51785809
51785819
51785821
51785873
51785879
51785897
51785917
51785957
51785959
51785971
51785989
51785999
51786017
51786023
51786037
51786043
51786067
51786073
51786103
51786113
51786121
51786139
51786149
51786209
51786211
51786223
51786253
51786277
51786283
51786299
51786307
51786323
51786331
51786359
51786379
51786389
51786401
51786407
51786451
51786467
51786473
51786479
51786481
51786487
51786521
51786529
51786557
51786563
51786583
51786587
51786629
51786653
51786659
51786667
51786673
51786689
51786701
51786703
51786733
51786737
51786751
51786773
51786781
51786793
51786817
51786821
51786829
51786859
51786863
51786899
51786907
51786919
51786923
51786929
51786971
51786983
51786991
51787033
51787079
51787097
51787121
51787123
51787129
51787139
51787147
51787157
51787159
51787189
51787193
51787247
51787249
51787259
51787271
51787273
51787277
51787289
51787291
51787297
51787303
51787327
51787343
51787363
51787381
51787399
51787403
51787429
51787493
51787499
51787511
51787529
51787537
51787543
51787573
51787607
51787657
51787669
51787721
51787741
51787751
51787759
51787793
51787807
51787817
51787819
51787847
51787861
51787873
51787877
51787889
51787907
51787979
51787991
51787993
51787999
51788003
51788021
51788047
51788057
51788059
51788071
51788083
51788089
51788141
51788147
51788159
51788179
51788221
51788227
51788237
51788291
51788309
51788311
51788351
51788369
51788393
51788413
51788417
51788423
51788437
51788447
51788449
51788467
51788483
51788497
51788531
51788533
51788543
51788549
51788551
51788563
51788593
51788599
51788651
51788657
51788683
51788707
51788719
51788741
51788743
51788753
51788773
51788797
51788827
51788837
51788857
51788873
51788887
51788911
51788959
51788969
51788993
51789013
51789019
51789043
51789053
51789091
51789097
51789103
51789181
51789209
51789211
51789217
51789229
51789239
51789247
51789263
51789281
51789289
51789337
51789341
51789359
51789371
51789373
51789377
51789379
51789407
51789431
51789443
51789449
51789461
51789469
51789473
51789487
51789503
51789509
51789511
51789523
51789541
51789547
51789559
51789571
51789589
51789613
51789637
51789641
51789653
51789659
51789691
51789707
51789709
51789719
51789733
51789757
51789779
51789797
51789883
51789887
51789917
51789967
51789977
51790001
51790003
51790009
51790019
51790031
51790049
51790163
51790171
51790183
51790187
51790217
51790229
51790231
51790261
51790283
51790307
51790351
51790373
51790379
51790391
51790399
51790441
51790451
51790469
51790481
51790489
51790493
51790511
51790513
51790537
51790559
51790573
51790579
51790591
51790597
51790601
51790603
51790621
51790643
51790657
51790681
51790693
51790703
51790763
51790771
51790807
51790813
51790819
51790847
51790853
51790867
51790873
51790883
51790901
51790939
51790957
51791029
51791041
51791053
51791099
51791107
51791119
51791137
51791149
51791153
51791161
51791167
51791189
51791191
51791263
51791269
51791279
51791281
51791287
51791291
51791293
51791309
51791329
51791417
51791431
51791437
51791449
51791471
51791491
51791507
51791513
51791533
51791599
51791609
51791611
51791627
51791647
51791711
51791713
51791717
51791723
51791771
51791813
51791819
51791827
51791833
51791881
51791893
51791899
51791921
51791923
51791933
51791947
51791951
51791969
51792001
51792007
51792019
51792031
51792053
51792071
51792107
51792121
51792127
51792137
51792187
51792203
51792239
51792281
51792287
51792311
51792313
51792317
51792359
51792361
51792427
51792431
51792437
51792443
51792451
51792457
51792467
51792469
51792473
51792487
51792491
51792493
51792509
51792539
51792589
51792593
51792617
51792641
51792649
51792673
51792677
51792703
51792709
51792733
51792739
51792743
51792751
51792773
51792791
51792821
51792823
51792857
51792877
51792883
51792907
51792959
51792967
51792977
51793019
51793037
51793039
51793051
51793117
51793123
51793129
51793139
51793141
51793163
51793177
51793187
51793321
51793367
51793369
51793381
51793387
51793397
51793403
51793409
51793439
51793459
51793463
51793481
51793499
51793501
51793519
51793523
51793541
51793549
51793559
51793583
51793589
51793597
51793603
51793607
51793649
51793669
51793711
51793727
51793751
51793771
51793793
51793813
51793823
51793831
51793837
51793853
51793871
51793873
51793891
51793897
51793919
51793933
51793961
51793993
51794021
51794027
51794089
51794107
51794123
51794147
51794159
51794179
51794213
51794221
51794227
51794233
51794243
51794279
51794371
51794383
51794419
51794441
51794443
51794447
51794453
51794467
51794471
51794473
51794497
51794531
51794539
51794569
51794581
51794593
51794599
51794623
51794629
51794641
51794647
51794651
51794653
51794669
51794681
51794711
51794731
51794737
51794759
51794761
51794773
51794777
51794789
51794843
51794863
51794867
51794879
51794909
51794923
51794929
51794983
51794999
51795001
51795041
51795047
51795049
51795059
51795067
51795101
51795113
51795127
51795157
51795167
51795199
51795223
51795229
51795251
51795313
51795343
51795353
51795361
51795371
51795377
51795391
51795397
51795407
51795409
51795427
51795433
51795461
51795467
51795487
51795493
51795511
51795533
51795547
51795589
51795599
51795613
51795629
51795631
51795641
51795643
51795659
51795673
51795677
51795683
51795721
51795743
51795749
51795773
51795781
51795817
51795829
51795847
51795851
51795853
51795857
51795871
51795883
51795929
51795949
51795971
51795973
51796013
51796039
51796057
51796097
51796103
51796111
51796139
51796141
51796153
51796183
51796187
51796237
51796267
51796279
51796289
51796301
51796307
51796321
51796333
51796357
51796363
51796369
51796379
51796387
51796403
51796421
51796447
51796457
51796463
51796499
51796541
51796573
51796579
51796583
51796607
51796609
51796627
51796643
51796651
51796687
51796711
51796729
51796751
51796763
51796777
51796783
51796799
51796819
51796853
51796859
51796861
51796873
51796883
51796891
51796919
51796957
51796973
51796993
51797017
51797027
51797029
51797033
51797041
51797047
51797107
51797111
51797117
51797183
51797189
51797191
51797203
51797257
51797293
51797297
51797323
51797329
51797341
51797359
51797381
51797387
51797399
51797429
51797437
51797443
51797489
51797503
51797507
51797513
51797527
51797539
51797549
51797569
51797593
51797611
51797617
51797639
51797659
51797677
51797687
51797699
51797701
51797747
51797789
51797791
51797803
51797813
51797821
51797831
51797849
51797873
51797881
51797897
51797917
51797923
51797927
51797939
51797959
51797969
51797981
51798007
51798029
51798041
51798053
51798067
51798077
51798079
51798083
51798091
51798107
51798143
51798157
51798163
51798181
51798191
51798203
51798209
51798247
51798287
51798319
51798343
51798349
51798353
51798377
51798403
51798413
51798419
51798433
51798451
51798469
51798479
51798493
51798497
51798511
51798529
51798533
51798583
51798647
51798671
51798701
51798713
51798749
51798763
51798809
51798833
51798863
51798869
51798899
51798907
51798913
51798919
51798931
51798937
51798941
51798947
51798953
51799003
51799019
51799039
51799043
51799061
51799079
51799091
51799093
51799117
51799147
51799169
51799201
51799207
51799213
51799247
51799283
51799291
51799303
51799327
51799331
51799333
51799337
51799351
51799361
51799367
51799379
51799393
51799409
51799411
51799417
51799439
51799457
51799469
51799483
51799507
51799537
51799549
51799577
51799609
51799613
51799619
51799621
51799637
51799639
51799661
51799673
51799679
51799711
51799717
51799721
51799733
51799793
51799807
51799823
51799859
51799873
51799883
51799897
51799903
51799939
51799949
51799981
51799987
51800011
51800057
51800069
51800081
51800083
51800093
51800113
51800123
51800129
51800141
51800159
51800167
51800191
51800197
51800201
51800219
51800233
51800237
51800257
51800263
51800269
51800291
51800303
51800311
51800317
51800321
51800323
51800341
51800363
51800387
51800389
51800401
51800429
51800431
51800453
51800459
51800477
51800491
51800501
51800503
51800527
51800569
51800579
51800599
51800611
51800647
51800689
51800731
51800789
51800797
51800803
51800809
51800839
51800867
51800869
51800923
51800927
51800929
51800941
51800951
51800963
51800971
51800993
51801059
51801107
51801119
51801131
51801137
51801143
51801157
51801179
51801181
51801241
51801247
51801307
51801361
51801371
51801377
51801401
51801419
51801479
51801509
51801523
51801539
51801551
51801559
51801571
51801583
51801593
51801611
51801623
51801637
51801641
51801647
51801677
51801697
51801707
51801709
51801719
51801731
51801767
51801769
51801811
51801817
51801821
51801853
51801857
51801881
51801913
51801929
51801947
51801949
51801979
51802001
51802007
51802021
51802027
51802039
51802061
51802067
51802073
51802087
51802123
51802139
51802169
51802181
51802241
51802249
51802273
51802277
51802291
51802327
51802339
51802343
51802351
51802357
51802363
51802367
51802369
51802391
51802403
51802409
51802423
51802427
51802441
51802459
51802469
51802489
51802501
51802537
51802547
51802549
51802567
51802579
51802651
51802661
51802669
51802727
51802747
51802763
51802769
51802781
51802801
51802811
51802819
51802843
51802853
51802871
51802879
51802901
51802921
51802931
51802939
51802943
51802951
51802957
51802963
51802973
51802981
51802999
51803009
51803023
51803027
51803041
51803047
51803051
51803053
51803099
51803113
51803119
51803149
51803197
51803221
51803273
51803287
51803299
51803393
51803407
51803413
51803473
51803503
51803527
51803597
51803611
51803617
51803627
51803669
51803699
51803707
51803749
51803767
51803783
51803789
51803803
51803813
51803837
51803849
51803867
51803881
51803891
51803893
51803909
51803911
51803923
51803929
51803933
51804001
51804019
51804031
51804041
51804043
51804061
51804079
51804097
51804139
51804143
51804163
51804167
51804169
51804187
51804217
51804223
51804229
51804251
51804271
51804281
51804299
51804341
51804359
51804391
51804407
51804409
51804413
51804427
51804439
51804463
51804517
51804541
51804547
51804563
51804587
51804589
51804611
51804629
51804647
51804667
51804679
51804707
51804733
51804743
51804749
51804761
51804787
51804821
51804829
51804833
51804839
51804871
51804877
51804889
51804913
51804953
51804959
51804971
51804989
51804997
51805051
51805093
51805097
51805109
51805147
51805163
51805183
51805207
51805213
51805219
51805279
51805283
51805301
51805319
51805321
51805337
51805349
51805357
51805367
51805373
51805393
51805417
51805423
51805463
51805483
51805489
51805517
51805519
51805541
51805543
51805549
51805553
51805561
51805573
51805577
51805603
51805631
51805651
51805667
51805679
51805693
51805709
51805727
51805739
51805757
51805759
51805771
51805781
51805811
51805813
51805843
51805877
51805939
51805961
51805969
51805973
51805979
51805993
51805997
51806009
51806011
51806023
51806039
51806063
51806077
51806101
51806147
51806159
51806171
51806201
51806203
51806207
51806243
51806269
51806299
51806303
51806323
51806341
51806347
51806351
51806353
51806399
51806431
51806437
51806449
51806467
51806509
51806519
51806533
51806537
51806569
51806581
51806609
51806617
51806627
51806653
51806659
51806663
51806669
51806681
51806707
51806723
51806743
51806767
51806791
51806813
51806819
51806849
51806869
51806929
51806957
51806969
51806981
51806987
51807001
51807011
51807037
51807059
51807073
51807097
51807101
51807139
51807157
51807163
51807179
51807181
51807187
51807191
51807193
51807199
51807221
51807227
51807229
51807269
51807299
51807307
51807323
51807337
51807397
51807419
51807451
51807473
51807499
51807527
51807533
51807557
51807571
51807593
51807611
51807617
51807629
51807671
51807673
51807697
51807703
51807731
51807739
51807761
51807773
51807779
51807787
51807793
51807803
51807829
51807869
51807893
51807923
51807929
51807979
51808013
51808039
51808063
51808067
51808069
51808091
51808111
51808139
51808151
51808153
51808199
51808217
51808247
51808271
51808283
51808291
51808301
51808303
51808321
51808327
51808349
51808357
51808369
51808381
51808387
51808391
51808403
51808417
51808433
51808441
51808447
51808457
51808499
51808501
51808511
51808531
51808541
51808597
51808607
51808609
51808619
51808643
51808697
51808709
51808717
51808723
51808739
51808817
51808853
51808909
51808919
51808943
51808957
51808969
51808973
51809011
51809033
51809039
51809057
51809063
51809077
51809083
51809101
51809111
51809129
51809137
51809141
51809171
51809203
51809209
51809221
51809231
51809239
51809243
51809279
51809297
51809299
51809357
51809377
51809383
51809411
51809431
51809437
51809441
51809449
51809473
51809477
51809491
51809497
51809519
51809533
51809629
51809671
51809677
51809687
51809707
51809717
51809741
51809753
51809759
51809767
51809783
51809809
51809831
51809893
51809899
51809909
51809911
51809917
51809929
51809971
51809977
51809987
51809993
51810023
51810041
51810047
51810119
51810127
51810137
51810139
51810151
51810173
51810233
51810251
51810257
51810263
51810281
51810287
51810293
51810337
51810349
51810361
51810377
51810379
51810383
51810389
51810391
51810413
51810427
51810431
51810433
51810439
51810449
51810457
51810461
51810481
51810503
51810527
51810541
51810553
51810569
51810589
51810599
51810623
51810637
51810653
51810683
51810709
51810719
51810749
51810761
51810799
51810809
51810817
51810821
51810823
51810833
51810859
51810877
51810887
51810923
51810931
51810949
51810959
51810961
51810971
51810991
51811031
51811037
51811073
51811103
51811127
51811129
51811153
51811171
51811181
51811183
51811213
51811217
51811231
51811241
51811247
51811307
51811321
51811337
51811349
51811367
51811379
51811399
51811411
51811421
51811453
51811489
51811519
51811523
51811547
51811549
51811553
51811567
51811607
51811637
51811673
51811681
51811691
51811693
51811717
51811759
51811769
51811783
51811787
51811811
51811817
51811831
51811849
51811873
51811883
51811901
51811927
51811961
51811967
51811979
51812011
51812017
51812051
51812053
51812113
51812143
51812149
51812153
51812161
51812171
51812231
51812263
51812273
51812279
51812287
51812309
51812339
51812351
51812381
51812393
51812419
51812437
51812459
51812461
51812477
51812483
51812513
51812533
51812539
51812567
51812569
51812581
51812591
51812597
51812603
51812609
51812611
51812627
51812689
51812701
51812713
51812723
51812731
51812741
51812743
51812759
51812771
51812777
51812779
51812801
51812819
51812843
51812881
51812903
51812921
51812927
51812933
51812939
51812963
51812993
51813001
51813007
51813023
51813037
51813067
51813071
51813077
51813107
51813109
51813131
51813149
51813187
51813191
51813199
51813221
51813233
51813239
51813271
51813301
51813337
51813341
51813379
51813407
51813439
51813449
51813451
51813479
51813491
51813499
51813511
51813521
51813529
51813563
51813577
51813613
51813631
51813647
51813677
51813683
51813731
51813761
51813781
51813821
51813823
51813833
51813851
51813857
51813863
51813887
51813889
51813899
51813911
51813929
51813941
51813947
51813961
51813997
51814043
51814067
51814093
51814129
51814141
51814153
51814177
51814223
51814241
51814261
51814363
51814369
51814381
51814391
51814397
51814417
51814439
51814457
51814471
51814481
51814489
51814513
51814519
51814531
51814583
51814621
51814649
51814661
51814669
51814703
51814723
51814747
51814751
51814769
51814771
51814783
51814787
51814799
51814811
51814813
51814817
51814831
51814853
51814859
51814879
51814901
51814933
51814937
51814949
51814969
51814979
51814993
51815041
51815063
51815089
51815119
51815123
51815149
51815173
51815191
51815209
51815213
51815219
51815227
51815233
51815237
51815279
51815311
51815317
51815329
51815333
51815377
51815381
51815411
51815419
51815437
51815441
51815461
51815497
51815501
51815509
51815551
51815567
51815593
51815627
51815633
51815639
51815671
51815683
51815689
51815693
51815707
51815741
51815783
51815789
51815833
51815843
51815887
51815891
51815899
51815909
51815921
51815957
51815993
51815999
51816019
51816029
51816049
51816053
51816073
51816143
51816151
51816181
51816197
51816229
51816239
51816241
51816253
51816257
51816329
51816353
51816361
51816367
51816377
51816397
51816403
51816409
51816421
51816431
51816433
51816449
51816461
51816467
51816547
51816577
51816587
51816599
51816623
51816647
51816671
51816673
51816679
51816683
51816689
51816719
51816727
51816733
51816749
51816767
51816773
51816797
51816803
51816847
51816851
51816859
51816871
51816883
51816887
51816893
51816911
51816917
51816923
51816937
51816943
51816959
51816977
51816991
51817001
51817019
51817033
51817039
51817043
51817061
51817067
51817069
51817147
51817187
51817189
51817217
51817231
51817247
51817253
51817277
51817289
51817301
51817307
51817319
51817327
51817333
51817357
51817361
51817369
51817387
51817391
51817421
51817429
51817439
51817471
51817483
51817499
51817531
51817567
51817573
51817603
51817607
51817627
51817681
51817687
51817697
51817699
51817721
51817757
51817763
51817789
51817793
51817811
51817823
51817849
51817861
51817877
51817889
51817901
51817903
51817907
51817933
51817939
51817951
51817981
51817999
51818003
51818009
51818027
51818029
51818033
51818051
51818059
51818069
51818077
51818083
51818087
51818141
51818161
51818183
51818201
51818213
51818231
51818237
51818251
51818293
51818357
51818359
51818369
51818387
51818401
51818407
51818411
51818443
51818449
51818479
51818489
51818513
51818521
51818561
51818573
51818587
51818593
51818647
51818659
51818677
51818687
51818731
51818761
51818777
51818779
51818797
51818803
51818843
51818861
51818881
51818903
51818953
51818971
51819013
51819029
51819037
51819059
51819067
51819109
51819113
51819127
51819133
51819139
51819151
51819191
51819193
51819199
51819211
51819223
51819233
51819241
51819283
51819301
51819311
51819323
51819331
51819347
51819371
51819377
51819379
51819389
51819407
51819409
51819431
51819457
51819461
51819487
51819503
51819541
51819557
51819571
51819583
51819589
51819619
51819629
51819643
51819659
51819661
51819671
51819697
51819731
51819737
51819739
51819749
51819797
51819809
51819811
51819841
51819863
51819871
51819881
51819913
51819923
51819931
51819947
51819949
51819953
51819959
51819997
51820001
51820007
51820009
51820037
51820039
51820051
51820057
51820079
51820099
51820133
51820147
51820157
51820159
51820169
51820177
51820193
51820211
51820229
51820253
51820261
51820297
51820309
51820337
51820343
51820393
51820397
51820399
51820411
51820427
51820441
51820459
51820493
51820501
51820507
51820513
51820529
51820553
51820577
51820579
51820589
51820627
51820667
51820669
51820687
51820721
51820723
51820739
51820763
51820789
51820793
51820819
51820861
51820907
51820927
51820943
51820957
51820969
51820973
51820987
51820991
51821017
51821023
51821027
51821039
51821041
51821071
51821129
51821131
51821141
51821191
51821197
51821221
51821233
51821239
51821309
51821339
51821381
51821387
51821431
51821443
51821447
51821467
51821479
51821489
51821503
51821533
51821537
51821557
51821587
51821591
51821629
51821633
51821639
51821659
51821689
51821713
51821717
51821723
51821743
51821747
51821767
51821771
51821773
51821779
51821813
51821843
51821857
51821881
51821893
51821951
51821953
51821971
51821983
51821993
51821999
51822011
51822019
51822037
51822047
51822053
51822077
51822079
51822083
51822091
51822109
51822149
51822161
51822167
51822193
51822227
51822263
51822283
51822293
51822299
51822317
51822343
51822371
51822377
51822413
51822431
51822451
51822457
51822467
51822479
51822487
51822503
51822527
51822539
51822553
51822559
51822587
51822601
51822629
51822637
51822643
51822679
51822721
51822737
51822751
51822761
51822763
51822787
51822791
51822809
51822821
51822833
51822847
51822857
51822877
51822889
51822943
51822949
51822961
51822997
51823001
51823003
51823007
51823027
51823033
51823039
51823073
51823091
51823129
51823133
51823141
51823147
51823169
51823171
51823183
51823223
51823229
51823237
51823253
51823271
51823307
51823309
51823313
51823333
51823337
51823367
51823423
51823427
51823433
51823441
51823451
51823459
51823483
51823553
51823561
51823567
51823571
51823573
51823579
51823589
51823637
51823663
51823691
51823699
51823727
51823753
51823799
51823813
51823817
51823819
51823829
51823843
51823861
51823883
51823903
51823907
51823913
51823927
51823931
51823969
51823999
51824011
51824021
51824023
51824027
51824063
51824099
51824117
51824183
51824203
51824231
51824251
51824261
51824263
51824293
51824317
51824321
51824323
51824371
51824393
51824459
51824477
51824489
51824501
51824519
51824527
51824557
51824569
51824573
51824581
51824587
51824599
51824627
51824629
51824639
51824651
51824657
51824659
51824677
51824693
51824719
51824767
51824783
51824803
51824809
51824849
51824867
51824873
51824887
51824897
51824909
51824917
51824923
51825023
51825029
51825071
51825119
51825121
51825127
51825131
51825181
51825199
51825203
51825209
51825247
51825251
51825269
51825289
51825307
51825311
51825313
51825317
51825341
51825373
51825383
51825409
51825421
51825427
51825461
51825497
51825533
51825569
51825619
51825623
51825629
51825637
51825667
51825671
51825703
51825713
51825743
51825751
51825757
51825797
51825799
51825803
51825821
51825841
51825853
51825883
51825889
51825899
51825931
51825941
51825959
51825967
51826003
51826037
51826039
51826043
51826057
51826063
51826087
51826139
51826147
51826157
51826163
51826193
51826211
51826241
51826261
51826283
51826297
51826301
51826303
51826321
51826343
51826349
51826361
51826373
51826399
51826403
51826417
51826427
51826441
51826447
51826459
51826487
51826493
51826499
51826531
51826549
51826553
51826559
51826561
51826573
51826657
51826681
51826729
51826763
51826771
51826787
51826807
51826811
51826847
51826867
51826871
51826883
51826891
51826909
51826913
51826933
51826937
51826939
51826949
51826961
51826969
51827011
51827021
51827053
51827059
51827063
51827077
51827093
51827099
51827129
51827131
51827141
51827143
51827189
51827201
51827219
51827221
51827249
51827273
51827309
51827327
51827329
51827333
51827353
51827371
51827387
51827393
51827411
51827431
51827449
51827453
51827471
51827473
51827507
51827521
51827527
51827537
51827539
51827551
51827561
51827593
51827597
51827603
51827609
51827617
51827627
51827651
51827663
51827681
51827707
51827723
51827761
51827767
51827777
51827803
51827807
51827819
51827837
51827863
51827869
51827873
51827903
51827927
51827929
51827933
51827983
51827999
51828013
51828037
51828043
51828061
51828079
51828097
51828109
51828149
51828151
51828163
51828173
51828193
51828199
51828209
51828211
51828221
51828229
51828239
51828247
51828253
51828277
51828323
51828331
51828347
51828353
51828377
51828383
51828391
51828397
51828421
51828431
51828433
51828443
51828449
51828473
51828521
51828547
51828611
51828619
51828643
51828649
51828671
51828719
51828743
51828757
51828761
51828781
51828809
51828839
51828853
51828863
51828871
51828893
51828899
51828901
51828911
51828923
51828949
51829007
51829013
51829027
51829031
51829033
51829049
51829079
51829091
51829103
51829121
51829157
51829159
51829163
51829171
51829181
51829223
51829231
51829249
51829259
51829279
51829307
51829313
51829333
51829363
51829369
51829381
51829399
51829403
51829411
51829439
51829441
51829457
51829471
51829487
51829493
51829499
51829507
51829513
51829537
51829559
51829567
51829573
51829627
51829643
51829669
51829721
51829727
51829733
51829751
51829783
51829801
51829807
51829847
51829849
51829937
51829993
51829997
51830003
51830021
51830033
51830039
51830057
51830087
51830089
51830101
51830159
51830167
51830173
51830189
51830197
51830209
51830231
51830239
51830243
51830249
51830267
51830299
51830369
51830371
51830407
51830411
51830413
51830417
51830483
51830489
51830491
51830507
51830509
51830531
51830549
51830561
51830563
51830579
51830587
51830593
51830633
51830659
51830677
51830741
51830759
51830771
51830777
51830783
51830789
51830797
51830819
51830833
51830837
51830843
51830861
51830893
51830899
51830941
51830957
51830981
51831023
51831041
51831047
51831049
51831053
51831071
51831103
51831119
51831127
51831139
51831161
51831187
51831193
51831209
51831223
51831233
51831277
51831331
51831361
51831371
51831379
51831391
51831431
51831457
51831499
51831511
51831523
51831539
51831541
51831583
51831599
51831617
51831643
51831653
51831683
51831713
51831779
51831781
51831809
51831841
51831847
51831869
51831877
51831889
51831893
51831911
51831919
51831947
51831959
51832009
51832013
51832021
51832051
51832097
51832103
51832141
51832147
51832163
51832177
51832181
51832189
51832199
51832213
51832219
51832223
51832229
51832237
51832289
51832307
51832321
51832369
51832373
51832379
51832397
51832447
51832457
51832477
51832489
51832537
51832549
51832567
51832577
51832663
51832667
51832679
51832691
51832699
51832709
51832723
51832747
51832751
51832763
51832801
51832811
51832849
51832861
51832903
51832939
51832973
51833011
51833021
51833027
51833039
51833059
51833081
51833087
51833101
51833123
51833129
51833149
51833161
51833207
51833219
51833227
51833281
51833291
51833297
51833303
51833321
51833351
51833377
51833381
51833423
51833449
51833477
51833489
51833491
51833531
51833543
51833549
51833569
51833597
51833609
51833611
51833623
51833657
51833669
51833671
51833681
51833693
51833699
51833711
51833737
51833753
51833773
51833783
51833807
51833827
51833839
51833849
51833851
51833857
51833911
51833917
51833923
51833939
51833989
51834001
51834017
51834023
51834067
51834113
51834119
51834121
51834217
51834227
51834229
51834253
51834271
51834287
51834301
51834317
51834319
51834329
51834353
51834359
51834389
51834421
51834427
51834437
51834439
51834469
51834491
51834493
51834499
51834529
51834533
51834539
51834553
51834577
51834611
51834613
51834659
51834677
51834703
51834721
51834767
51834781
51834829
51834851
51834857
51834859
51834877
51834929
51834943
51834949
51834953
51834967
51834971
51835001
51835013
51835073
51835079
51835087
51835109
51835127
51835171
51835181
51835213
51835279
51835283
51835309
51835319
51835327
51835337
51835351
51835369
51835373
51835387
51835391
51835403
51835411
51835423
51835481
51835507
51835513
51835519
51835529
51835541
51835547
51835549
51835559
51835573
51835607
51835639
51835661
51835687
51835691
51835697
51835709
51835717
51835723
51835727
51835739
51835757
51835801
51835811
51835831
51835837
51835843
51835891
51835897
51835969
51835981
51835991
51836011
51836017
51836023
51836033
51836041
51836053
51836093
51836101
51836107
51836143
51836167
51836171
51836189
51836203
51836207
51836221
51836249
51836263
51836287
51836293
51836303
51836321
51836327
51836333
51836339
51836353
51836363
51836381
51836387
51836401
51836429
51836437
51836443
51836453
51836459
51836483
51836489
51836507
51836513
51836527
51836531
51836563
51836567
51836599
51836647
51836651
51836671
51836677
51836711
51836713
51836753
51836773
51836777
51836783
51836797
51836821
51836843
51836849
51836857
51836923
51836933
51836947
51836957
51836969
51836971
51836989
51837011
51837013
51837041
51837047
51837077
51837083
51837143
51837179
51837197
51837211
51837217
51837221
51837229
51837283
51837293
51837299
51837307
51837323
51837337
51837343
51837347
51837349
51837353
51837371
51837389
51837397
51837419
51837421
51837433
51837439
51837451
51837473
51837517
51837581
51837593
51837601
51837613
51837619
51837623
51837631
51837637
51837659
51837679
51837683
51837689
51837701
51837707
51837713
51837767
51837769
51837787
51837803
51837809
51837823
51837827
51837829
51837839
51837889
51837917
51837941
51837949
51837953
51837977
51837979
51837997
51838009
51838013
51838027
51838069
51838093
51838123
51838181
51838201
51838207
51838211
51838223
51838247
51838271
51838273
51838291
51838331
51838333
51838337
51838363
51838373
51838379
51838387
51838393
51838427
51838429
51838447
51838463
51838469
51838477
51838487
51838499
51838513
51838583
51838601
51838609
51838613
51838649
51838651
51838663
51838723
51838741
51838751
51838769
51838781
51838807
51838811
51838819
51838847
51838867
51838873
51838877
51838889
51838901
51838907
51838909
51838949
