51445763
51445769
51445781
51445789
51445813
51445837
51445847
51445903
51445937
51445949
51445951
51445991
51445993
51446023
51446051
51446069
51446071
51446099
51446113
51446123
51446137
51446149
51446159
51446179
51446207
51446209
51446237
51446249
51446251
51446293
51446299
51446321
51446327
51446333
51446347
51446359
51446383
51446389
51446399
51446413
51446429
51446449
51446491
51446501
51446537
51446579
51446581
51446611
51446627
51446657
51446663
51446669
51446711
51446723
51446741
51446767
51446789
51446797
51446807
51446809
51446839
51446861
51446891
51446893
51446917
51446921
51446939
51446951
51446953
51446959
51446971
51447007
51447013
51447037
51447043
51447061
51447101
51447103
51447119
51447127
51447133
51447157
51447163
51447191
51447203
51447211
51447257
51447289
51447299
51447313
51447317
51447329
51447337
51447349
51447359
51447371
51447373
51447391
51447437
51447443
51447449
51447493
51447509
51447521
51447533
51447541
51447551
51447589
51447623
51447629
51447647
51447659
51447667
51447677
51447679
51447703
51447707
51447709
51447719
51447749
51447787
51447791
51447793
51447811
51447829
51447841
51447889
51447917
51447923
51447947
51447959
51447971
51447997
51448037
51448043
51448049
51448057
51448129
51448139
51448147
51448151
51448169
51448183
51448207
51448211
51448237
51448247
51448259
51448261
51448277
51448279
51448301
51448303
51448321
51448343
51448351
51448357
51448361
51448363
51448367
51448373
51448379
51448381
51448387
51448391
51448393
51448403
51448417
51448433
51448451
51448457
51448469
51448483
51448543
51448601
51448609
51448619
51448633
51448651
51448667
51448669
51448673
51448687
51448729
51448753
51448777
51448781
51448799
51448811
51448819
51448823
51448841
51448847
51448877
51448883
51448889
51448909
51448913
51448931
51448937
51448939
51448967
51448993
51448997
51449011
51449039
51449051
51449059
51449077
51449081
51449141
51449143
51449171
51449197
51449213
51449249
51449267
51449287
51449317
51449329
51449339
51449341
51449381
51449389
51449399
51449401
51449407
51449441
51449449
51449467
51449477
51449507
51449513
51449521
51449561
51449579
51449581
51449609
51449617
51449623
51449669
51449687
51449693
51449731
51449753
51449759
51449843
51449911
51449933
51449941
51449953
51449971
51449977
51450013
51450019
51450053
51450067
51450073
51450083
51450131
51450167
51450169
51450197
51450209
51450253
51450281
51450283
51450299
51450323
51450341
51450353
51450391
51450407
51450467
51450479
51450481
51450491
51450493
51450527
51450533
51450557
51450569
51450577
51450583
51450587
51450593
51450599
51450601
51450649
51450667
51450671
51450691
51450697
51450703
51450709
51450739
51450767
51450769
51450779
51450781
51450797
51450799
51450871
51450887
51450899
51450913
51450923
51450937
51450961
51450967
51450991
51451003
51451021
51451039
51451087
51451111
51451123
51451151
51451157
51451159
51451217
51451219
51451261
51451277
51451303
51451313
51451327
51451369
51451409
51451427
51451441
51451459
51451471
51451489
51451493
51451501
51451513
51451541
51451549
51451559
51451567
51451577
51451619
51451627
51451663
51451669
51451703
51451721
51451739
51451747
51451769
51451781
51451811
51451849
51451859
51451861
51451889
51451921
51451927
51451931
51451957
51451969
51451973
51451987
51451999
51452017
51452059
51452077
51452083
51452087
51452099
51452111
51452129
51452143
51452201
51452213
51452227
51452231
51452267
51452309
51452333
51452339
51452363
51452377
51452383
51452393
51452411
51452419
51452431
51452441
51452483
51452497
51452503
51452537
51452539
51452563
51452573
51452579
51452593
51452617
51452623
51452647
51452683
51452719
51452729
51452747
51452749
51452789
51452801
51452803
51452857
51452861
51452879
51452881
51452911
51452941
51452959
51452981
51452987
51452993
51453023
51453029
51453037
51453041
51453049
51453053
51453097
51453107
51453113
51453167
51453179
51453187
51453217
51453223
51453239
51453257
51453313
51453329
51453331
51453343
51453361
51453377
51453383
51453403
51453433
51453449
51453469
51453517
51453527
51453529
51453551
51453557
51453587
51453631
51453641
51453667
51453697
51453709
51453749
51453751
51453761
51453763
51453793
51453799
51453803
51453817
51453851
51453889
51453931
51453943
51453947
51453953
51453971
51453991
51454001
51454027
51454069
51454097
51454103
51454127
51454133
51454153
51454163
51454217
51454229
51454253
51454279
51454283
51454297
51454321
51454343
51454357
51454363
51454369
51454387
51454399
51454409
51454411
51454423
51454433
51454453
51454477
51454493
51454541
51454567
51454583
51454591
51454619
51454621
51454633
51454643
51454651
51454673
51454681
51454691
51454693
51454723
51454759
51454769
51454807
51454811
51454813
51454817
51454829
51454849
51454859
51454913
51454927
51454967
51454969
51454973
51454987
51455011
51455029
51455069
51455081
51455087
51455101
51455119
51455143
51455167
51455179
51455189
51455221
51455227
51455233
51455237
51455267
51455273
51455281
51455293
51455297
51455321
51455377
51455399
51455423
51455429
51455431
51455441
51455473
51455479
51455491
51455501
51455507
51455543
51455557
51455581
51455587
51455603
51455627
51455639
51455653
51455671
51455681
51455683
51455699
51455707
51455713
51455717
51455731
51455737
51455749
51455771
51455777
51455837
51455839
51455843
51455869
51455893
51455903
51455917
51455941
51455959
51455981
51456007
51456017
51456029
51456049
51456061
51456077
51456091
51456103
51456109
51456113
51456137
51456143
51456149
51456169
51456191
51456227
51456239
51456247
51456253
51456257
51456277
51456287
51456299
51456341
51456343
51456347
51456403
51456473
51456479
51456487
51456499
51456523
51456533
51456551
51456563
51456607
51456623
51456631
51456649
51456653
51456689
51456707
51456749
51456787
51456803
51456809
51456833
51456857
51456877
51456893
51456901
51456917
51456941
51456949
51456961
51456967
51456989
51457013
51457061
51457067
51457069
51457097
51457123
51457157
51457169
51457207
51457243
51457247
51457271
51457277
51457297
51457313
51457319
51457349
51457391
51457411
51457421
51457423
51457451
51457537
51457547
51457559
51457561
51457573
51457577
51457579
51457603
51457631
51457649
51457663
51457673
51457697
51457723
51457729
51457771
51457781
51457789
51457807
51457811
51457823
51457843
51457891
51457907
51457921
51457927
51457933
51457937
51457957
51457999
51458003
51458021
51458027
51458039
51458041
51458051
51458123
51458149
51458191
51458219
51458227
51458261
51458299
51458311
51458347
51458413
51458431
51458461
51458483
51458489
51458497
51458501
51458509
51458513
51458549
51458551
51458569
51458579
51458587
51458621
51458629
51458639
51458663
51458683
51458723
51458753
51458777
51458801
51458809
51458833
51458861
51458863
51458867
51458873
51458899
51458909
51458923
51458933
51458947
51458959
51458969
51458987
51458989
51459007
51459013
51459041
51459053
51459061
51459071
51459077
51459113
51459157
51459169
51459181
51459203
51459217
51459293
51459319
51459337
51459361
51459371
51459413
51459439
51459481
51459509
51459517
51459523
51459553
51459557
51459613
51459649
51459679
51459757
51459773
51459869
51459887
51459931
51459997
51460001
51460021
51460033
51460063
51460069
51460117
51460133
51460141
51460153
51460183
51460231
51460243
51460247
51460301
51460333
51460349
51460369
51460391
51460397
51460429
51460433
51460457
51460477
51460501
51460517
51460523
51460543
51460559
51460561
51460571
51460597
51460603
51460621
51460627
51460639
51460663
51460667
51460697
51460769
51460777
51460811
51460823
51460847
51460879
51460919
51460967
51460973
51460979
51461017
51461021
51461071
51461077
51461083
51461087
51461089
51461093
51461129
51461171
51461197
51461203
51461231
51461233
51461309
51461317
51461351
51461359
51461383
51461387
51461401
51461429
51461441
51461461
51461477
51461513
51461537
51461539
51461549
51461591
51461593
51461611
51461623
51461651
51461659
51461687
51461693
51461699
51461749
51461779
51461789
51461801
51461807
51461819
51461867
51461869
51461881
51461903
51461911
51461939
51461947
51461951
51461959
51461989
51462023
51462031
51462041
51462049
51462071
51462083
51462091
51462107
51462143
51462161
51462167
51462193
51462209
51462239
51462251
51462253
51462287
51462289
51462329
51462331
51462353
51462371
51462373
51462377
51462391
51462419
51462473
51462479
51462487
51462491
51462527
51462533
51462563
51462571
51462581
51462599
51462637
51462641
51462647
51462683
51462703
51462721
51462727
51462769
51462779
51462797
51462839
51462847
51462863
51462881
51462889
51462919
51462923
51462949
51462973
51462977
51462989
51462997
51463003
51463021
51463031
51463043
51463057
51463099
51463103
51463109
51463127
51463157
51463177
51463211
51463289
51463297
51463319
51463339
51463361
51463393
51463417
51463453
51463459
51463483
51463513
51463519
51463537
51463547
51463567
51463579
51463591
51463597
51463619
51463649
51463667
51463691
51463739
51463747
51463757
51463771
51463793
51463801
51463817
51463823
51463831
51463849
51463861
51463873
51463877
51463883
51463921
51463927
51463957
51463961
51463963
51464011
51464033
51464047
51464059
51464081
51464089
51464099
51464131
51464167
51464173
51464177
51464221
51464227
51464263
51464269
51464323
51464327
51464353
51464383
51464401
51464429
51464453
51464467
51464503
51464527
51464533
51464551
51464561
51464573
51464603
51464641
51464653
51464683
51464689
51464701
51464713
51464719
51464723
51464737
51464747
51464761
51464767
51464813
51464837
51464857
51464887
51464909
51464921
51464923
51464951
51464957
51464969
51464993
51465019
51465031
51465061
51465079
51465097
51465101
51465107
51465119
51465121
51465133
51465143
51465199
51465217
51465223
51465233
51465241
51465247
51465259
51465263
51465269
51465277
51465299
51465311
51465361
51465383
51465389
51465391
51465397
51465413
51465437
51465461
51465473
51465493
51465497
51465503
51465521
51465527
51465529
51465541
51465551
51465563
51465569
51465571
51465587
51465593
51465599
51465649
51465677
51465679
51465683
51465719
51465731
51465751
51465811
51465833
51465847
51465857
51465899
51465917
51465929
51465961
51465979
51466007
51466031
51466033
51466043
51466057
51466067
51466069
51466073
51466087
51466133
51466139
51466187
51466199
51466229
51466237
51466301
51466309
51466321
51466343
51466351
51466381
51466397
51466403
51466427
51466477
51466507
51466523
51466553
51466559
51466567
51466577
51466579
51466589
51466601
51466607
51466631
51466637
51466643
51466651
51466673
51466697
51466711
51466717
51466721
51466729
51466747
51466759
51466771
51466783
51466817
51466843
51466853
51466897
51466901
51466907
51466949
51466951
51466957
51466997
51467011
51467033
51467069
51467071
51467089
51467167
51467183
51467203
51467239
51467249
51467291
51467309
51467329
51467393
51467401
51467417
51467419
51467453
51467459
51467467
51467513
51467519
51467527
51467567
51467593
51467623
51467641
51467683
51467693
51467707
51467711
51467737
51467747
51467783
51467791
51467831
51467839
51467849
51467863
51467873
51467879
51467881
51467887
51467917
51467939
51467987
51468007
51468013
51468031
51468037
51468041
51468047
51468059
51468083
51468097
51468101
51468133
51468143
51468229
51468233
51468251
51468259
51468269
51468317
51468331
51468341
51468349
51468409
51468413
51468419
51468427
51468451
51468467
51468479
51468497
51468509
51468523
51468541
51468563
51468569
51468581
51468589
51468629
51468631
51468643
51468647
51468679
51468719
51468731
51468749
51468757
51468761
51468787
51468793
51468821
51468829
51468841
51468863
51468913
51468919
51468941
51468947
51468971
51468973
51469003
51469027
51469031
51469051
51469091
51469097
51469111
51469139
51469141
51469169
51469273
51469279
51469283
51469303
51469321
51469349
51469357
51469381
51469399
51469459
51469477
51469487
51469513
51469603
51469609
51469633
51469657
51469661
51469681
51469687
51469697
51469721
51469723
51469729
51469739
51469741
51469763
51469777
51469783
51469813
51469823
51469907
51469937
51469963
51469967
51469969
51469973
51470009
51470017
51470051
51470053
51470063
51470093
51470117
51470119
51470141
51470147
51470231
51470249
51470267
51470281
51470299
51470303
51470351
51470357
51470359
51470369
51470383
51470401
51470423
51470429
51470437
51470453
51470467
51470491
51470521
51470533
51470599
51470647
51470651
51470693
51470717
51470719
51470743
51470761
51470773
51470777
51470821
51470843
51470899
51470921
51470927
51470929
51470933
51470963
51470983
51470989
51471001
51471011
51471023
51471029
51471041
51471047
51471061
51471071
51471083
51471089
51471097
51471127
51471131
51471137
51471139
51471169
51471193
51471197
51471221
51471227
51471239
51471289
51471293
51471307
51471347
51471349
51471353
51471367
51471397
51471421
51471451
51471457
51471481
51471503
51471509
51471547
51471557
51471577
51471583
51471587
51471593
51471599
51471619
51471647
51471649
51471661
51471671
51471683
51471689
51471701
51471709
51471743
51471787
51471793
51471809
51471821
51471829
51471841
51471853
51471883
51471887
51471919
51471929
51471941
51471943
51471949
51471967
51472019
51472037
51472049
51472051
51472067
51472093
51472103
51472111
51472123
51472163
51472181
51472207
51472259
51472297
51472301
51472313
51472331
51472339
51472391
51472403
51472423
51472429
51472433
51472441
51472451
51472453
51472469
51472489
51472511
51472523
51472543
51472601
51472627
51472633
51472639
51472667
51472693
51472697
51472727
51472739
51472769
51472783
51472801
51472819
51472823
51472847
51472853
51472871
51472877
51472879
51472891
51472909
51473027
51473029
51473039
51473041
51473047
51473053
51473069
51473077
51473087
51473089
51473101
51473111
51473119
51473143
51473153
51473159
51473167
51473183
51473221
51473267
51473269
51473273
51473291
51473309
51473321
51473329
51473351
51473369
51473393
51473431
51473449
51473483
51473533
51473551
51473561
51473599
51473657
51473663
51473677
51473693
51473707
51473711
51473713
51473767
51473791
51473797
51473801
51473803
51473827
51473837
51473879
51473887
51473897
51473911
51473953
51473959
51473963
51473969
51473999
51474001
51474029
51474037
51474089
51474091
51474103
51474119
51474121
51474133
51474149
51474151
51474197
51474209
51474221
51474251
51474257
51474263
51474277
51474281
51474331
51474349
51474403
51474427
51474431
51474433
51474443
51474457
51474463
51474481
51474499
51474547
51474581
51474613
51474637
51474641
51474649
51474671
51474677
51474697
51474701
51474719
51474749
51474757
51474763
51474767
51474769
51474779
51474791
51474809
51474821
51474833
51474877
51474883
51474887
51474889
51474901
51474919
51474931
51474947
51474977
51474991
51475013
51475027
51475043
51475051
51475063
51475069
51475091
51475093
51475111
51475121
51475129
51475139
51475157
51475163
51475169
51475181
51475211
51475231
51475241
51475247
51475253
51475267
51475273
51475279
51475289
51475297
51475339
51475379
51475381
51475393
51475409
51475471
51475483
51475537
51475549
51475573
51475603
51475649
51475663
51475673
51475691
51475709
51475729
51475733
51475777
51475799
51475811
51475819
51475829
51475849
51475871
51475873
51475891
51475937
51475939
51475961
51475973
51475979
51475987
51475993
51475999
51476003
51476011
51476039
51476041
51476053
51476069
51476083
51476099
51476123
51476129
51476137
51476141
51476177
51476237
51476239
51476273
51476333
51476401
51476407
51476417
51476419
51476423
51476429
51476431
51476437
51476441
51476471
51476473
51476483
51476489
51476501
51476519
51476531
51476539
51476543
51476549
51476591
51476617
51476627
51476699
51476713
51476717
51476729
51476749
51476773
51476801
51476809
51476857
51476869
51476881
51476897
51476903
51476959
51476963
51476981
51476987
51476989
51477007
51477011
51477029
51477047
51477067
51477073
51477077
51477089
51477109
51477113
51477131
51477133
51477161
51477169
51477187
51477199
51477203
51477227
51477247
51477271
51477277
51477281
51477299
51477311
51477319
51477331
51477341
51477353
51477409
51477421
51477431
51477449
51477457
51477467
51477487
51477497
51477527
51477529
51477533
51477541
51477551
51477553
51477557
51477571
51477589
51477599
51477607
51477617
51477691
51477721
51477731
51477733
51477739
51477791
51477793
51477817
51477823
51477847
51477931
51477953
51477977
51478013
51478033
51478051
51478081
51478093
51478121
51478127
51478151
51478169
51478199
51478237
51478241
51478253
51478283
51478291
51478309
51478313
51478333
51478351
51478369
51478373
51478381
51478409
51478417
51478421
51478459
51478477
51478481
51478501
51478519
51478591
51478597
51478607
51478613
51478643
51478649
51478673
51478699
51478711
51478747
51478751
51478781
51478837
51478859
51478871
51478891
51478901
51478909
51478913
51478949
51478957
51478969
51478979
51478997
51479017
51479033
51479039
51479081
51479101
51479117
51479119
51479159
51479171
51479203
51479209
51479243
51479261
51479293
51479317
51479353
51479369
51479401
51479411
51479453
51479513
51479521
51479551
51479563
51479591
51479609
51479627
51479633
51479653
51479663
51479677
51479693
51479707
51479713
51479731
51479737
51479767
51479777
51479821
51479851
51479861
51479881
51479903
51479917
51479929
51479941
51479951
51479963
51479971
51479983
51479999
51480001
51480019
51480059
51480067
51480083
51480089
51480103
51480151
51480167
51480193
51480197
51480203
51480211
51480217
51480223
51480239
51480259
51480263
51480269
51480281
51480287
51480293
51480311
51480323
51480337
51480343
51480347
51480349
51480389
51480419
51480433
51480439
51480469
51480497
51480521
51480529
51480551
51480571
51480577
51480599
51480613
51480617
51480619
51480623
51480643
51480659
51480661
51480697
51480701
51480719
51480731
51480749
51480757
51480791
51480797
51480799
51480817
51480827
51480851
51480881
51480911
51480929
51480941
51480943
51480973
51480977
51480983
51480997
51481007
51481021
51481039
51481043
51481063
51481069
51481081
51481093
51481141
51481147
51481159
51481163
51481181
51481187
51481189
51481193
51481201
51481223
51481229
51481237
51481247
51481343
51481361
51481369
51481439
51481447
51481471
51481477
51481501
51481511
51481519
51481531
51481537
51481553
51481561
51481597
51481601
51481643
51481667
51481721
51481733
51481741
51481747
51481753
51481823
51481853
51481861
51481901
51481909
51481939
51481943
51481951
51481957
51481973
51481993
51482017
51482021
51482107
51482129
51482131
51482143
51482149
51482159
51482203
51482219
51482237
51482251
51482287
51482293
51482323
51482339
51482363
51482377
51482383
51482399
51482471
51482507
51482527
51482549
51482591
51482611
51482623
51482677
51482699
51482707
51482731
51482741
51482759
51482773
51482779
51482791
51482843
51482863
51482887
51482891
51482923
51482929
51482933
51482939
51482999
51483013
51483053
51483059
51483067
51483101
51483121
51483137
51483181
51483203
51483221
51483227
51483247
51483253
51483277
51483287
51483301
51483319
51483337
51483347
51483353
51483379
51483401
51483457
51483473
51483479
51483491
51483493
51483517
51483533
51483541
51483547
51483569
51483571
51483583
51483629
51483631
51483661
51483697
51483703
51483709
51483727
51483737
51483743
51483763
51483797
51483811
51483851
51483869
51483877
51483881
51483889
51483899
51483923
51483937
51483947
51483953
51483997
51484001
51484021
51484033
51484093
51484099
51484117
51484123
51484157
51484163
51484219
51484229
51484231
51484247
51484259
51484267
51484271
51484283
51484289
51484291
51484333
51484339
51484343
51484351
51484361
51484369
51484387
51484409
51484423
51484429
51484481
51484493
51484519
51484523
51484529
51484567
51484579
51484591
51484607
51484613
51484621
51484669
51484673
51484681
51484709
51484711
51484739
51484747
51484751
51484777
51484799
51484801
51484819
51484837
51484861
51484883
51484897
51484903
51484913
51484949
51484957
51484991
51484997
51485009
51485023
51485033
51485039
51485051
51485059
51485087
51485099
51485107
51485113
51485123
51485131
51485171
51485209
51485219
51485243
51485249
51485251
51485261
51485263
51485303
51485417
51485509
51485519
51485531
51485557
51485561
51485587
51485597
51485617
51485641
51485657
51485671
51485677
51485711
51485747
51485767
51485771
51485779
51485783
51485803
51485807
51485827
51485831
51485869
51485887
51485893
51485897
51485909
51485923
51485957
51485963
51485971
51485977
51486053
51486073
51486079
51486089
51486091
51486101
51486137
51486157
51486187
51486191
51486199
51486221
51486229
51486241
51486271
51486293
51486317
51486329
51486341
51486343
51486349
51486377
51486401
51486419
51486427
51486439
51486451
51486469
51486481
51486493
51486509
51486511
51486553
51486569
51486583
51486607
51486613
51486641
51486649
51486661
51486671
51486739
51486779
51486791
51486817
51486859
51486889
51486893
51486899
51486917
51486947
51486959
51486961
51487003
51487027
51487031
51487057
51487081
51487097
51487127
51487153
51487181
51487193
51487199
51487201
51487229
51487243
51487253
51487259
51487291
51487343
51487351
51487357
51487361
51487367
51487369
51487391
51487393
51487399
51487417
51487427
51487453
51487463
51487483
51487489
51487507
51487517
51487523
51487571
51487573
51487627
51487649
51487661
51487687
51487717
51487753
51487769
51487771
51487817
51487837
51487859
51487861
51487873
51487903
51487907
51487921
51487927
51487939
51487981
51488023
51488027
51488029
51488089
51488113
51488147
51488153
51488159
51488161
51488167
51488219
51488231
51488249
51488263
51488267
51488273
51488323
51488363
51488389
51488399
51488401
51488413
51488441
51488447
51488449
51488477
51488491
51488509
51488539
51488581
51488609
51488611
51488623
51488627
51488653
51488669
51488681
51488683
51488707
51488711
51488729
51488741
51488753
51488761
51488771
51488777
51488791
51488807
51488837
51488839
51488851
51488893
51488959
51488963
51488977
51488981
51489041
51489043
51489059
51489079
51489083
51489101
51489127
51489161
51489167
51489173
51489197
51489199
51489223
51489247
51489253
51489257
51489281
51489287
51489289
51489301
51489313
51489343
51489377
51489397
51489421
51489457
51489461
51489469
51489491
51489509
51489517
51489527
51489539
51489623
51489629
51489649
51489661
51489671
51489679
51489689
51489721
51489731
51489743
51489773
51489827
51489833
51489859
51489881
51489883
51489899
51489937
51489947
51489953
51489959
51489967
51489979
51489983
51490001
51490007
51490013
51490037
51490063
51490069
51490073
51490081
51490091
51490099
51490139
51490141
51490151
51490157
51490177
51490193
51490211
51490213
51490223
51490253
51490259
51490267
51490321
51490339
51490343
51490357
51490363
51490381
51490409
51490451
51490459
51490463
51490469
51490471
51490489
51490493
51490519
51490529
51490531
51490577
51490591
51490633
51490661
51490667
51490697
51490723
51490727
51490781
51490787
51490799
51490811
51490843
51490883
51490927
51490937
51490987
51490993
51491003
51491017
51491023
51491047
51491057
51491059
51491101
51491119
51491149
51491183
51491191
51491213
51491263
51491267
51491281
51491287
51491357
51491359
51491371
51491389
51491393
51491399
51491431
51491437
51491441
51491459
51491467
51491477
51491497
51491507
51491509
51491513
51491533
51491551
51491563
51491579
51491591
51491599
51491603
51491621
51491633
51491659
51491681
51491689
51491701
51491707
51491731
51491773
51491831
51491857
51491933
51491939
51491977
51491983
51492011
51492017
51492019
51492029
51492037
51492043
51492061
51492079
51492127
51492131
51492143
51492151
51492157
51492173
51492257
51492281
51492289
51492293
51492341
51492347
51492367
51492373
51492379
51492421
51492431
51492443
51492491
51492499
51492503
51492533
51492557
51492559
51492577
51492587
51492611
51492647
51492659
51492671
51492697
51492709
51492713
51492731
51492737
51492739
51492757
51492773
51492797
51492817
51492851
51492877
51492913
51492941
51492943
51492971
51492977
51492989
51493003
51493031
51493037
51493049
51493061
51493093
51493121
51493151
51493193
51493217
51493219
51493223
51493229
51493237
51493243
51493259
51493261
51493271
51493279
51493303
51493313
51493367
51493399
51493423
51493427
51493433
51493441
51493447
51493451
51493457
51493483
51493487
51493549
51493571
51493579
51493583
51493597
51493609
51493639
51493649
51493681
51493693
51493703
51493723
51493733
51493753
51493777
51493789
51493807
51493823
51493847
51493853
51493891
51493907
51493921
51493927
51493951
51493963
51493979
51493993
51493997
51494029
51494039
51494059
51494063
51494089
51494119
51494167
51494189
51494231
51494239
51494291
51494299
51494321
51494329
51494363
51494369
51494371
51494381
51494393
51494413
51494423
51494437
51494449
51494461
51494467
51494477
51494489
51494497
51494501
51494507
51494533
51494537
51494557
51494567
51494591
51494593
51494603
51494609
51494621
51494623
51494629
51494671
51494719
51494741
51494743
51494753
51494771
51494789
51494803
51494827
51494831
51494837
51494843
51494851
51494867
51494873
51494879
51494897
51494903
51494917
51494957
51494969
51494983
51494987
51495011
51495013
51495029
51495047
51495049
51495053
51495089
51495107
51495113
51495121
51495151
51495161
51495173
51495181
51495211
51495233
51495239
51495251
51495253
51495293
51495307
51495313
51495337
51495359
51495373
51495403
51495427
51495461
51495473
51495481
51495487
51495497
51495511
51495517
51495523
51495539
51495547
51495581
51495593
51495599
51495611
51495637
51495641
51495659
51495673
51495679
51495709
51495721
51495727
51495739
51495751
51495797
51495799
51495817
51495859
51495869
51495881
51495883
51495889
51495893
51495901
51495911
51495937
51495943
51495949
51496001
51496031
51496033
51496051
51496063
51496079
51496091
51496121
51496147
51496169
51496183
51496187
51496217
51496253
51496279
51496351
51496381
51496397
51496399
51496409
51496411
51496429
51496447
51496457
51496469
51496481
51496507
51496579
51496589
51496591
51496597
51496607
51496619
51496657
51496667
51496681
51496717
51496727
51496729
51496733
51496751
51496759
51496771
51496787
51496789
51496813
51496831
51496883
51496909
51496919
51496969
51496979
51496997
51496999
51497003
51497027
51497041
51497059
51497113
51497119
51497129
51497143
51497153
51497183
51497197
51497213
51497263
51497309
51497321
51497323
51497333
51497351
51497363
51497371
51497389
51497399
51497401
51497423
51497431
51497497
51497513
51497521
51497527
51497587
51497597
51497639
51497647
51497659
51497669
51497671
51497683
51497687
51497701
51497711
51497723
51497729
51497783
51497801
51497819
51497833
51497857
51497861
51497863
51497867
51497869
51497891
51497911
51497951
51498001
51498017
51498019
51498053
51498061
51498067
51498071
51498077
51498079
51498089
51498103
51498131
51498193
51498197
51498199
51498211
51498221
51498259
51498269
51498289
51498299
51498313
51498319
51498353
51498371
51498397
51498407
51498439
51498451
51498481
51498509
51498521
51498529
51498539
51498571
51498619
51498637
51498641
51498673
51498677
51498691
51498703
51498731
51498737
51498739
51498749
51498773
51498827
51498833
51498841
51498877
51498913
51498961
51498971
51498973
51498977
51498989
51499031
51499037
51499043
51499057
51499087
51499109
51499111
51499127
51499163
51499181
51499183
51499187
51499213
51499219
51499223
51499247
51499267
51499289
51499303
51499309
51499313
51499319
51499351
51499379
51499381
51499391
51499429
51499457
51499471
51499499
51499501
51499537
51499571
51499589
51499601
51499631
51499661
51499697
51499727
51499769
51499801
51499831
51499837
51499859
51499883
51499891
51499933
51499949
51499951
51499957
51499963
51499997
51499999
51500011
51500023
51500069
51500077
51500087
51500101
51500147
51500159
51500167
51500209
51500219
51500227
51500233
51500257
51500299
51500303
51500357
51500377
51500389
51500399
51500401
51500413
51500417
51500419
51500441
51500443
51500447
51500453
51500461
51500467
51500479
51500503
51500539
51500557
51500563
51500567
51500573
51500593
51500609
51500639
51500663
51500681
51500693
51500719
51500731
51500741
51500747
51500783
51500863
51500881
51500893
51500909
51500941
51500959
51500983
51501031
51501059
51501089
51501097
51501101
51501103
51501139
51501157
51501169
51501179
51501221
51501223
51501239
51501253
51501257
51501259
51501269
51501271
51501293
51501311
51501337
51501349
51501377
51501397
51501409
51501433
51501467
51501469
51501473
51501479
51501491
51501497
51501503
51501539
51501547
51501553
51501557
51501587
51501661
51501673
51501677
51501683
51501713
51501727
51501731
51501739
51501773
51501811
51501829
51501833
51501839
51501841
51501869
51501887
51501889
51501893
51501949
51501953
51501973
51501997
51502007
51502019
51502043
51502049
51502063
51502079
51502091
51502097
51502111
51502127
51502133
51502159
51502169
51502189
51502201
51502207
51502249
51502291
51502307
51502309
51502327
51502343
51502351
51502397
51502403
51502411
51502447
51502453
51502513
51502541
51502567
51502613
51502651
51502667
51502709
51502729
51502733
51502739
51502747
51502757
51502771
51502783
51502799
51502813
51502817
51502879
51502883
51502889
51502921
51502931
51502933
51502943
51502951
51502961
51502963
51502973
51502999
51503083
51503087
51503099
51503119
51503131
51503161
51503173
51503189
51503203
51503209
51503213
51503219
51503239
51503299
51503303
51503323
51503327
51503359
51503363
51503377
51503383
51503393
51503407
51503423
51503429
51503437
51503461
51503477
51503513
51503527
51503537
51503549
51503563
51503603
51503609
51503633
51503653
51503663
51503687
51503689
51503713
51503729
51503743
51503747
51503773
51503789
51503791
51503801
51503807
51503819
51503827
51503843
51503861
51503867
51503891
51503911
51503939
51503953
51503957
51503983
51503987
51504049
51504053
51504059
51504083
51504121
51504179
51504197
51504221
51504247
51504253
51504263
51504283
51504289
51504293
51504301
51504311
51504317
51504329
51504359
51504379
51504391
51504437
51504443
51504457
51504461
51504473
51504503
51504511
51504529
51504553
51504587
51504589
51504601
51504617
51504631
51504641
51504707
51504727
51504731
51504743
51504757
51504779
51504787
51504793
51504811
51504821
51504829
51504881
51504907
51504911
51504913
51504967
51504983
51505001
51505009
51505031
51505037
51505039
51505049
51505057
51505063
51505079
51505081
51505093
51505109
51505123
51505127
51505159
51505163
51505169
51505183
51505213
51505273
51505297
51505301
51505319
51505327
51505339
51505343
51505367
51505381
51505397
51505403
51505423
51505481
51505501
51505507
51505511
51505543
51505547
51505549
51505603
51505609
51505613
51505621
51505669
51505673
51505681
51505687
51505693
51505703
51505759
51505823
51505837
51505907
51505921
51505967
51505969
51506003
51506011
51506023
51506041
51506047
51506051
51506053
51506057
51506101
51506111
51506123
51506129
51506149
51506153
51506167
51506179
51506197
51506227
51506239
51506249
51506261
51506267
51506293
51506297
51506309
51506327
51506333
51506339
51506363
51506369
51506381
51506401
51506431
51506437
51506443
51506459
51506461
51506471
51506491
51506503
51506569
51506621
51506629
51506633
51506659
51506669
51506671
51506677
51506687
51506731
51506797
51506809
51506839
51506843
51506857
51506893
51506899
51506927
51506933
51506951
51506963
51506977
51506993
51507013
51507017
51507041
51507047
51507067
51507083
51507133
51507173
51507191
51507199
51507217
51507221
51507257
51507259
51507283
51507299
51507301
51507307
51507311
51507317
51507341
51507343
51507353
51507359
51507371
51507383
51507403
51507427
51507437
51507457
51507473
51507481
51507487
51507493
51507527
51507571
51507583
51507611
51507641
51507653
51507691
51507697
51507707
51507733
51507749
51507751
51507769
51507779
51507793
51507821
51507829
51507839
51507847
51507853
51507877
51507881
51507887
51507901
51507913
51507919
51507923
51507941
51507947
51508001
51508007
51508043
51508073
51508117
51508123
51508133
51508151
51508159
51508169
51508229
51508231
51508241
51508253
51508273
51508291
51508313
51508319
51508349
51508361
51508393
51508397
51508433
51508439
51508447
51508469
51508481
51508511
51508517
51508519
51508531
51508537
51508571
51508579
51508603
51508607
51508627
51508631
51508679
51508703
51508747
51508771
51508781
51508783
51508789
51508811
51508819
51508823
51508871
51508879
51508907
51508909
51508957
51508987
51508991
51509021
51509033
51509063
51509089
51509093
51509119
51509137
51509147
51509153
51509203
51509221
51509233
51509257
51509261
51509279
51509281
51509299
51509309
51509317
51509327
51509333
51509347
51509363
51509377
51509389
51509429
51509441
51509459
51509461
51509477
51509483
51509527
51509561
51509599
51509621
51509629
51509639
51509641
51509651
51509683
51509687
51509699
51509737
51509761
51509789
51509797
51509819
51509827
51509831
51509833
51509849
51509851
51509867
51509873
51509897
51509911
51509921
51509923
51509951
51509971
51509987
51509989
51509999
51510013
51510023
51510059
51510071
51510077
51510079
51510091
51510143
51510149
51510157
51510163
51510191
51510209
51510211
51510229
51510241
51510257
51510299
51510331
51510341
51510359
51510373
51510377
51510383
51510421
51510427
51510461
51510469
51510491
51510497
51510509
51510523
51510533
51510581
51510611
51510659
51510709
51510727
51510733
51510737
51510761
51510769
51510773
51510791
51510817
51510827
51510829
51510839
51510847
51510853
51510857
51510863
51510889
51510911
51510913
51510929
51510959
51511039
51511043
51511049
51511051
51511087
51511091
51511127
51511133
51511157
51511169
51511183
51511199
51511217
51511247
51511249
51511253
51511277
