53870627
53870629
53870639
53870651
53870659
53870699
53870711
53870731
53870749
53870767
53870771
53870809
53870813
53870819
53870821
53870827
53870851
53870863
53870891
53870897
53870903
53870917
53870933
53870981
53871017
53871019
53871101
53871133
53871151
53871173
53871193
53871197
53871199
53871203
53871227
53871229
53871239
53871247
53871263
53871269
53871287
53871319
53871329
53871343
53871347
53871379
53871383
53871401
53871407
53871409
53871421
53871431
53871437
53871509
53871529
53871533
53871553
53871577
53871599
53871613
53871637
53871641
53871659
53871673
53871677
53871679
53871689
53871739
53871743
53871757
53871761
53871767
53871787
53871799
53871841
53871869
53871913
53871941
53871943
53871971
53871977
53872001
53872043
53872057
53872061
53872067
53872081
53872109
53872127
53872129
53872177
53872183
53872223
53872241
53872261
53872267
53872307
53872331
53872339
53872349
53872393
53872409
53872447
53872453
53872471
53872499
53872519
53872547
53872607
53872627
53872631
53872639
53872649
53872673
53872717
53872747
53872769
53872789
53872801
53872829
53872837
53872853
53872879
53872901
53872909
53872913
53872919
53872979
53872997
53873033
53873047
53873063
53873087
53873101
53873123
53873129
53873161
53873173
53873201
53873219
53873243
53873249
53873251
53873311
53873317
53873333
53873353
53873363
53873377
53873389
53873399
53873447
53873471
53873507
53873543
53873551
53873563
53873579
53873581
53873621
53873627
53873647
53873657
53873669
53873681
53873689
53873693
53873717
53873741
53873761
53873773
53873779
53873783
53873789
53873791
53873803
53873819
53873821
53873849
53873857
53873893
53873899
53873921
53873923
53873933
53873947
53873957
53873977
53874011
53874059
53874061
53874077
53874113
53874131
53874133
53874151
53874157
53874169
53874193
53874209
53874229
53874251
53874269
53874277
53874283
53874299
53874319
53874371
53874383
53874409
53874413
53874433
53874439
53874461
53874473
53874503
53874517
53874523
53874539
53874551
53874563
53874619
53874629
53874631
53874641
53874647
53874661
53874677
53874679
53874703
53874749
53874757
53874787
53874791
53874811
53874817
53874833
53874907
53874911
53874913
53874917
53874941
53874967
53874971
53874979
53874991
53875037
53875079
53875093
53875097
53875109
53875111
53875121
53875163
53875181
53875183
53875187
53875231
53875247
53875253
53875277
53875291
53875313
53875331
53875337
53875343
53875351
53875357
53875391
53875399
53875403
53875421
53875429
53875433
53875483
53875501
53875513
53875529
53875537
53875543
53875573
53875579
53875607
53875609
53875631
53875639
53875651
53875691
53875693
53875699
53875721
53875727
53875741
53875753
53875807
53875817
53875831
53875859
53875879
53875889
53875937
53875951
53875979
53875981
53875999
53876003
53876021
53876023
53876041
53876057
53876059
53876063
53876071
53876093
53876099
53876101
53876129
53876161
53876197
53876243
53876269
53876297
53876299
53876311
53876353
53876363
53876393
53876399
53876401
53876413
53876423
53876437
53876443
53876467
53876489
53876491
53876503
53876507
53876521
53876561
53876573
53876611
53876623
53876651
53876653
53876671
53876677
53876731
53876737
53876749
53876759
53876789
53876803
53876821
53876839
53876843
53876873
53876881
53876887
53876897
53876917
53876941
53876947
53876957
53876959
53876981
53876987
53877011
53877067
53877077
53877079
53877107
53877113
53877119
53877121
53877127
53877167
53877169
53877211
53877221
53877251
53877259
53877269
53877277
53877281
53877311
53877319
53877353
53877359
53877361
53877367
53877371
53877377
53877419
53877433
53877479
53877487
53877493
53877511
53877547
53877553
53877601
53877611
53877623
53877647
53877653
53877683
53877713
53877751
53877767
53877773
53877779
53877793
53877827
53877829
53877833
53877851
53877871
53877881
53877899
53877919
53877949
53877991
53878001
53878003
53878007
53878021
53878043
53878057
53878081
53878087
53878109
53878133
53878163
53878199
53878211
53878247
53878249
53878267
53878277
53878289
53878333
53878337
53878367
53878381
53878393
53878411
53878417
53878427
53878477
53878481
53878483
53878493
53878499
53878501
53878507
53878511
53878523
53878567
53878571
53878577
53878609
53878631
53878637
53878667
53878679
53878681
53878691
53878717
53878757
53878801
53878819
53878841
53878843
53878849
53878883
53878901
53878931
53878939
53878943
53878973
53878987
53878997
53879009
53879011
53879083
53879099
53879113
53879143
53879173
53879233
53879257
53879261
53879263
53879281
53879297
53879311
53879327
53879351
53879389
53879393
53879431
53879447
53879467
53879471
53879479
53879503
53879509
53879513
53879543
53879549
53879569
53879587
53879603
53879677
53879689
53879713
53879723
53879729
53879737
53879759
53879779
53879809
53879827
53879857
53879867
53879879
53879887
53879909
53879927
53879939
53879951
53879963
53879981
53880011
53880023
53880041
53880049
53880061
53880097
53880107
53880149
53880179
53880187
53880199
53880221
53880269
53880271
53880287
53880313
53880341
53880349
53880367
53880373
53880391
53880397
53880401
53880403
53880427
53880451
53880469
53880487
53880503
53880509
53880539
53880557
53880569
53880577
53880581
53880613
53880641
53880661
53880679
53880721
53880727
53880731
53880733
53880737
53880781
53880787
53880793
53880809
53880833
53880839
53880851
53880859
53880863
53880887
53880899
53880901
53880919
53880943
53880949
53880971
53880997
53881001
53881013
53881067
53881097
53881099
53881123
53881127
53881151
53881153
53881189
53881253
53881277
53881297
53881307
53881309
53881319
53881343
53881351
53881357
53881363
53881367
53881393
53881493
53881559
53881603
53881613
53881631
53881637
53881649
53881651
53881679
53881697
53881699
53881703
53881771
53881781
53881843
53881897
53881901
53881907
53881981
53881987
53882009
53882021
53882033
53882039
53882041
53882047
53882063
53882089
53882111
53882173
53882177
53882183
53882219
53882221
53882251
53882263
53882267
53882293
53882303
53882321
53882359
53882369
53882393
53882419
53882429
53882431
53882447
53882453
53882473
53882489
53882501
53882597
53882599
53882603
53882611
53882617
53882641
53882657
53882677
53882701
53882711
53882713
53882749
53882761
53882791
53882839
53882903
53882909
53882921
53882971
53882987
53883001
53883007
53883017
53883029
53883077
53883079
53883083
53883119
53883127
53883133
53883161
53883173
53883187
53883199
53883229
53883233
53883241
53883253
53883287
53883337
53883341
53883367
53883437
53883443
53883463
53883469
53883481
53883491
53883509
53883521
53883527
53883539
53883541
53883547
53883551
53883559
53883569
53883587
53883593
53883617
53883629
53883631
53883647
53883649
53883691
53883707
53883721
53883749
53883751
53883763
53883787
53883793
53883811
53883839
53883853
53883883
53883899
53883901
53883911
53883961
53883967
53883989
53884021
53884027
53884037
53884073
53884079
53884081
53884087
53884091
53884097
53884111
53884121
53884139
53884151
53884183
53884189
53884217
53884219
53884261
53884273
53884277
53884283
53884297
53884307
53884319
53884343
53884351
53884357
53884367
53884393
53884421
53884433
53884447
53884459
53884463
53884471
53884487
53884489
53884511
53884529
53884559
53884573
53884583
53884609
53884631
53884637
53884643
53884651
53884661
53884667
53884673
53884681
53884687
53884711
53884723
53884757
53884763
53884769
53884771
53884799
53884801
53884843
53884847
53884861
53884867
53884903
53884927
53884937
53884981
53884991
53885003
53885009
53885017
53885071
53885081
53885119
53885123
53885137
53885173
53885233
53885243
53885261
53885269
53885309
53885339
53885371
53885399
53885401
53885413
53885423
53885437
53885443
53885449
53885459
53885473
53885477
53885483
53885543
53885591
53885593
53885599
53885609
53885617
53885627
53885633
53885639
53885647
53885651
53885659
53885669
53885687
53885693
53885707
53885743
53885749
53885759
53885779
53885791
53885809
53885827
53885831
53885833
53885861
53885863
53885873
53885891
53885893
53885917
53885921
53885927
53885959
53885969
53885983
53885989
53886043
53886047
53886059
53886061
53886067
53886083
53886101
53886103
53886113
53886121
53886139
53886149
53886167
53886187
53886193
53886199
53886211
53886247
53886251
53886281
53886289
53886307
53886317
53886323
53886331
53886359
53886361
53886383
53886397
53886403
53886409
53886421
53886431
53886433
53886449
53886461
53886473
53886491
53886499
53886517
53886551
53886589
53886593
53886601
53886619
53886653
53886661
53886667
53886673
53886683
53886691
53886713
53886731
53886733
53886757
53886761
53886797
53886809
53886817
53886823
53886839
53886857
53886881
53886949
53886967
53886971
53886979
53887013
53887027
53887033
53887039
53887049
53887063
53887069
53887073
53887081
53887109
53887111
53887117
53887121
53887123
53887153
53887157
53887159
53887177
53887189
53887193
53887199
53887201
53887241
53887261
53887279
53887289
53887291
53887319
53887343
53887349
53887369
53887373
53887391
53887397
53887417
53887451
53887469
53887507
53887511
53887513
53887523
53887549
53887567
53887573
53887601
53887619
53887621
53887649
53887657
53887679
53887733
53887753
53887759
53887789
53887831
53887853
53887859
53887871
53887877
53887891
53887913
53887927
53887957
53887969
53887993
53887997
53888027
53888039
53888041
53888053
53888101
53888117
53888201
53888207
53888239
53888269
53888279
53888281
53888311
53888321
53888327
53888347
53888363
53888369
53888371
53888377
53888431
53888441
53888477
53888491
53888537
53888543
53888551
53888557
53888573
53888591
53888599
53888629
53888707
53888711
53888749
53888773
53888777
53888789
53888831
53888833
53888843
53888851
53888893
53888899
53888903
53888927
53888951
53888953
53888993
53888999
53889013
53889037
53889041
53889061
53889079
53889083
53889089
53889097
53889103
53889107
53889113
53889137
53889229
53889247
53889259
53889281
53889289
53889317
53889323
53889331
53889343
53889349
53889379
53889389
53889419
53889461
53889463
53889503
53889509
53889527
53889533
53889557
53889581
53889599
53889607
53889617
53889679
53889697
53889701
53889721
53889727
53889739
53889761
53889791
53889821
53889827
53889839
53889853
53889887
53889907
53889973
53890003
53890009
53890103
53890117
53890159
53890163
53890189
53890201
53890231
53890253
53890259
53890283
53890297
53890303
53890313
53890351
53890379
53890411
53890427
53890429
53890451
53890471
53890477
53890513
53890519
53890531
53890553
53890583
53890589
53890597
53890601
53890607
53890609
53890619
53890637
53890643
53890651
53890673
53890691
53890693
53890699
53890703
53890723
53890757
53890807
53890813
53890819
53890829
53890861
53890883
53890891
53890913
53890919
53890931
53890937
53890957
53890979
53891027
53891029
53891039
53891063
53891081
53891107
53891119
53891141
53891171
53891177
53891183
53891209
53891221
53891267
53891291
53891293
53891297
53891303
53891311
53891317
53891329
53891339
53891347
53891371
53891441
53891473
53891491
53891503
53891521
53891527
53891597
53891611
53891633
53891639
53891641
53891689
53891693
53891707
53891711
53891713
53891723
53891779
53891791
53891797
53891807
53891833
53891837
53891861
53891863
53891867
53891879
53891909
53891927
53891933
53891951
53891953
53891963
53891993
53892061
53892071
53892077
53892103
53892131
53892191
53892203
53892211
53892217
53892233
53892247
53892253
53892263
53892277
53892281
53892301
53892317
53892331
53892347
53892367
53892383
53892439
53892497
53892529
53892541
53892557
53892563
53892581
53892593
53892599
53892617
53892637
53892659
53892673
53892677
53892689
53892697
53892719
53892739
53892779
53892781
53892791
53892833
53892871
53892877
53892913
53892947
53892953
53892959
53892961
53892967
53893001
53893013
53893031
53893051
53893069
53893087
53893123
53893129
53893183
53893211
53893241
53893243
53893249
53893261
53893267
53893277
53893289
53893309
53893337
53893351
53893369
53893381
53893403
53893447
53893453
53893457
53893493
53893517
53893523
53893559
53893573
53893589
53893591
53893597
53893601
53893603
53893607
53893657
53893667
53893673
53893681
53893691
53893699
53893711
53893729
53893753
53893769
53893771
53893781
53893787
53893813
53893817
53893837
53893843
53893871
53893877
53893883
53893901
53893909
53893933
53893943
53893949
53893981
53893993
53893997
53894011
53894021
53894023
53894047
53894059
53894117
53894143
53894147
53894149
53894173
53894189
53894201
53894207
53894227
53894249
53894257
53894263
53894273
53894297
53894299
53894303
53894327
53894329
53894363
53894371
53894381
53894387
53894429
53894443
53894479
53894501
53894521
53894527
53894549
53894551
53894563
53894569
53894591
53894597
53894651
53894653
53894657
53894663
53894677
53894747
53894761
53894779
53894807
53894837
53894857
53894861
53894873
53894881
53894909
53894917
53894927
53894987
53894989
53895013
53895031
53895047
53895053
53895067
53895089
53895091
53895109
53895113
53895119
53895131
53895133
53895161
53895181
53895221
53895241
53895263
53895277
53895307
53895341
53895397
53895407
53895433
53895437
53895449
53895451
53895467
53895487
53895503
53895539
53895547
53895563
53895581
53895587
53895619
53895629
53895637
53895649
53895679
53895691
53895703
53895707
53895713
53895719
53895731
53895769
53895811
53895817
53895841
53895847
53895869
53895871
53895893
53895917
53895931
53895979
53895983
53896019
53896021
53896039
53896057
53896067
53896079
53896093
53896097
53896109
53896111
53896127
53896159
53896163
53896229
53896231
53896253
53896261
53896289
53896301
53896319
53896333
53896343
53896351
53896361
53896379
53896397
53896433
53896487
53896499
53896523
53896537
53896541
53896543
53896547
53896561
53896573
53896603
53896607
53896621
53896637
53896663
53896691
53896729
53896763
53896769
53896771
53896807
53896831
53896847
53896859
53896891
53896897
53896943
53896951
53896967
53897059
53897069
53897071
53897101
53897113
53897143
53897161
53897183
53897201
53897213
53897219
53897231
53897273
53897299
53897317
53897321
53897353
53897369
53897383
53897407
53897423
53897443
53897453
53897479
53897507
53897521
53897527
53897537
53897563
53897603
53897609
53897653
53897659
53897677
53897687
53897693
53897713
53897731
53897761
53897771
53897773
53897797
53897801
53897807
53897819
53897827
53897849
53897869
53897881
53897887
53897917
53897923
53897929
53897957
53897981
53897989
53898023
53898029
53898043
53898059
53898073
53898077
53898101
53898107
53898137
53898139
53898151
53898161
53898167
53898179
53898203
53898209
53898227
53898239
53898241
53898253
53898263
53898277
53898283
53898337
53898343
53898349
53898353
53898359
53898371
53898373
53898389
53898391
53898413
53898437
53898463
53898503
53898539
53898557
53898569
53898577
53898583
53898587
53898589
53898599
53898629
53898631
53898643
53898659
53898661
53898671
53898701
53898703
53898731
53898773
53898781
53898797
53898799
53898847
53898851
53898883
53898931
53898941
53898947
53898961
53898967
53898979
53898983
53899007
53899009
53899019
53899031
53899063
53899073
53899091
53899123
53899127
53899141
53899151
53899159
53899169
53899187
53899229
53899243
53899249
53899267
53899277
53899283
53899309
53899319
53899337
53899369
53899381
53899387
53899393
53899399
53899403
53899411
53899427
53899441
53899457
53899481
53899507
53899529
53899541
53899577
53899583
53899609
53899621
53899631
53899633
53899667
53899687
53899693
53899697
53899711
53899717
53899723
53899733
53899753
53899759
53899763
53899823
53899831
53899841
53899847
53899849
53899873
53899889
53899921
53899927
53899939
53899949
53899969
53900029
53900039
53900051
53900057
53900059
53900071
53900107
53900137
53900153
53900159
53900177
53900213
53900219
53900233
53900237
53900257
53900261
53900263
53900267
53900279
53900309
53900323
53900369
53900377
53900381
53900383
53900389
53900401
53900411
53900423
53900459
53900467
53900471
53900491
53900513
53900519
53900521
53900563
53900593
53900597
53900603
53900611
53900617
53900633
53900653
53900657
53900711
53900713
53900719
53900731
53900741
53900747
53900779
53900783
53900789
53900797
53900813
53900837
53900849
53900851
53900921
53900927
53900939
53901011
53901013
53901041
53901047
53901073
53901079
53901131
53901163
53901173
53901179
53901187
53901191
53901209
53901223
53901241
53901269
53901277
53901301
53901307
53901311
53901313
53901319
53901359
53901383
53901389
53901409
53901457
53901469
53901473
53901479
53901487
53901539
53901557
53901569
53901599
53901623
53901641
53901643
53901649
53901671
53901739
53901763
53901767
53901769
53901821
53901863
53901877
53901889
53901899
53901929
53901973
53901977
53901989
53902033
53902061
53902073
53902111
53902127
53902141
53902151
53902159
53902181
53902193
53902201
53902231
53902241
53902283
53902309
53902313
53902327
53902333
53902337
53902367
53902379
53902399
53902403
53902463
53902523
53902531
53902553
53902573
53902579
53902613
53902627
53902649
53902657
53902661
53902663
53902691
53902697
53902721
53902759
53902781
53902811
53902817
53902841
53902859
53902883
53902889
53902913
53902957
53902999
53903009
53903011
53903023
53903029
53903063
53903081
53903111
53903119
53903137
53903149
53903159
53903183
53903189
53903197
53903207
53903221
53903231
53903251
53903261
53903263
53903351
53903363
53903371
53903383
53903401
53903449
53903461
53903471
53903483
53903519
53903533
53903543
53903557
53903567
53903587
53903593
53903621
53903653
53903659
53903669
53903671
53903677
53903683
53903701
53903723
53903767
53903771
53903777
53903813
53903827
53903831
53903873
53903891
53903911
53903929
53903933
53903939
53903963
53903989
53903999
53904001
53904013
53904017
53904023
53904029
53904043
53904047
53904049
53904077
53904091
53904107
53904163
53904167
53904251
53904271
53904283
53904289
53904313
53904379
53904391
53904401
53904439
53904451
53904457
53904469
53904517
53904553
53904559
53904563
53904607
53904611
53904647
53904659
53904677
53904679
53904689
53904703
53904727
53904731
53904779
53904787
53904821
53904839
53904853
53904857
53904859
53904863
53904871
53904887
53904901
53904923
53904941
53904953
53904959
53905003
53905067
53905069
53905129
53905139
53905157
53905177
53905183
53905199
53905217
53905279
53905297
53905301
53905309
53905331
53905333
53905349
53905361
53905367
53905387
53905391
53905421
53905427
53905433
53905441
53905457
53905459
53905477
53905499
53905547
53905597
53905613
53905627
53905669
53905681
53905697
53905711
53905727
53905741
53905769
53905777
53905811
53905829
53905853
53905889
53905897
53905909
53905919
53905921
53905967
53905987
53905991
53906011
53906033
53906053
53906057
53906063
53906071
53906087
53906147
53906159
53906161
53906189
53906221
53906231
53906233
53906239
53906243
53906261
53906291
53906297
53906309
53906317
53906357
53906423
53906429
53906441
53906443
53906449
53906483
53906527
53906539
53906557
53906569
53906579
53906597
53906599
53906681
53906717
53906729
53906731
53906747
53906761
53906767
53906771
53906773
53906789
53906803
53906807
53906833
53906837
53906843
53906869
53906887
53906899
53906903
53906929
53906953
53906959
53906977
53906999
53907001
53907011
53907037
53907043
53907053
53907059
53907097
53907137
53907163
53907173
53907229
53907241
53907253
53907257
53907281
53907299
53907353
53907431
53907443
53907457
53907487
53907499
53907517
53907551
53907559
53907577
53907589
53907593
53907599
53907611
53907613
53907619
53907641
53907643
53907683
53907691
53907739
53907793
53907809
53907827
53907829
53907857
53907863
53907877
53907911
53907913
53907949
53907961
53907967
53907979
53908061
53908087
53908093
53908103
53908109
53908117
53908147
53908171
53908193
53908199
53908213
53908219
53908229
53908249
53908259
53908271
53908273
53908289
53908291
53908321
53908331
53908333
53908381
53908397
53908427
53908433
53908451
53908469
53908471
53908487
53908489
53908493
53908499
53908531
53908549
53908553
53908559
53908609
53908637
53908663
53908691
53908739
53908753
53908759
53908763
53908781
53908807
53908867
53908873
53908913
53908919
53908957
53908979
53908993
53909017
53909039
53909069
53909083
53909117
53909131
53909147
53909179
53909189
53909197
53909201
53909203
53909209
53909239
53909267
53909269
53909291
53909293
53909353
53909357
53909371
53909381
53909393
53909411
53909417
53909419
53909497
53909503
53909509
53909563
53909591
53909617
53909623
53909627
53909633
53909663
53909683
53909689
53909699
53909719
53909729
53909743
53909761
53909789
53909813
53909827
53909833
53909879
53909887
53909903
53909923
53909963
53909969
53909993
53910007
53910019
53910041
53910053
53910061
53910071
53910079
53910107
53910113
53910127
53910139
53910151
53910161
53910167
53910173
53910191
53910193
53910251
53910293
53910319
53910341
53910361
53910401
53910403
53910407
53910421
53910431
53910481
53910491
53910511
53910523
53910539
53910541
53910557
53910569
53910583
53910607
53910617
53910629
53910631
53910653
53910677
53910707
53910709
53910713
53910721
53910743
53910749
53910751
53910761
53910793
53910803
53910811
53910839
53910851
53910881
53910929
53910931
53910959
53910979
53911009
53911019
53911051
53911061
53911069
53911079
53911093
53911111
53911141
53911153
53911159
53911163
53911171
53911177
53911181
53911211
53911213
53911243
53911271
53911313
53911327
53911343
53911357
53911367
53911381
53911411
53911421
53911423
53911447
53911453
53911457
53911489
53911519
53911577
53911601
53911603
53911619
53911621
53911631
53911633
53911657
53911673
53911691
53911703
53911717
53911769
53911789
53911799
53911801
53911813
53911831
53911853
53911877
53911889
53911901
53911937
53911943
53911967
53911973
53912051
53912081
53912129
53912137
53912141
53912147
53912167
53912191
53912197
53912213
53912237
53912251
53912263
53912269
53912279
53912281
53912297
53912303
53912323
53912347
53912407
53912429
53912461
53912477
53912513
53912527
53912531
53912549
53912591
53912597
53912603
53912609
53912611
53912623
53912629
53912647
53912687
53912707
53912717
53912723
53912731
53912741
53912743
53912753
53912767
53912773
53912779
53912791
53912801
53912809
53912849
53912857
53912869
53912893
53912917
53912951
53912953
53912977
53912993
53913007
53913017
53913019
53913029
53913037
53913053
53913077
53913131
53913157
53913161
53913163
53913179
53913193
53913217
53913221
53913227
53913229
53913257
53913259
53913269
53913281
53913283
53913289
53913323
53913367
53913383
53913389
53913413
53913421
53913427
53913437
53913439
53913463
53913467
53913479
53913491
53913499
53913521
53913527
53913533
53913571
53913577
53913589
53913623
53913641
53913649
53913719
53913721
53913733
53913757
53913799
53913803
53913857
53913877
53913883
53913911
53913917
53913941
53913943
53913989
53913997
53914009
53914031
53914033
53914037
53914067
53914073
53914099
53914109
53914111
53914117
53914121
53914127
53914151
53914171
53914181
53914183
53914207
53914213
53914241
53914243
53914247
53914253
53914279
53914283
53914307
53914313
53914321
53914379
53914387
53914397
53914403
53914417
53914477
53914481
53914493
53914517
53914519
53914529
53914541
53914547
53914579
53914583
53914589
53914591
53914603
53914639
53914657
53914669
53914697
53914739
53914747
53914771
53914787
53914811
53914813
53914841
53914853
53914867
53914879
53914901
53914919
53914937
53914943
53914999
53915023
53915039
53915087
53915119
53915137
53915153
53915159
53915167
53915171
53915207
53915227
53915273
53915297
53915299
53915357
53915371
53915377
53915383
53915419
53915423
53915429
53915431
53915441
53915443
53915461
53915513
53915569
53915573
53915579
53915591
53915629
53915639
53915689
53915699
53915707
53915717
53915747
53915753
53915759
53915791
53915821
53915831
53915837
53915867
53915879
53915881
53915899
53915903
53915923
53915951
53915971
53915987
53916001
53916007
53916011
53916073
53916077
53916101
53916113
53916127
53916139
53916143
53916151
53916169
53916179
53916227
53916229
53916241
53916283
53916323
53916349
53916361
53916371
53916377
53916389
53916391
53916397
53916419
53916479
53916491
53916521
53916581
53916613
53916641
53916649
53916671
53916677
53916679
53916691
53916697
53916721
53916739
53916749
53916767
53916773
53916787
53916791
53916833
53916839
53916857
53916869
53916871
53916893
53916901
53916913
53916917
53916923
53916937
53916949
53916983
53917033
53917063
53917121
53917147
53917151
53917181
53917189
53917211
53917223
53917247
53917261
53917273
53917301
53917321
53917333
53917349
53917361
53917393
53917397
53917417
53917427
53917433
53917441
53917447
53917477
53917499
53917511
53917517
53917519
53917529
53917559
53917597
53917603
53917607
53917627
53917637
53917663
53917673
53917679
53917697
53917729
53917753
53917771
53917777
53917783
53917793
53917807
53917811
53917813
53917823
53917841
53917849
53917867
53917921
53917937
53917943
53917951
53917967
53917979
53917987
53918027
53918077
53918089
53918093
53918107
53918147
53918149
53918191
53918197
53918209
53918243
53918251
53918261
53918273
53918299
53918303
53918329
53918341
53918351
53918363
53918387
53918413
53918443
53918467
53918479
53918489
53918497
53918519
53918521
53918537
53918551
53918573
53918591
53918593
53918597
53918609
53918617
53918621
53918651
53918653
53918663
53918677
53918681
53918699
53918701
53918723
53918773
53918797
53918833
53918869
53918927
53918939
53918957
53918971
53918999
53919007
53919023
53919029
53919049
53919071
53919113
53919143
53919157
53919163
53919191
53919197
53919209
53919211
53919221
53919241
53919251
53919253
53919263
53919269
53919277
53919301
53919311
53919343
53919347
53919361
53919379
53919403
53919413
53919433
53919499
53919517
53919527
53919553
53919559
53919577
53919583
53919589
53919599
53919611
53919617
53919623
53919637
53919641
53919643
53919667
53919683
53919689
53919713
53919769
53919773
53919781
53919799
53919809
53919821
53919823
53919829
53919851
53919863
53919883
53919919
53919941
53919947
53919953
53919959
53919977
53920003
53920033
53920099
53920103
53920109
53920123
53920127
53920171
53920177
53920187
53920201
53920249
53920259
53920261
53920267
53920283
53920297
53920319
53920331
53920343
53920351
53920381
53920387
53920393
53920469
53920547
53920553
53920571
53920577
53920589
53920619
53920621
53920639
53920649
53920661
53920681
53920697
53920721
53920747
53920759
53920799
53920807
53920819
53920829
53920837
53920861
53920903
53920907
53920921
53920931
53920949
53920961
53921003
53921017
53921047
53921051
53921113
53921123
53921137
53921149
53921171
53921201
53921209
53921249
53921291
53921293
53921317
53921323
53921327
53921347
53921359
53921363
53921389
53921393
53921471
53921479
53921503
53921513
53921551
53921557
53921573
53921579
53921597
53921599
53921611
53921641
53921653
53921717
53921761
53921767
53921771
53921789
53921869
53921897
53921911
53921951
53921983
53921993
53922023
53922031
53922053
53922059
53922091
53922173
53922179
53922221
53922227
53922229
53922233
53922259
53922263
53922269
53922287
53922289
53922293
53922307
53922313
53922343
53922347
53922371
53922377
53922383
53922389
53922391
53922413
53922443
53922461
53922469
53922481
53922493
53922499
53922509
53922523
53922529
53922541
53922577
53922593
53922599
53922601
53922607
53922611
53922619
53922641
53922647
53922689
53922707
53922721
53922751
53922823
53922839
53922851
53922853
53922863
53922901
53922917
53923013
53923019
53923021
53923117
53923123
53923139
53923183
53923189
53923211
53923217
53923223
53923237
53923253
53923271
53923277
53923301
53923307
53923343
53923361
53923417
53923447
53923469
53923481
53923489
53923511
53923531
53923537
53923549
53923559
53923579
53923589
53923603
53923697
53923739
53923747
53923757
53923759
53923769
53923781
53923829
53923841
53923873
53923901
53923913
53923921
53923931
53923951
53924027
53924047
53924069
53924081
53924083
53924089
53924111
53924141
53924173
53924177
53924191
53924197
53924209
53924231
53924249
53924257
53924263
53924293
53924317
53924341
53924359
53924363
53924401
53924419
53924449
53924483
53924491
53924551
53924569
53924609
53924621
53924639
53924687
53924693
53924701
53924729
53924737
53924747
53924771
53924777
53924789
53924791
53924803
53924837
53924863
53924917
53924939
53924951
53924977
53924999
53925013
53925043
53925049
53925073
53925077
53925083
53925103
53925107
53925143
53925161
53925167
53925197
53925199
53925203
53925217
53925247
53925259
53925269
53925293
53925301
53925323
53925329
53925353
53925359
53925371
53925379
53925383
53925451
53925457
53925463
53925491
53925493
53925499
53925503
53925517
53925533
53925541
53925563
53925577
53925583
53925601
53925643
53925653
53925659
53925661
53925673
53925689
53925713
53925727
53925733
53925737
53925763
53925787
53925791
53925793
53925797
53925863
53925881
53925917
53925923
53925979
53926087
53926097
53926121
53926129
53926139
53926141
53926183
53926211
53926217
53926231
53926259
53926291
53926297
53926319
53926337
53926373
53926381
53926393
53926423
53926441
53926447
53926451
53926459
53926463
53926469
53926489
53926507
53926519
53926547
53926553
53926591
53926643
53926667
53926721
53926727
53926729
53926753
53926777
53926819
53926853
53926861
53926879
53926889
53926909
53926913
53926919
53926933
53926937
53926967
53926993
53927017
53927033
53927051
53927087
53927101
53927141
53927143
53927171
53927219
53927231
53927267
53927273
53927299
53927303
53927309
53927311
53927317
53927351
53927353
53927399
53927437
53927483
53927551
53927557
53927561
53927579
53927581
53927609
53927623
53927707
53927737
53927743
53927747
53927749
53927761
53927771
53927777
53927779
53927821
53927827
53927851
53927857
53927869
53927873
53927911
53927917
53927921
53927933
53927957
53927987
53927999
53928001
53928011
53928047
53928059
53928157
53928179
53928191
53928211
53928221
53928271
53928283
53928293
53928319
53928341
53928349
53928361
53928379
53928383
53928389
53928409
53928421
53928451
53928473
53928509
53928551
53928577
53928619
53928643
53928649
53928671
53928673
53928683
53928691
53928733
53928737
53928739
53928781
53928793
53928827
53928829
53928839
53928841
53928863
53928887
53928907
53928983
53928989
53929003
53929019
53929021
53929033
53929079
53929097
53929103
53929111
53929121
53929123
53929133
53929147
53929159
53929189
53929223
53929259
53929303
53929327
53929349
53929373
53929417
53929441
53929453
53929471
53929487
53929501
53929529
53929537
53929571
53929583
53929591
53929613
53929621
53929643
53929669
53929693
53929703
53929721
53929723
53929741
53929751
53929781
53929807
53929823
53929853
53929861
53929907
53929943
53929957
53929969
53929973
53930011
53930027
53930029
53930059
53930083
53930117
53930141
53930143
53930159
53930179
53930207
53930209
53930221
53930231
53930237
53930249
53930269
53930287
53930321
53930369
53930381
53930399
53930407
53930419
53930449
53930453
53930467
53930489
53930507
53930519
53930533
53930537
53930549
53930551
53930567
53930581
53930587
53930603
53930609
53930623
53930641
53930663
53930671
53930687
53930713
53930717
53930743
53930753
53930801
53930803
53930809
53930831
53930857
53930861
53930881
53930927
53930959
53930969
53930999
53931011
53931019
53931023
53931029
53931037
53931049
53931077
53931079
53931083
53931131
53931161
53931169
53931173
53931179
53931187
53931197
53931203
53931209
53931217
53931233
53931239
53931247
53931257
53931281
53931287
53931299
53931301
53931307
53931323
53931337
53931391
53931401
53931407
53931431
53931433
53931457
53931467
53931473
53931499
53931509
53931511
53931551
53931649
53931673
53931679
53931719
53931733
53931737
53931763
53931767
53931791
53931797
53931809
53931827
53931853
53931863
53931877
53931883
53931887
53931893
53931907
53932009
53932037
53932057
53932061
53932063
53932069
53932093
53932103
53932121
53932129
53932133
53932183
53932187
53932213
53932223
53932243
53932247
53932259
53932267
53932271
53932289
53932297
53932303
53932331
53932337
53932339
53932349
53932369
53932391
53932397
53932409
53932433
53932441
53932457
53932481
53932511
53932531
53932553
53932561
53932579
53932603
53932607
53932609
53932649
53932651
53932661
53932673
53932691
53932733
53932741
53932759
53932771
53932787
53932799
53932841
53932859
53932867
53932871
53932877
53932883
53932897
53932919
53932933
53932943
53932961
53932969
53932981
53932997
53933003
53933041
53933053
53933059
53933071
53933101
53933119
53933167
53933177
53933207
53933213
53933239
53933263
53933279
53933287
53933303
53933311
53933323
53933339
53933357
53933371
53933387
53933443
53933497
53933507
53933513
53933543
53933549
53933563
53933569
53933587
53933599
53933623
53933669
53933681
53933713
53933717
53933731
53933743
53933767
53933777
53933779
53933783
53933791
53933797
53933833
53933849
53933909
53933917
53933923
53933927
53933941
53933947
53933959
53934059
53934061
53934071
53934073
53934091
53934119
53934121
53934161
53934163
53934173
53934191
53934193
53934253
53934259
53934269
53934281
53934289
53934317
53934323
53934359
53934401
53934409
53934449
53934457
53934467
53934469
53934473
53934481
53934499
53934509
53934533
53934539
53934541
53934583
53934589
53934593
53934613
53934667
53934679
53934689
53934719
53934733
53934737
53934739
53934757
53934773
53934779
53934827
53934841
53934847
53934851
53934869
53934883
53934887
53934889
53934917
53934929
53934949
53934961
53934971
53934997
53935031
53935043
53935051
53935061
53935081
53935087
53935093
53935097
53935103
53935127
53935139
53935151
53935171
53935177
53935199
53935241
53935267
53935279
53935283
53935337
53935361
53935379
53935411
53935417
53935423
53935429
53935439
53935477
53935487
53935517
53935537
53935549
53935561
53935571
53935579
53935619
53935643
53935657
53935669
53935697
53935723
53935727
53935729
53935799
53935867
53935873
53935933
53935957
53935967
53935991
53935993
53935997
53936059
53936083
53936107
53936111
