53805071
53805077
53805091
53805097
53805107
53805133
53805137
53805139
53805151
53805163
53805197
53805203
53805223
53805239
53805247
53805259
53805277
53805287
53805293
53805299
53805317
53805383
53805403
53805467
53805481
53805509
53805529
53805551
53805559
53805589
53805593
53805601
53805607
53805613
53805617
53805637
53805667
53805707
53805737
53805743
53805749
53805769
53805821
53805823
53805839
53805841
53805887
53805907
53805919
53805923
53805931
53805937
53805949
53805959
53805989
53806007
53806009
53806013
53806021
53806073
53806099
53806133
53806153
53806163
53806169
53806199
53806213
53806219
53806229
53806243
53806261
53806303
53806349
53806351
53806429
53806439
53806447
53806469
53806481
53806541
53806559
53806567
53806573
53806603
53806609
53806661
53806667
53806673
53806703
53806721
53806733
53806741
53806759
53806771
53806777
53806799
53806811
53806817
53806847
53806873
53806877
53806903
53806927
53806931
53806933
53806937
53806957
53806999
53807003
53807021
53807027
53807053
53807081
53807099
53807111
53807113
53807119
53807123
53807141
53807167
53807177
53807179
53807191
53807203
53807207
53807219
53807249
53807251
53807269
53807309
53807311
53807357
53807359
53807381
53807387
53807393
53807401
53807407
53807461
53807471
53807473
53807477
53807483
53807503
53807513
53807543
53807569
53807581
53807591
53807609
53807617
53807627
53807629
53807641
53807651
53807653
53807681
53807683
53807687
53807701
53807707
53807713
53807729
53807759
53807777
53807783
53807797
53807807
53807827
53807837
53807869
53807881
53807891
53807911
53807933
53807951
53807969
53808011
53808023
53808037
53808049
53808061
53808071
53808103
53808107
53808121
53808163
53808173
53808191
53808193
53808203
53808211
53808217
53808229
53808233
53808239
53808289
53808299
53808341
53808367
53808371
53808379
53808389
53808407
53808463
53808473
53808479
53808487
53808497
53808509
53808511
53808533
53808541
53808577
53808581
53808583
53808611
53808617
53808631
53808641
53808673
53808683
53808691
53808697
53808701
53808719
53808721
53808731
53808737
53808739
53808743
53808751
53808763
53808773
53808823
53808827
53808829
53808857
53808863
53808869
53808871
53808889
53808899
53808917
53808919
53808929
53808959
53808967
53808977
53808991
53809013
53809037
53809043
53809061
53809109
53809111
53809163
53809183
53809193
53809201
53809207
53809247
53809271
53809277
53809279
53809291
53809321
53809331
53809367
53809373
53809391
53809411
53809421
53809439
53809447
53809453
53809493
53809513
53809517
53809523
53809543
53809559
53809597
53809619
53809621
53809633
53809649
53809661
53809663
53809697
53809699
53809739
53809741
53809759
53809781
53809807
53809817
53809837
53809859
53809883
53809891
53809909
53809927
53809933
53809939
53809961
53809969
53809997
53810047
53810059
53810077
53810101
53810111
53810129
53810143
53810161
53810189
53810213
53810221
53810227
53810231
53810233
53810249
53810257
53810269
53810279
53810291
53810293
53810369
53810371
53810387
53810411
53810429
53810431
53810453
53810473
53810483
53810503
53810509
53810521
53810539
53810567
53810579
53810597
53810623
53810677
53810681
53810683
53810693
53810719
53810807
53810821
53810837
53810843
53810857
53810873
53810879
53810893
53810923
53810927
53810951
53810959
53810969
53811019
53811047
53811073
53811077
53811101
53811151
53811161
53811167
53811169
53811179
53811181
53811223
53811227
53811253
53811281
53811299
53811301
53811313
53811323
53811337
53811343
53811347
53811371
53811413
53811419
53811427
53811437
53811469
53811479
53811491
53811493
53811497
53811509
53811523
53811529
53811547
53811581
53811631
53811649
53811671
53811677
53811707
53811761
53811773
53811809
53811811
53811827
53811829
53811839
53811847
53811869
53811871
53811889
53811893
53811911
53811913
53811917
53811937
53811983
53811991
53812091
53812147
53812151
53812153
53812163
53812177
53812211
53812217
53812229
53812261
53812267
53812273
53812277
53812279
53812289
53812301
53812397
53812403
53812411
53812417
53812439
53812441
53812477
53812489
53812501
53812511
53812613
53812631
53812639
53812679
53812687
53812711
53812727
53812757
53812793
53812813
53812819
53812831
53812867
53812879
53812907
53812933
53812937
53812943
53812963
53812999
53813021
53813027
53813029
53813047
53813057
53813063
53813069
53813113
53813153
53813161
53813203
53813213
53813231
53813233
53813239
53813269
53813273
53813293
53813297
53813311
53813317
53813321
53813323
53813327
53813341
53813351
53813363
53813387
53813393
53813401
53813411
53813413
53813423
53813471
53813509
53813549
53813581
53813587
53813623
53813659
53813671
53813693
53813699
53813701
53813707
53813713
53813729
53813743
53813759
53813783
53813807
53813819
53813843
53813849
53813863
53813867
53813869
53813887
53813917
53813933
53813971
53813983
53813999
53814031
53814037
53814041
53814071
53814119
53814127
53814151
53814161
53814191
53814193
53814217
53814221
53814269
53814301
53814323
53814331
53814347
53814349
53814361
53814421
53814463
53814487
53814491
53814493
53814511
53814569
53814617
53814619
53814623
53814637
53814643
53814647
53814653
53814659
53814697
53814703
53814713
53814731
53814737
53814743
53814751
53814757
53814767
53814773
53814841
53814847
53814857
53814863
53814889
53814907
53814967
53814991
53815033
53815061
53815063
53815067
53815093
53815109
53815127
53815133
53815159
53815187
53815199
53815207
53815219
53815243
53815253
53815261
53815273
53815297
53815313
53815367
53815369
53815393
53815417
53815439
53815471
53815477
53815507
53815537
53815547
53815549
53815621
53815631
53815651
53815667
53815691
53815703
53815709
53815711
53815753
53815759
53815781
53815823
53815841
53815859
53815873
53815901
53815913
53815933
53815939
53815963
53815973
53815981
53815991
53816003
53816011
53816027
53816053
53816069
53816099
53816107
53816153
53816173
53816207
53816221
53816239
53816291
53816293
53816309
53816311
53816317
53816327
53816333
53816353
53816369
53816381
53816383
53816387
53816393
53816401
53816419
53816423
53816449
53816467
53816507
53816533
53816557
53816561
53816563
53816593
53816597
53816599
53816621
53816627
53816639
53816647
53816669
53816717
53816729
53816743
53816753
53816801
53816809
53816843
53816857
53816891
53816929
53816977
53816999
53817017
53817059
53817073
53817089
53817097
53817119
53817131
53817151
53817157
53817163
53817187
53817199
53817233
53817293
53817317
53817319
53817341
53817347
53817349
53817353
53817373
53817377
53817383
53817389
53817403
53817409
53817431
53817437
53817473
53817523
53817527
53817541
53817607
53817611
53817613
53817623
53817697
53817713
53817739
53817793
53817859
53817877
53817887
53817893
53817913
53817919
53817941
53818031
53818057
53818067
53818081
53818099
53818103
53818109
53818123
53818129
53818181
53818217
53818223
53818231
53818249
53818253
53818273
53818291
53818307
53818309
53818333
53818357
53818361
53818381
53818399
53818417
53818421
53818451
53818477
53818489
53818517
53818529
53818537
53818543
53818559
53818571
53818591
53818601
53818603
53818637
53818649
53818673
53818711
53818729
53818747
53818763
53818789
53818799
53818813
53818819
53818837
53818841
53818847
53818879
53818909
53818931
53818939
53818969
53818981
53818997
53819027
53819047
53819071
53819081
53819107
53819111
53819113
53819167
53819173
53819179
53819197
53819209
53819261
53819299
53819341
53819357
53819369
53819453
53819459
53819473
53819537
53819581
53819587
53819599
53819641
53819651
53819681
53819683
53819687
53819699
53819707
53819729
53819783
53819791
53819803
53819819
53819833
53819849
53819851
53819861
53819881
53819891
53819893
53819897
53819903
53819923
53819929
53819947
53819957
53819959
53819993
53820001
53820007
53820017
53820031
53820043
53820049
53820073
53820077
53820097
53820101
53820139
53820149
53820191
53820209
53820257
53820287
53820301
53820307
53820359
53820373
53820397
53820401
53820443
53820451
53820461
53820463
53820511
53820517
53820527
53820539
53820541
53820581
53820617
53820629
53820647
53820707
53820721
53820731
53820733
53820751
53820757
53820761
53820763
53820799
53820841
53820857
53820859
53820937
53820941
53820947
53820959
53820973
53820979
53821003
53821049
53821057
53821067
53821087
53821121
53821123
53821139
53821169
53821193
53821213
53821231
53821241
53821249
53821253
53821279
53821307
53821309
53821343
53821373
53821379
53821381
53821387
53821429
53821441
53821489
53821501
53821519
53821529
53821531
53821543
53821577
53821583
53821589
53821591
53821601
53821613
53821657
53821667
53821697
53821727
53821751
53821753
53821769
53821777
53821799
53821811
53821843
53821849
53821861
53821879
53821891
53821913
53821967
53821969
53821973
53821993
53821997
53822029
53822039
53822059
53822071
53822077
53822089
53822113
53822123
53822149
53822233
53822281
53822291
53822311
53822339
53822371
53822393
53822413
53822423
53822441
53822443
53822471
53822491
53822501
53822533
53822543
53822563
53822569
53822609
53822623
53822633
53822647
53822651
53822677
53822693
53822707
53822711
53822723
53822759
53822773
53822777
53822803
53822807
53822831
53822837
53822903
53822911
53822939
53822941
53822957
53822963
53822983
53822987
53822999
53823047
53823083
53823109
53823127
53823149
53823169
53823191
53823269
53823293
53823299
53823307
53823313
53823337
53823353
53823359
53823361
53823379
53823383
53823389
53823397
53823433
53823439
53823463
53823491
53823521
53823559
53823563
53823613
53823617
53823619
53823631
53823667
53823697
53823701
53823733
53823761
53823769
53823773
53823787
53823811
53823817
53823823
53823829
53823851
53823877
53823881
53823901
53823919
53823929
53823943
53823947
53823953
53823961
53824007
53824009
53824013
53824037
53824051
53824061
53824073
53824109
53824171
53824181
53824231
53824237
53824247
53824271
53824289
53824333
53824357
53824369
53824399
53824409
53824411
53824417
53824451
53824453
53824471
53824481
53824501
53824543
53824559
53824571
53824591
53824633
53824637
53824679
53824681
53824709
53824717
53824721
53824723
53824741
53824747
53824787
53824801
53824811
53824817
53824829
53824861
53824867
53824877
53824889
53824937
53824961
53824987
53824993
53825033
53825041
53825063
53825069
53825071
53825113
53825147
53825183
53825231
53825249
53825257
53825273
53825311
53825327
53825339
53825341
53825353
53825357
53825377
53825407
53825419
53825437
53825441
53825449
53825459
53825477
53825483
53825489
53825503
53825507
53825531
53825539
53825557
53825561
53825567
53825573
53825593
53825609
53825647
53825659
53825677
53825741
53825753
53825767
53825771
53825777
53825789
53825801
53825813
53825833
53825839
53825869
53825873
53825887
53825897
53825903
53825923
53825929
53825971
53825983
53825987
53826077
53826079
53826089
53826103
53826109
53826119
53826133
53826163
53826169
53826191
53826203
53826209
53826211
53826257
53826263
53826277
53826281
53826287
53826313
53826329
53826343
53826347
53826359
53826361
53826391
53826397
53826431
53826433
53826469
53826473
53826503
53826529
53826541
53826557
53826587
53826589
53826593
53826629
53826653
53826673
53826683
53826691
53826713
53826719
53826761
53826763
53826767
53826779
53826781
53826793
53826847
53826869
53826907
53826931
53826937
53826977
53827003
53827009
53827021
53827027
53827031
53827051
53827069
53827087
53827091
53827127
53827139
53827177
53827181
53827187
53827217
53827283
53827297
53827303
53827307
53827309
53827339
53827343
53827349
53827369
53827373
53827387
53827441
53827447
53827463
53827469
53827481
53827493
53827511
53827537
53827583
53827597
53827633
53827651
53827667
53827691
53827757
53827759
53827777
53827789
53827801
53827841
53827847
53827853
53827861
53827871
53827897
53827901
53827927
53827987
53828009
53828029
53828041
53828057
53828077
53828123
53828129
53828149
53828161
53828189
53828221
53828227
53828261
53828267
53828323
53828339
53828351
53828363
53828371
53828381
53828399
53828407
53828417
53828419
53828447
53828471
53828479
53828483
53828491
53828497
53828513
53828527
53828557
53828573
53828623
53828683
53828689
53828699
53828743
53828773
53828791
53828837
53828861
53828869
53828897
53828921
53828923
53828963
53828977
53828981
53829011
53829031
53829091
53829101
53829103
53829121
53829137
53829143
53829151
53829161
53829179
53829197
53829211
53829229
53829271
53829287
53829311
53829313
53829317
53829343
53829403
53829439
53829449
53829467
53829473
53829493
53829509
53829521
53829553
53829563
53829577
53829583
53829613
53829619
53829623
53829631
53829673
53829691
53829703
53829719
53829739
53829799
53829827
53829901
53829911
53829917
53829947
53829949
53829953
53829967
53830009
53830019
53830027
53830039
53830067
53830081
53830159
53830163
53830201
53830219
53830277
53830289
53830297
53830303
53830307
53830319
53830331
53830339
53830349
53830379
53830393
53830411
53830429
53830471
53830481
53830501
53830519
53830549
53830559
53830573
53830643
53830657
53830691
53830697
53830703
53830717
53830723
53830727
53830739
53830759
53830783
53830793
53830813
53830859
53830871
53830877
53830897
53830901
53830919
53830921
53830927
53830943
53830957
53830961
53830979
53831051
53831077
53831087
53831101
53831111
53831117
53831131
53831147
53831171
53831177
53831203
53831209
53831213
53831233
53831243
53831257
53831287
53831303
53831321
53831329
53831347
53831359
53831377
53831381
53831387
53831413
53831489
53831507
53831509
53831513
53831521
53831527
53831539
53831543
53831567
53831573
53831597
53831599
53831641
53831653
53831671
53831677
53831681
53831683
53831749
53831759
53831761
53831773
53831783
53831819
53831837
53831851
53831857
53831861
53831881
53831909
53831963
53831971
53832019
53832049
53832067
53832113
53832127
53832133
53832137
53832161
53832193
53832199
53832209
53832211
53832227
53832239
53832241
53832269
53832287
53832391
53832403
53832433
53832469
53832481
53832487
53832509
53832511
53832533
53832551
53832563
53832587
53832589
53832607
53832637
53832677
53832679
53832739
53832797
53832809
53832827
53832881
53832943
53832953
53832967
53832971
53832983
53832991
53833037
53833057
53833069
53833079
53833097
53833111
53833121
53833181
53833217
53833243
53833279
53833301
53833333
53833343
53833349
53833379
53833387
53833393
53833399
53833427
53833447
53833459
53833487
53833489
53833499
53833553
53833561
53833567
53833579
53833583
53833589
53833601
53833603
53833607
53833609
53833627
53833643
53833651
53833673
53833709
53833711
53833729
53833751
53833757
53833799
53833817
53833837
53833873
53833921
53833937
53833939
53833963
53833981
53833987
53833999
53834021
53834029
53834041
53834051
53834089
53834113
53834141
53834159
53834177
53834203
53834219
53834227
53834233
53834251
53834279
53834281
53834293
53834309
53834311
53834327
53834351
53834413
53834423
53834437
53834447
53834453
53834477
53834479
53834483
53834497
53834503
53834531
53834537
53834549
53834551
53834603
53834617
53834633
53834647
53834663
53834707
53834749
53834761
53834779
53834783
53834791
53834813
53834831
53834849
53834857
53834861
53834897
53834947
53834987
53834993
53835029
53835043
53835053
53835071
53835083
53835137
53835139
53835149
53835167
53835169
53835179
53835191
53835217
53835247
53835263
53835283
53835307
53835343
53835359
53835391
53835401
53835409
53835449
53835461
53835469
53835473
53835487
53835491
53835511
53835517
53835521
53835541
53835557
53835559
53835563
53835601
53835643
53835689
53835701
53835713
53835737
53835751
53835811
53835823
53835841
53835853
53835857
53835869
53835877
53835913
53835917
53835953
53835989
53835997
53836007
53836021
53836033
53836037
53836039
53836061
53836091
53836117
53836121
53836141
53836163
53836171
53836183
53836187
53836199
53836231
53836241
53836249
53836273
53836283
53836303
53836319
53836339
53836351
53836361
53836397
53836417
53836451
53836463
53836487
53836513
53836543
53836547
53836609
53836619
53836621
53836631
53836639
53836661
53836663
53836669
53836687
53836693
53836759
53836777
53836787
53836793
53836879
53836897
53836907
53836919
53836927
53836931
53836973
53837009
53837023
53837039
53837041
53837053
53837093
53837143
53837149
53837153
53837159
53837233
53837237
53837239
53837243
53837263
53837291
53837309
53837321
53837327
53837339
53837401
53837417
53837437
53837447
53837461
53837467
53837471
53837489
53837527
53837533
53837557
53837561
53837579
53837593
53837603
53837611
53837617
53837629
53837639
53837647
53837653
53837681
53837689
53837711
53837737
53837741
53837753
53837767
53837801
53837803
53837821
53837831
53837837
53837869
53837873
53837881
53837893
53837899
53837909
53837939
53837957
53837999
53838017
53838049
53838053
53838061
53838067
53838073
53838079
53838097
53838121
53838131
53838137
53838179
53838209
53838217
53838223
53838251
53838259
53838277
53838307
53838311
53838313
53838341
53838347
53838373
53838383
53838391
53838401
53838403
53838427
53838431
53838437
53838461
53838481
53838487
53838497
53838509
53838517
53838557
53838563
53838583
53838601
53838649
53838683
53838689
53838691
53838751
53838797
53838809
53838823
53838833
53838839
53838893
53838901
53838931
53838947
53838973
53838991
53839001
53839003
53839007
53839013
53839031
53839039
53839061
53839091
53839129
53839151
53839169
53839199
53839223
53839241
53839259
53839277
53839307
53839337
53839339
53839381
53839417
53839421
53839433
53839451
53839501
53839507
53839517
53839531
53839537
53839547
53839549
53839567
53839579
53839607
53839613
53839651
53839657
53839733
53839771
53839783
53839789
53839813
53839823
53839831
53839861
53839871
53839873
53839883
53839931
53839943
53839991
53839993
53840021
53840023
53840027
53840063
53840099
53840113
53840117
53840119
53840147
53840203
53840219
53840221
53840233
53840279
53840287
53840321
53840387
53840389
53840407
53840431
53840453
53840473
53840477
53840483
53840489
53840497
53840531
53840533
53840537
53840543
53840557
53840561
53840569
53840573
53840593
53840599
53840621
53840629
53840653
53840669
53840671
53840681
53840701
53840713
53840747
53840779
53840783
53840789
53840797
53840807
53840827
53840833
53840837
53840879
53840909
53840923
53840929
53840939
53840947
53840971
53840977
53841061
53841071
53841083
53841089
53841103
53841121
53841127
53841143
53841167
53841191
53841199
53841209
53841211
53841247
53841287
53841317
53841331
53841349
53841373
53841391
53841433
53841439
53841517
53841521
53841539
53841559
53841577
53841583
53841631
53841647
53841659
53841673
53841677
53841701
53841709
53841721
53841727
53841751
53841779
53841791
53841797
53841811
53841817
53841829
53841863
53841871
53841883
53841899
53841923
53841929
53841961
53841971
53842003
53842007
53842039
53842093
53842097
53842121
53842123
53842147
53842157
53842163
53842171
53842189
53842207
53842249
53842253
53842259
53842297
53842301
53842343
53842387
53842423
53842427
53842457
53842463
53842483
53842489
53842499
53842571
53842583
53842601
53842631
53842667
53842697
53842699
53842759
53842787
53842813
53842823
53842843
53842849
53842853
53842861
53842889
53842897
53842909
53842913
53842933
53842967
53842969
53842991
53843081
53843089
53843099
53843107
53843113
53843123
53843137
53843173
53843213
53843221
53843239
53843243
53843261
53843263
53843269
53843287
53843303
53843323
53843351
53843381
53843407
53843431
53843441
53843453
53843479
53843513
53843521
53843557
53843563
53843567
53843591
53843599
53843617
53843651
53843681
53843689
53843693
53843723
53843761
53843771
53843819
53843831
53843833
53843837
53843849
53843887
53843893
53843899
53843903
53843921
53843927
53843939
53843941
53843963
53844017
53844023
53844047
53844053
53844059
53844067
53844079
53844103
53844163
53844169
53844209
53844221
53844223
53844239
53844247
53844257
53844283
53844293
53844319
53844331
53844367
53844391
53844397
53844407
53844431
53844443
53844463
53844473
53844493
53844547
53844599
53844601
53844607
53844649
53844671
53844683
53844701
53844743
53844773
53844781
53844809
53844827
53844853
53844859
53844887
53844907
53844919
53844929
53844949
53844971
53844977
53844997
53845009
53845049
53845067
53845087
53845091
53845117
53845133
53845157
53845163
53845201
53845213
53845217
53845219
53845223
53845279
53845327
53845343
53845349
53845361
53845367
53845381
53845387
53845391
53845399
53845439
53845459
53845469
53845483
53845529
53845541
53845549
53845559
53845577
53845609
53845657
53845661
53845697
53845699
53845739
53845741
53845763
53845777
53845787
53845789
53845793
53845807
53845811
53845843
53845861
53845877
53845889
53845901
53845963
53845991
53846003
53846027
53846033
53846047
53846053
53846081
53846083
53846099
53846113
53846141
53846153
53846159
53846201
53846203
53846213
53846239
53846263
53846269
53846281
53846297
53846339
53846341
53846369
53846393
53846413
53846431
53846467
53846483
53846491
53846509
53846557
53846563
53846587
53846593
53846609
53846623
53846641
53846651
53846669
53846671
53846699
53846711
53846717
53846731
53846743
53846747
53846759
53846773
53846777
53846789
53846791
53846809
53846839
53846867
53846929
53846963
53846977
53846983
53847011
53847019
53847023
53847049
53847067
53847077
53847091
53847107
53847133
53847139
53847149
53847203
53847239
53847251
53847253
53847257
53847263
53847337
53847361
53847373
53847377
53847379
53847397
53847407
53847413
53847421
53847433
53847457
53847491
53847499
53847509
53847533
53847553
53847569
53847583
53847593
53847611
53847641
53847649
53847697
53847709
53847727
53847733
53847737
53847763
53847769
53847779
53847791
53847799
53847803
53847817
53847851
53847877
53847907
53847917
53847949
53848001
53848009
53848013
53848079
53848087
53848097
53848117
53848139
53848141
53848181
53848187
53848199
53848213
53848237
53848241
53848247
53848279
53848307
53848309
53848349
53848363
53848387
53848393
53848409
53848411
53848429
53848463
53848481
53848493
53848541
53848549
53848567
53848591
53848607
53848609
53848633
53848661
53848687
53848693
53848733
53848757
53848759
53848763
53848777
53848783
53848789
53848811
53848813
53848859
53848931
53848937
53849009
53849041
53849063
53849069
53849071
53849093
53849111
53849119
53849137
53849177
53849189
53849197
53849207
53849209
53849231
53849239
53849267
53849269
53849293
53849347
53849351
53849377
53849381
53849407
53849413
53849429
53849437
53849447
53849473
53849479
53849483
53849507
53849527
53849531
53849581
53849611
53849623
53849657
53849669
53849683
53849701
53849711
53849729
53849767
53849773
53849779
53849801
53849849
53849869
53849891
53849893
53849947
53849951
53849963
53849987
53849993
53850001
53850011
53850019
53850029
53850053
53850077
53850079
53850091
53850103
53850127
53850149
53850157
53850197
53850217
53850221
53850227
53850253
53850257
53850259
53850283
53850287
53850289
53850311
53850323
53850341
53850347
53850367
53850371
53850403
53850409
53850443
53850451
53850463
53850479
53850481
53850487
53850499
53850523
53850527
53850547
53850551
53850557
53850619
53850631
53850661
53850697
53850701
53850733
53850757
53850773
53850779
53850791
53850803
53850821
53850829
53850847
53850851
53850857
53850869
53850887
53850913
53850919
53850931
53850967
53850977
53850991
53851003
53851013
53851037
53851043
53851097
53851099
53851103
53851117
53851139
53851153
53851159
53851201
53851249
53851253
53851261
53851271
53851279
53851283
53851307
53851363
53851367
53851381
53851397
53851417
53851459
53851477
53851481
53851489
53851507
53851517
53851531
53851537
53851543
53851547
53851561
53851571
53851591
53851607
53851627
53851649
53851661
53851667
53851711
53851771
53851783
53851789
53851807
53851813
53851817
53851829
53851841
53851843
53851849
53851879
53851907
53851913
53851933
53851939
53851961
53851969
53851979
53851981
53851997
53851999
53852003
53852011
53852017
53852021
53852033
53852041
53852059
53852069
53852119
53852153
53852207
53852219
53852221
53852231
53852233
53852237
53852261
53852273
53852287
53852303
53852339
53852341
53852347
53852411
53852443
53852473
53852503
53852527
53852531
53852543
53852563
53852567
53852581
53852599
53852609
53852627
53852629
53852633
53852671
53852677
53852693
53852713
53852731
53852759
53852761
53852767
53852789
53852809
53852831
53852839
53852857
53852873
53852891
53852917
53852933
53852941
53852951
53852969
53853001
53853031
53853047
53853053
53853067
53853073
53853083
53853101
53853103
53853199
53853221
53853227
53853257
53853259
53853269
53853271
53853307
53853311
53853313
53853323
53853347
53853361
53853379
53853469
53853497
53853529
53853533
53853539
53853593
53853599
53853601
53853617
53853643
53853677
53853691
53853703
53853719
53853731
53853749
53853757
53853797
53853799
53853817
53853823
53853827
53853829
53853853
53853857
53853871
53853887
53853893
53853901
53853941
53853953
53853959
53853967
53854007
53854027
53854049
53854067
53854081
53854091
53854111
53854117
53854123
53854127
53854183
53854187
53854193
53854211
53854219
53854237
53854253
53854259
53854261
53854313
53854337
53854343
53854349
53854373
53854387
53854391
53854397
53854403
53854441
53854457
53854459
53854511
53854517
53854543
53854553
53854561
53854579
53854597
53854609
53854631
53854637
53854639
53854663
53854699
53854751
53854777
53854807
53854817
53854831
53854841
53854883
53854901
53854909
53854951
53854973
53854979
53854981
53854993
53855003
53855027
53855051
53855071
53855077
53855083
53855089
53855107
53855129
53855143
53855147
53855149
53855159
53855161
53855173
53855189
53855231
53855267
53855287
53855293
53855309
53855311
53855323
53855353
53855357
53855359
53855369
53855383
53855423
53855437
53855453
53855513
53855563
53855567
53855597
53855623
53855647
53855653
53855723
53855729
53855743
53855759
53855761
53855777
53855807
53855819
53855833
53855887
53855891
53855911
53855951
53855957
53855981
53855993
53855999
53856043
53856059
53856091
53856097
53856163
53856169
53856193
53856197
53856217
53856227
53856233
53856239
53856251
53856259
53856263
53856287
53856301
53856337
53856353
53856359
53856371
53856373
53856377
53856379
53856389
53856403
53856479
53856503
53856521
53856529
53856541
53856559
53856581
53856587
53856611
53856613
53856617
53856619
53856653
53856701
53856707
53856727
53856757
53856797
53856841
53856863
53856871
53856893
53856919
53856923
53856931
53856947
53856967
53856997
53857033
53857049
53857061
53857081
53857087
53857103
53857109
53857127
53857151
53857171
53857183
53857187
53857189
53857201
53857211
53857217
53857249
53857259
53857277
53857337
53857351
53857369
53857373
53857451
53857469
53857493
53857499
53857537
53857541
53857561
53857579
53857613
53857627
53857631
53857673
53857679
53857703
53857711
53857729
53857747
53857807
53857813
53857847
53857873
53857879
53857889
53857891
53857919
53857939
53857949
53857963
53857997
53858009
53858041
53858053
53858069
53858071
53858081
53858107
53858113
53858117
53858137
53858143
53858153
53858177
53858201
53858213
53858219
53858237
53858239
53858243
53858251
53858267
53858309
53858333
53858339
53858353
53858359
53858401
53858417
53858437
53858443
53858447
53858449
53858459
53858471
53858477
53858507
53858513
53858527
53858549
53858551
53858561
53858573
53858591
53858599
53858621
53858627
53858633
53858639
53858657
53858659
53858677
53858689
53858699
53858723
53858729
53858767
53858797
53858809
53858837
53858843
53858891
53858899
53858923
53858927
53858933
53858963
53858969
53858983
53858993
53859017
53859019
53859023
53859037
53859067
53859083
53859101
53859137
53859139
53859149
53859163
53859173
53859187
53859191
53859217
53859259
53859269
53859283
53859287
53859313
53859341
53859343
53859371
53859373
53859391
53859419
53859439
53859461
53859469
53859479
53859499
53859503
53859511
53859539
53859569
53859599
53859643
53859647
53859653
53859667
53859709
53859719
53859739
53859749
53859797
53859821
53859823
53859853
53859877
53859881
53859887
53859941
53859973
53859977
53860087
53860127
53860129
53860151
53860171
53860187
53860189
53860201
53860211
53860223
53860241
53860259
53860309
53860343
53860357
53860363
53860379
53860393
53860409
53860427
53860447
53860481
53860487
53860489
53860501
53860507
53860523
53860531
53860589
53860619
53860661
53860679
53860691
53860759
53860771
53860783
53860799
53860823
53860837
53860841
53860847
53860861
53860883
53860901
53860903
53860909
53860949
53860957
53860973
53860997
53860999
53861023
53861039
53861051
53861113
53861123
53861131
53861161
53861177
53861183
53861191
53861209
53861221
53861243
53861251
53861261
53861267
53861293
53861299
53861309
53861347
53861351
53861407
53861411
53861441
53861453
53861461
53861503
53861531
53861537
53861543
53861569
53861617
53861641
53861651
53861657
53861669
53861693
53861701
53861707
53861711
53861723
53861737
53861747
53861761
53861783
53861881
53861887
53861909
53861917
53861921
53861923
53861957
53861959
53861989
53862013
53862041
53862059
53862071
53862073
53862079
53862089
53862119
53862157
53862167
53862173
53862197
53862199
53862203
53862253
53862271
53862287
53862293
53862301
53862311
53862323
53862331
53862337
53862349
53862371
53862383
53862427
53862433
53862463
53862493
53862503
53862521
53862547
53862551
53862569
53862577
53862581
53862629
53862631
53862649
53862671
53862689
53862719
53862761
53862769
53862793
53862827
53862829
53862833
53862847
53862863
53862871
53862883
53862931
53862959
53862973
53862979
53862983
53862989
53863013
53863037
53863087
53863091
53863097
53863153
53863169
53863177
53863181
53863193
53863207
53863223
53863253
53863261
53863267
53863289
53863291
53863333
53863339
53863343
53863349
53863357
53863393
53863409
53863417
53863451
53863501
53863507
53863547
53863553
53863559
53863577
53863619
53863639
53863657
53863687
53863699
53863729
53863757
53863783
53863801
53863807
53863813
53863819
53863867
53863889
53863891
53863903
53863919
53863949
53863951
53863963
53863981
53863987
53864023
53864033
53864039
53864077
53864087
53864093
53864113
53864117
53864123
53864131
53864191
53864207
53864233
53864243
53864273
53864287
53864351
53864353
53864357
53864387
53864401
53864429
53864443
53864467
53864471
53864479
53864497
53864507
53864519
53864533
53864537
53864567
53864579
53864599
53864621
53864633
53864663
53864743
53864749
53864771
53864809
53864843
53864869
53864879
53864903
53864911
53864929
53864947
53864963
53864999
53865023
53865029
53865041
53865043
53865047
53865067
53865079
53865083
53865113
53865131
53865169
53865199
53865211
53865223
53865263
53865269
53865277
53865307
53865311
53865341
53865373
53865397
53865403
53865433
53865443
53865457
53865467
53865479
53865481
53865491
53865509
53865527
53865529
53865533
53865577
53865587
53865593
53865613
53865661
53865667
53865689
53865727
53865803
53865853
53865859
53865869
53865881
53865887
53865899
53865919
53865961
53865983
53866009
53866037
53866061
53866063
53866091
53866103
53866123
53866129
53866157
53866171
53866177
53866193
53866199
53866231
53866237
53866259
53866279
53866297
53866303
53866327
53866343
53866363
53866367
53866403
53866411
53866441
53866451
53866453
53866471
53866507
53866541
53866597
53866607
53866613
53866639
53866643
53866651
53866663
53866697
53866699
53866723
53866739
53866763
53866781
53866789
53866793
53866801
53866817
53866847
53866849
53866877
53866889
53866937
53866963
53866973
53866991
53867017
53867039
53867041
53867113
53867131
53867137
53867179
53867189
53867197
53867207
53867221
53867251
53867257
53867267
53867293
53867309
53867321
53867351
53867369
53867381
53867383
53867393
53867459
53867461
53867467
53867477
53867497
53867501
53867521
53867537
53867551
53867579
53867599
53867609
53867617
53867621
53867623
53867659
53867683
53867699
53867701
53867707
53867729
53867741
53867743
53867783
53867791
53867797
53867813
53867833
53867837
53867843
53867857
53867887
53867959
53868007
53868043
53868083
53868091
53868107
53868131
53868149
53868161
53868169
53868179
53868181
53868203
53868209
53868253
53868259
53868313
53868317
53868349
53868361
53868391
53868431
53868443
53868473
53868487
53868491
53868509
53868523
53868539
53868541
53868557
53868571
53868583
53868587
53868589
53868643
53868649
53868679
53868709
53868739
53868769
53868779
53868791
53868799
53868821
53868827
53868839
53868851
53868887
53868889
53868923
53868943
53868949
53868959
53868961
53868977
53868989
53869001
53869007
53869031
53869063
53869069
53869087
53869093
53869117
53869129
53869159
53869163
53869169
53869171
53869177
53869201
53869213
53869223
53869229
53869267
53869303
53869307
53869331
53869349
53869391
53869393
53869399
53869421
53869457
53869469
53869489
53869493
53869507
53869511
53869553
53869591
53869601
53869603
53869631
53869639
53869679
53869681
53869687
53869709
53869727
53869757
53869793
53869811
53869813
53869819
53869843
53869873
53869913
53869969
53869987
53869993
53869999
53870041
53870053
53870057
53870083
53870107
53870119
53870143
53870147
53870177
53870191
53870203
53870221
53870227
53870233
53870239
53870249
53870251
53870273
53870287
53870291
53870293
53870321
53870329
53870389
53870407
53870417
53870437
53870441
53870447
53870449
53870459
53870473
53870477
53870497
53870527
53870533
53870549
53870561
53870573
