51249167
51249173
51249179
51249193
51249217
51249227
51249239
51249241
51249257
51249259
51249269
51249277
51249281
51249287
51249307
51249323
51249337
51249343
51249349
51249361
51249389
51249391
51249503
51249529
51249533
51249547
51249553
51249571
51249581
51249587
51249619
51249643
51249661
51249691
51249703
51249719
51249721
51249733
51249739
51249743
51249767
51249769
51249791
51249811
51249823
51249833
51249839
51249857
51249889
51249893
51249899
51249901
51249923
51249929
51249967
51249997
51250007
51250013
51250057
51250061
51250081
51250091
51250097
51250117
51250139
51250151
51250153
51250159
51250181
51250183
51250247
51250253
51250267
51250321
51250327
51250333
51250343
51250349
51250363
51250373
51250387
51250403
51250411
51250477
51250501
51250519
51250541
51250567
51250579
51250583
51250613
51250621
51250643
51250649
51250663
51250669
51250721
51250729
51250777
51250783
51250807
51250813
51250879
51250889
51250897
51250907
51250909
51250951
51250973
51250987
51251023
51251027
51251051
51251063
51251069
51251093
51251119
51251129
51251143
51251191
51251219
51251269
51251287
51251359
51251377
51251411
51251419
51251437
51251441
51251467
51251491
51251527
51251581
51251591
51251593
51251597
51251611
51251633
51251639
51251647
51251687
51251693
51251699
51251701
51251731
51251737
51251741
51251749
51251777
51251813
51251819
51251831
51251839
51251861
51251881
51251887
51251891
51251899
51251939
51251947
51251951
51252013
51252023
51252029
51252031
51252107
51252109
51252121
51252143
51252151
51252169
51252197
51252203
51252209
51252217
51252221
51252233
51252241
51252281
51252283
51252307
51252319
51252323
51252343
51252353
51252359
51252373
51252379
51252391
51252401
51252413
51252449
51252451
51252457
51252463
51252469
51252527
51252559
51252613
51252623
51252629
51252647
51252673
51252713
51252727
51252787
51252793
51252797
51252821
51252847
51252857
51252907
51252913
51252917
51252919
51252973
51252979
51252989
51252991
51252997
51253001
51253043
51253049
51253073
51253087
51253099
51253117
51253133
51253183
51253187
51253193
51253201
51253219
51253271
51253289
51253303
51253309
51253313
51253327
51253339
51253369
51253379
51253381
51253387
51253421
51253427
51253439
51253441
51253451
51253457
51253471
51253493
51253577
51253613
51253627
51253667
51253669
51253679
51253723
51253739
51253747
51253751
51253753
51253781
51253823
51253837
51253841
51253879
51253889
51253897
51253903
51253919
51253973
51253999
51254003
51254009
51254023
51254033
51254041
51254057
51254069
51254083
51254087
51254101
51254113
51254123
51254149
51254171
51254179
51254183
51254207
51254239
51254257
51254297
51254311
51254317
51254341
51254347
51254351
51254353
51254363
51254407
51254429
51254449
51254459
51254461
51254479
51254503
51254521
51254549
51254587
51254591
51254597
51254611
51254663
51254669
51254683
51254699
51254713
51254717
51254719
51254737
51254759
51254771
51254821
51254831
51254849
51254857
51254867
51254887
51254891
51254899
51254911
51254921
51254923
51254927
51254939
51254941
51254947
51254969
51255031
51255047
51255053
51255133
51255137
51255143
51255161
51255173
51255227
51255241
51255257
51255283
51255287
51255299
51255301
51255359
51255361
51255377
51255401
51255439
51255517
51255551
51255577
51255583
51255623
51255637
51255641
51255643
51255647
51255649
51255653
51255683
51255689
51255691
51255727
51255733
51255739
51255769
51255793
51255811
51255817
51255821
51255857
51255859
51255877
51255887
51255899
51255907
51255913
51255931
51255943
51255959
51255961
51255973
51255979
51256013
51256031
51256033
51256081
51256087
51256099
51256151
51256169
51256171
51256181
51256189
51256193
51256201
51256217
51256223
51256229
51256277
51256279
51256297
51256363
51256379
51256393
51256399
51256417
51256421
51256441
51256451
51256453
51256477
51256481
51256483
51256511
51256529
51256537
51256549
51256553
51256571
51256577
51256589
51256637
51256651
51256679
51256691
51256693
51256697
51256703
51256721
51256727
51256741
51256757
51256771
51256783
51256789
51256823
51256831
51256861
51256867
51256873
51256879
51256967
51256973
51256979
51256991
51256993
51257009
51257021
51257039
51257047
51257051
51257053
51257071
51257083
51257113
51257137
51257149
51257177
51257183
51257189
51257249
51257279
51257293
51257347
51257351
51257369
51257377
51257407
51257411
51257417
51257429
51257441
51257443
51257447
51257449
51257467
51257473
51257509
51257561
51257599
51257603
51257621
51257693
51257707
51257719
51257743
51257797
51257813
51257851
51257863
51257867
51257887
51257893
51257897
51257909
51257917
51257929
51257939
51257963
51257977
51257981
51257989
51258041
51258047
51258101
51258113
51258131
51258133
51258157
51258161
51258169
51258187
51258199
51258203
51258217
51258223
51258293
51258301
51258307
51258313
51258359
51258373
51258397
51258401
51258419
51258443
51258463
51258481
51258497
51258499
51258503
51258511
51258527
51258547
51258563
51258607
51258617
51258659
51258661
51258679
51258703
51258731
51258769
51258793
51258797
51258799
51258817
51258821
51258829
51258839
51258871
51258899
51258901
51258917
51258929
51258983
51258989
51259007
51259009
51259073
51259079
51259081
51259133
51259163
51259181
51259183
51259253
51259277
51259291
51259297
51259303
51259309
51259333
51259339
51259349
51259357
51259363
51259367
51259391
51259451
51259457
51259463
51259487
51259499
51259529
51259543
51259547
51259567
51259577
51259583
51259591
51259603
51259609
51259633
51259643
51259669
51259711
51259723
51259729
51259759
51259781
51259807
51259829
51259877
51259883
51259903
51259919
51259931
51259951
51259961
51259969
51260017
51260021
51260039
51260101
51260107
51260137
51260141
51260147
51260161
51260201
51260213
51260239
51260249
51260269
51260273
51260299
51260311
51260317
51260327
51260333
51260369
51260393
51260401
51260413
51260437
51260471
51260477
51260497
51260507
51260519
51260563
51260579
51260591
51260621
51260633
51260647
51260659
51260663
51260681
51260723
51260743
51260747
51260749
51260761
51260791
51260821
51260843
51260849
51260851
51260857
51260861
51260897
51260903
51260921
51260927
51260929
51260939
51260953
51260969
51260987
51261013
51261019
51261047
51261053
51261061
51261083
51261109
51261113
51261121
51261139
51261149
51261157
51261179
51261187
51261209
51261263
51261277
51261281
51261293
51261311
51261313
51261359
51261377
51261401
51261451
51261481
51261491
51261517
51261541
51261557
51261559
51261577
51261583
51261611
51261629
51261643
51261649
51261673
51261697
51261703
51261709
51261731
51261739
51261751
51261773
51261781
51261797
51261823
51261839
51261857
51261883
51261893
51261911
51261979
51261997
51262039
51262051
51262069
51262093
51262117
51262129
51262139
51262163
51262181
51262187
51262207
51262217
51262229
51262261
51262273
51262291
51262319
51262339
51262349
51262363
51262369
51262417
51262433
51262439
51262447
51262489
51262511
51262529
51262559
51262573
51262577
51262583
51262597
51262619
51262643
51262663
51262697
51262711
51262721
51262727
51262763
51262777
51262787
51262801
51262811
51262829
51262831
51262859
51262877
51262889
51262907
51262909
51262919
51262921
51262949
51262957
51262961
51262993
51263053
51263077
51263087
51263099
51263129
51263189
51263231
51263237
51263269
51263287
51263321
51263327
51263341
51263357
51263369
51263371
51263383
51263413
51263431
51263461
51263473
51263477
51263479
51263519
51263521
51263543
51263549
51263567
51263591
51263603
51263609
51263621
51263623
51263629
51263657
51263659
51263683
51263689
51263717
51263731
51263749
51263753
51263761
51263791
51263813
51263923
51263939
51263963
51263999
51264013
51264019
51264023
51264029
51264043
51264053
51264107
51264133
51264151
51264181
51264193
51264211
51264221
51264247
51264271
51264281
51264329
51264341
51264377
51264379
51264383
51264397
51264457
51264463
51264481
51264487
51264497
51264517
51264529
51264533
51264541
51264559
51264593
51264611
51264613
51264617
51264649
51264659
51264683
51264709
51264737
51264751
51264817
51264821
51264839
51264859
51264887
51264919
51264931
51264937
51264971
51265001
51265031
51265051
51265061
51265079
51265087
51265099
51265111
51265121
51265133
51265139
51265153
51265163
51265171
51265187
51265189
51265219
51265223
51265231
51265237
51265241
51265267
51265271
51265283
51265309
51265327
51265349
51265369
51265381
51265397
51265411
51265427
51265441
51265447
51265471
51265481
51265483
51265499
51265517
51265561
51265601
51265603
51265607
51265633
51265651
51265717
51265729
51265759
51265769
51265771
51265777
51265789
51265793
51265807
51265817
51265843
51265849
51265853
51265871
51265889
51265891
51265927
51265937
51265943
51265961
51265969
51265987
51265993
51266021
51266041
51266051
51266063
51266071
51266077
51266099
51266107
51266141
51266147
51266177
51266183
51266207
51266209
51266231
51266251
51266261
51266269
51266279
51266381
51266387
51266393
51266401
51266419
51266429
51266431
51266437
51266477
51266491
51266507
51266521
51266531
51266533
51266549
51266561
51266569
51266573
51266603
51266627
51266639
51266651
51266669
51266671
51266711
51266723
51266749
51266773
51266791
51266797
51266843
51266861
51266903
51266927
51266939
51266947
51267011
51267037
51267043
51267049
51267071
51267077
51267079
51267091
51267101
51267109
51267113
51267133
51267193
51267199
51267217
51267221
51267239
51267241
51267247
51267259
51267277
51267289
51267317
51267319
51267341
51267347
51267353
51267361
51267371
51267383
51267407
51267409
51267413
51267443
51267451
51267479
51267493
51267547
51267571
51267577
51267581
51267611
51267661
51267673
51267779
51267791
51267817
51267841
51267857
51267883
51267889
51267899
51267913
51267949
51267959
51267967
51268001
51268043
51268057
51268097
51268103
51268111
51268123
51268153
51268157
51268207
51268237
51268247
51268267
51268279
51268303
51268313
51268337
51268339
51268387
51268423
51268457
51268471
51268489
51268501
51268523
51268531
51268561
51268579
51268589
51268639
51268691
51268697
51268733
51268739
51268751
51268759
51268769
51268813
51268829
51268837
51268843
51268883
51268907
51268933
51268937
51268961
51268999
51269021
51269027
51269039
51269051
51269081
51269083
51269089
51269107
51269111
51269123
51269191
51269213
51269221
51269227
51269233
51269243
51269249
51269279
51269291
51269321
51269327
51269333
51269347
51269357
51269401
51269411
51269417
51269437
51269441
51269453
51269473
51269479
51269503
51269509
51269549
51269551
51269587
51269591
51269609
51269611
51269627
51269683
51269711
51269747
51269749
51269791
51269819
51269821
51269833
51269837
51269839
51269843
51269849
51269851
51269861
51269873
51269891
51269927
51269947
51269957
51269971
51269987
51270007
51270031
51270053
51270067
51270071
51270083
51270101
51270103
51270119
51270137
51270143
51270157
51270199
51270203
51270211
51270217
51270229
51270259
51270269
51270277
51270293
51270299
51270301
51270353
51270367
51270397
51270403
51270409
51270437
51270481
51270517
51270523
51270539
51270551
51270553
51270613
51270631
51270697
51270701
51270727
51270757
51270773
51270781
51270803
51270809
51270839
51270851
51270871
51270881
51270913
51270917
51270953
51270959
51270971
51270977
51270983
51270991
51271021
51271057
51271067
51271127
51271153
51271169
51271183
51271189
51271211
51271223
51271267
51271289
51271321
51271343
51271349
51271357
51271369
51271379
51271397
51271399
51271411
51271421
51271433
51271447
51271453
51271471
51271483
51271513
51271543
51271547
51271559
51271567
51271573
51271579
51271589
51271621
51271631
51271637
51271639
51271657
51271663
51271687
51271691
51271699
51271721
51271729
51271733
51271789
51271819
51271859
51271879
51271907
51271931
51271967
51272009
51272057
51272063
51272093
51272107
51272149
51272161
51272167
51272189
51272197
51272209
51272213
51272227
51272251
51272293
51272311
51272321
51272329
51272369
51272399
51272443
51272449
51272453
51272461
51272471
51272479
51272489
51272519
51272521
51272537
51272563
51272569
51272587
51272597
51272653
51272671
51272687
51272743
51272747
51272759
51272761
51272777
51272779
51272801
51272803
51272807
51272831
51272839
51272869
51272873
51272917
51272927
51272933
51272941
51272951
51272971
51272981
51272983
51272999
51273017
51273029
51273031
51273043
51273059
51273119
51273121
51273149
51273151
51273179
51273199
51273239
51273251
51273253
51273259
51273293
51273307
51273311
51273323
51273337
51273353
51273361
51273389
51273403
51273407
51273413
51273511
51273517
51273529
51273589
51273613
51273619
51273623
51273641
51273643
51273661
51273679
51273689
51273697
51273763
51273779
51273791
51273797
51273809
51273811
51273829
51273839
51273841
51273869
51273889
51273899
51273917
51273919
51273941
51273967
51273983
51274007
51274019
51274021
51274043
51274051
51274063
51274073
51274109
51274123
51274129
51274147
51274169
51274183
51274187
51274207
51274241
51274243
51274247
51274253
51274381
51274387
51274393
51274409
51274411
51274417
51274423
51274441
51274451
51274463
51274469
51274471
51274493
51274501
51274519
51274537
51274547
51274571
51274607
51274609
51274621
51274627
51274633
51274649
51274681
51274687
51274693
51274753
51274759
51274763
51274793
51274801
51274807
51274819
51274823
51274829
51274849
51274921
51274967
51274991
51275041
51275047
51275069
51275083
51275093
51275117
51275123
51275141
51275143
51275153
51275171
51275177
51275183
51275201
51275207
51275239
51275249
51275251
51275291
51275353
51275359
51275387
51275423
51275437
51275459
51275473
51275501
51275527
51275531
51275537
51275551
51275557
51275573
51275591
51275593
51275603
51275629
51275633
51275663
51275681
51275687
51275713
51275759
51275761
51275771
51275797
51275801
51275827
51275831
51275863
51275867
51275881
51275911
51275923
51275933
51275941
51275957
51275981
51276011
51276023
51276053
51276059
51276067
51276073
51276091
51276109
51276119
51276143
51276157
51276163
51276187
51276209
51276217
51276257
51276289
51276317
51276331
51276341
51276343
51276353
51276359
51276367
51276409
51276419
51276443
51276457
51276461
51276469
51276479
51276509
51276523
51276551
51276559
51276581
51276601
51276613
51276619
51276623
51276629
51276677
51276679
51276689
51276713
51276749
51276751
51276779
51276781
51276793
51276817
51276853
51276893
51276899
51276949
51276971
51276977
51276983
51276989
51276997
51277001
51277021
51277063
51277081
51277103
51277111
51277157
51277201
51277243
51277267
51277277
51277283
51277309
51277351
51277357
51277381
51277403
51277427
51277433
51277459
51277487
51277489
51277493
51277571
51277573
51277601
51277631
51277643
51277657
51277663
51277669
51277679
51277687
51277697
51277727
51277747
51277753
51277769
51277777
51277817
51277841
51277859
51277883
51277957
51277969
51277997
51278009
51278027
51278033
51278039
51278053
51278089
51278099
51278111
51278153
51278173
51278179
51278197
51278219
51278243
51278251
51278281
51278291
51278299
51278303
51278323
51278327
51278377
51278393
51278399
51278417
51278441
51278449
51278453
51278527
51278531
51278533
51278537
51278561
51278621
51278657
51278671
51278687
51278693
51278713
51278761
51278789
51278791
51278813
51278819
51278831
51278837
51278879
51278881
51278893
51278911
51278933
51278939
51278971
51278993
51279017
51279023
51279113
51279127
51279133
51279139
51279169
51279181
51279197
51279203
51279211
51279229
51279269
51279307
51279329
51279331
51279343
51279353
51279367
51279379
51279391
51279401
51279407
51279413
51279419
51279421
51279427
51279439
51279451
51279457
51279469
51279509
51279517
51279523
51279533
51279563
51279583
51279593
51279623
51279629
51279647
51279649
51279659
51279707
51279731
51279737
51279827
51279829
51279853
51279863
51279881
51279887
51279911
51279913
51279929
51279941
51279953
51279959
51279979
51280001
51280013
51280043
51280049
51280051
51280057
51280063
51280067
51280121
51280147
51280157
51280181
51280213
51280219
51280241
51280283
51280291
51280319
51280349
51280379
51280387
51280391
51280403
51280421
51280423
51280433
51280447
51280451
51280459
51280469
51280511
51280513
51280549
51280561
51280571
51280577
51280589
51280597
51280609
51280633
51280667
51280681
51280693
51280711
51280741
51280751
51280759
51280763
51280769
51280771
51280783
51280793
51280799
51280813
51280819
51280841
51280843
51280847
51280921
51280951
51280979
51280987
51281003
51281011
51281023
51281039
51281047
51281071
51281081
51281093
51281107
51281123
51281143
51281147
51281189
51281213
51281221
51281227
51281233
51281239
51281257
51281273
51281311
51281317
51281357
51281359
51281387
51281389
51281393
51281411
51281431
51281449
51281453
51281473
51281491
51281497
51281521
51281543
51281579
51281591
51281597
51281621
51281683
51281717
51281771
51281801
51281803
51281819
51281821
51281833
51281851
51281861
51281873
51281917
51281933
51281941
51281959
51281983
51281987
51282053
51282059
51282071
51282079
51282113
51282137
51282173
51282181
51282191
51282199
51282221
51282241
51282271
51282313
51282317
51282337
51282347
51282367
51282379
51282383
51282389
51282397
51282419
51282437
51282461
51282487
51282503
51282509
51282529
51282547
51282559
51282599
51282607
51282683
51282697
51282731
51282733
51282787
51282797
51282811
51282821
51282827
51282839
51282857
51282871
51282877
51282899
51282901
51282943
51282953
51282983
51282989
51282997
51283003
51283007
51283019
51283051
51283061
51283069
51283079
51283081
51283091
51283093
51283117
51283121
51283151
51283153
51283187
51283201
51283217
51283241
51283247
51283291
51283327
51283361
51283367
51283387
51283409
51283411
51283417
51283469
51283471
51283481
51283483
51283499
51283511
51283523
51283553
51283607
51283619
51283643
51283651
51283667
51283681
51283697
51283711
51283733
51283759
51283763
51283783
51283787
51283801
51283819
51283823
51283853
51283867
51283871
51283873
51283879
51283933
51283949
51283963
51284017
51284027
51284029
51284047
51284131
51284141
51284159
51284221
51284237
51284239
51284263
51284269
51284309
51284339
51284369
51284377
51284407
51284417
51284437
51284483
51284491
51284573
51284587
51284599
51284603
51284647
51284659
51284671
51284689
51284693
51284707
51284729
51284771
51284803
51284839
51284861
51284873
51284879
51284897
51284911
51284927
51284929
51284969
51284999
51285001
51285011
51285019
51285043
51285053
51285061
51285077
51285089
51285097
51285103
51285109
51285139
51285167
51285173
51285203
51285259
51285343
51285361
51285431
51285433
51285461
51285467
51285497
51285511
51285517
51285527
51285529
51285569
51285581
51285599
51285623
51285631
51285673
51285701
51285721
51285727
51285757
51285761
51285779
51285797
51285803
51285859
51285893
51285907
51285919
51285943
51285947
51285953
51285961
51285973
51285979
51286003
51286013
51286031
51286117
51286129
51286141
51286171
51286189
51286199
51286217
51286219
51286237
51286241
51286267
51286271
51286321
51286327
51286357
51286373
51286379
51286387
51286393
51286409
51286439
51286441
51286451
51286489
51286507
51286511
51286513
51286523
51286559
51286583
51286591
51286607
51286657
51286693
51286723
51286727
51286751
51286793
51286799
51286801
51286811
51286817
51286861
51286867
51286897
51286931
51286951
51286981
51286997
51287029
51287059
51287087
51287161
51287179
51287191
51287209
51287219
51287233
51287279
51287281
51287329
51287333
51287359
51287371
51287377
51287429
51287437
51287449
51287459
51287471
51287473
51287477
51287491
51287501
51287503
51287543
51287549
51287567
51287569
51287581
51287591
51287653
51287659
51287681
51287701
51287711
51287741
51287767
51287771
51287801
51287813
51287849
51287869
51287881
51287891
51287903
51287909
51287911
51287917
51287939
51287947
51287959
51287969
51288001
51288019
51288053
51288073
51288077
51288079
51288131
51288161
51288187
51288197
51288217
51288241
51288247
51288257
51288271
51288283
51288317
51288323
51288329
51288407
51288409
51288449
51288463
51288487
51288521
51288527
51288557
51288563
51288593
51288599
51288613
51288649
51288661
51288667
51288673
51288707
51288761
51288763
51288793
51288829
51288857
51288859
51288863
51288869
51288871
51288883
51288889
51288893
51288931
51288947
51288967
51288971
51288977
51289003
51289013
51289019
51289027
51289031
51289033
51289087
51289093
51289099
51289127
51289129
51289201
51289219
51289223
51289229
51289243
51289297
51289307
51289321
51289339
51289387
51289393
51289397
51289439
51289453
51289481
51289499
51289501
51289519
51289523
51289547
51289559
51289613
51289633
51289673
51289681
51289699
51289741
51289753
51289757
51289781
51289783
51289787
51289813
51289871
51289879
51289891
51289913
51289919
51289937
51289957
51289963
51289967
51289981
51289999
51290017
51290021
51290047
51290053
51290119
51290131
51290147
51290159
51290171
51290179
51290191
51290201
51290219
51290227
51290233
51290237
51290243
51290257
51290263
51290269
51290287
51290297
51290341
51290359
51290363
51290381
51290387
51290429
51290441
51290453
51290501
51290507
51290537
51290539
51290579
51290609
51290627
51290641
51290651
51290653
51290693
51290699
51290719
51290731
51290737
51290741
51290753
51290761
51290773
51290777
51290791
51290809
51290831
51290891
51290903
51290923
51290927
51290933
51290947
51290951
51290969
51290999
51291007
51291011
51291017
51291029
51291043
51291067
51291083
51291103
51291223
51291257
51291263
51291269
51291277
51291281
51291299
51291337
51291341
51291353
51291377
51291379
51291419
51291433
51291497
51291503
51291547
51291557
51291571
51291589
51291613
51291629
51291637
51291641
51291661
51291671
51291673
51291677
51291683
51291707
51291719
51291727
51291781
51291791
51291797
51291847
51291853
51291859
51291883
51291967
51291971
51291979
51291983
51291997
51292061
51292067
51292069
51292079
51292099
51292103
51292123
51292127
51292177
51292183
51292187
51292193
51292211
51292223
51292237
51292253
51292273
51292279
51292289
51292291
51292303
51292327
51292331
51292337
51292357
51292363
51292403
51292427
51292433
51292447
51292469
51292481
51292489
51292511
51292513
51292523
51292537
51292541
51292543
51292559
51292573
51292583
51292613
51292649
51292667
51292669
51292673
51292687
51292699
51292729
51292777
51292781
51292789
51292811
51292849
51292861
51292903
51292907
51292949
51292963
51292973
51292979
51292981
51292991
51292993
51293017
51293051
51293071
51293119
51293129
51293149
51293159
51293171
51293183
51293213
51293219
51293227
51293237
51293239
51293261
51293273
51293287
51293323
51293351
51293353
51293383
51293387
51293393
51293413
51293441
51293447
51293491
51293533
51293551
51293579
51293587
51293603
51293609
51293629
51293633
51293639
51293647
51293653
51293677
51293681
51293687
51293689
51293713
51293719
51293783
51293789
51293807
51293813
51293819
51293839
51293849
51293861
51293881
51293899
51293909
51293959
51293971
51293987
51293999
51294017
51294031
51294059
51294073
51294079
51294097
51294101
51294121
51294143
51294149
51294161
51294193
51294211
51294223
51294233
51294241
51294263
51294283
51294289
51294317
51294337
51294361
51294377
51294379
51294401
51294413
51294421
51294427
51294449
51294461
51294499
51294511
51294521
51294557
51294563
51294601
51294613
51294629
51294641
51294647
51294671
51294689
51294697
51294709
51294751
51294757
51294767
51294799
51294809
51294811
51294833
51294847
51294871
51294911
51294917
51294923
51294931
51294941
51294949
51294953
51295021
51295033
51295039
51295063
51295091
51295099
51295159
51295199
51295207
51295213
51295247
51295319
51295337
51295369
51295373
51295381
51295393
51295397
51295399
51295423
51295429
51295457
51295499
51295501
51295513
51295523
51295537
51295561
51295597
51295639
51295661
51295663
51295667
51295723
51295729
51295787
51295799
51295807
51295837
51295843
51295913
51295921
51295927
51295939
51295963
51295967
51296017
51296039
51296051
51296053
51296083
51296107
51296111
51296131
51296137
51296153
51296159
51296173
51296177
51296251
51296261
51296281
51296341
51296347
51296353
51296383
51296387
51296419
51296431
51296437
51296459
51296471
51296477
51296489
51296491
51296519
51296521
51296543
51296569
51296579
51296627
51296629
51296639
51296657
51296671
51296683
51296743
51296747
51296753
51296759
51296761
51296771
51296797
51296851
51296857
51296867
51296873
51296887
51296897
51296899
51296929
51296933
51296953
51296957
51296983
51296989
51297011
51297023
51297089
51297097
51297119
51297167
51297187
51297209
51297227
51297247
51297251
51297263
51297293
51297329
51297331
51297341
51297349
51297371
51297377
51297427
51297431
51297469
51297487
51297497
51297509
51297527
51297541
51297559
51297563
51297599
51297629
51297637
51297671
51297677
51297707
51297733
51297749
51297773
51297791
51297809
51297859
51297877
51297899
51297913
51297919
51297931
51297937
51297949
51297973
51297977
51297989
51298019
51298033
51298063
51298099
51298111
51298151
51298153
51298171
51298201
51298213
51298217
51298229
51298237
51298241
51298253
51298279
51298283
51298297
51298301
51298307
51298319
51298363
51298369
51298381
51298409
51298427
51298433
51298439
51298447
51298501
51298523
51298529
51298601
51298609
51298619
51298649
51298657
51298661
51298679
51298703
51298747
51298757
51298759
51298771
51298783
51298801
51298811
51298813
51298823
51298829
51298837
51298853
51298861
51298867
51298873
51298921
51298927
51298931
51298937
51298963
51298967
51299009
51299029
51299033
51299041
51299051
51299111
51299113
51299147
51299167
51299191
51299233
51299249
51299257
51299263
51299267
51299273
51299291
51299329
51299341
51299357
51299371
51299383
51299429
51299441
51299471
51299477
51299527
51299533
51299537
51299539
51299543
51299551
51299581
51299603
51299609
51299681
51299687
51299713
51299737
51299741
51299767
51299779
51299783
51299803
51299827
51299839
51299861
51299873
51299879
51299891
51299909
51299917
51299921
51299923
51299929
51299933
51299951
51299971
51299977
51300001
51300017
51300031
51300047
51300049
51300083
51300103
51300107
51300163
51300181
51300191
51300199
51300211
51300289
51300299
51300311
51300341
51300349
51300371
51300377
51300397
51300433
51300439
51300479
51300503
51300521
51300527
51300533
51300539
51300569
51300581
51300593
51300607
51300617
51300619
51300643
51300647
51300653
51300671
51300673
51300701
51300709
51300719
51300727
51300749
51300773
51300793
51300811
51300853
51300857
51300859
51300919
51300961
51300989
51301009
51301027
51301037
51301049
51301079
51301141
51301207
51301213
51301219
51301309
51301321
51301363
51301381
51301421
51301433
51301441
51301447
51301483
51301517
51301541
51301543
51301571
51301669
51301681
51301693
51301697
51301711
51301717
51301727
51301741
51301751
51301759
51301763
51301771
51301781
51301823
51301837
51301853
51301927
51301949
51301951
51301963
51301997
51302011
51302023
51302063
51302081
51302087
51302123
51302129
51302161
51302171
51302191
51302201
51302203
51302221
51302231
51302263
51302269
51302309
51302323
51302341
51302347
51302371
51302389
51302411
51302423
51302431
51302437
51302441
51302453
51302473
51302477
51302507
51302509
51302519
51302557
51302561
51302593
51302599
51302623
51302633
51302659
51302663
51302677
51302687
51302707
51302723
51302731
51302743
51302759
51302777
51302809
51302813
51302843
51302851
51302863
51302899
51302917
51302989
51303061
51303101
51303103
51303113
51303121
51303151
51303169
51303191
51303199
51303209
51303221
51303227
51303283
51303313
51303337
51303347
51303353
51303359
51303383
51303457
51303479
51303487
51303491
51303503
51303521
51303529
51303533
51303541
51303559
51303563
51303583
51303619
51303631
51303653
51303683
51303689
51303701
51303713
51303757
51303787
51303799
51303817
51303827
51303851
51303881
51303887
51303899
51303953
51303983
51304003
51304027
51304051
51304069
51304073
51304081
51304091
51304109
51304129
51304133
51304151
51304157
51304177
51304189
51304193
51304223
51304241
51304291
51304333
51304339
51304381
51304397
51304399
51304423
51304441
51304471
51304481
51304499
51304507
51304511
51304523
51304531
51304537
51304549
51304553
51304573
51304601
51304621
51304637
51304639
51304661
51304663
51304679
51304751
51304763
51304831
51304849
51304853
51304859
51304889
51304909
51304933
51304937
51304943
51304961
51305011
51305017
51305047
51305077
51305123
51305129
51305141
51305171
51305197
51305237
51305257
51305297
51305299
51305311
51305327
51305329
51305351
51305357
51305363
51305393
51305417
51305459
51305477
51305483
51305521
51305539
51305591
51305603
51305621
51305629
51305647
51305671
51305687
51305693
51305707
51305731
51305743
51305747
51305759
51305773
51305783
51305789
51305797
51305803
51305831
51305851
51305861
51305897
51305921
51305927
51305929
51305951
51305953
51305957
51305963
51305977
51306001
51306037
51306041
51306053
51306083
51306103
51306107
51306139
51306149
51306193
51306197
51306239
51306247
51306259
51306287
51306301
51306317
51306331
51306337
51306347
51306361
51306397
51306401
51306413
51306421
51306427
51306433
51306443
51306449
51306467
51306487
51306499
51306509
51306529
51306547
51306559
51306569
51306587
51306589
51306599
51306623
51306649
51306683
51306719
51306727
51306733
51306737
51306743
51306757
51306793
51306811
51306841
51306881
51306919
51306923
51306929
51306961
51306977
51306979
51306991
51307001
51307007
51307013
51307019
51307057
51307079
51307093
51307099
51307133
51307147
51307153
51307169
51307199
51307219
51307229
51307231
51307237
51307253
51307279
51307301
51307303
51307337
51307349
51307423
51307427
51307433
51307447
51307453
51307489
51307507
51307517
51307519
51307561
51307579
51307601
51307603
51307609
51307631
51307651
51307667
51307681
51307693
51307721
51307723
51307727
51307777
51307783
51307793
51307811
51307849
51307897
51307903
51307943
51307951
51307957
51307967
51307969
51307981
51308003
51308017
51308029
51308039
51308041
51308093
51308099
51308107
51308119
51308141
51308149
51308219
51308267
51308311
51308321
51308357
51308393
51308401
51308419
51308447
51308459
51308473
51308479
51308489
51308497
51308501
51308549
51308563
51308581
51308599
51308617
51308629
51308657
51308681
51308693
51308723
51308731
51308773
51308827
51308833
51308843
51308849
51308867
51308891
51308923
51308927
51308947
51308951
51308953
51308963
51308989
51308993
51309017
51309029
51309031
51309059
51309079
51309107
51309127
51309133
51309161
51309187
51309199
51309211
51309227
51309239
51309259
51309263
51309283
51309287
51309299
51309317
51309319
51309331
51309341
51309359
51309373
51309403
51309413
51309431
51309457
51309469
51309493
51309539
51309547
51309593
51309607
51309611
51309617
51309637
51309647
51309659
51309673
51309677
51309691
51309697
51309701
51309703
51309719
51309721
51309733
51309749
51309767
51309773
51309781
51309809
51309821
51309829
51309857
51309871
51309887
51309889
51309911
51309917
51309943
51309953
51309959
51309971
51309977
51310003
51310027
51310057
51310081
51310093
51310099
51310109
51310151
51310163
51310183
51310213
51310219
51310261
51310291
51310331
51310349
51310361
51310387
51310411
51310433
51310439
51310489
51310499
51310513
51310531
51310537
51310559
51310591
51310603
51310613
51310619
51310661
51310681
51310687
51310703
51310711
51310717
51310729
51310741
51310783
51310799
51310801
51310829
51310841
51310843
51310867
51310873
51310891
51310901
51310937
51310951
51310979
51311003
51311011
51311017
51311023
51311033
51311041
51311089
51311093
51311129
51311167
51311171
51311207
51311209
51311233
51311269
51311291
51311303
51311311
51311327
51311329
51311339
51311363
51311383
51311387
51311399
51311401
51311441
51311453
51311483
51311497
51311501
51311537
51311567
51311573
51311591
51311669
51311677
51311681
51311693
51311719
51311747
51311753
51311779
51311803
51311809
51311863
51311867
51311879
51311881
51311891
51311893
51311903
51311929
51311941
51311963
51311969
51311977
51311983
51311987
51311993
51312031
51312047
51312059
51312061
51312071
51312091
51312097
51312101
51312113
51312119
51312133
51312139
51312167
51312187
51312221
51312257
51312263
51312271
51312301
51312329
51312337
51312353
51312403
51312413
51312421
51312439
51312487
51312497
51312551
51312577
51312589
51312593
51312617
51312637
51312641
51312659
51312661
51312671
51312697
51312707
51312721
51312727
51312733
51312739
51312757
51312761
51312809
51312829
51312847
51312871
51312881
51312887
51312913
51312929
51312959
51312979
51312983
51313001
51313013
51313033
51313081
51313127
51313159
51313183
51313193
51313201
51313219
51313231
51313247
51313289
51313337
51313343
51313351
51313363
51313369
51313373
51313397
51313399
51313403
51313417
51313439
51313447
51313453
51313481
51313501
51313511
51313513
51313517
51313553
51313571
51313597
51313601
51313609
51313631
51313637
51313643
51313697
51313721
51313727
51313733
51313747
51313753
51313781
51313793
51313799
51313807
51313831
51313849
51313853
51313891
51313903
51313907
51313909
51313949
51313967
51313987
51313991
51314023
51314033
51314047
51314063
51314089
51314101
51314111
51314113
51314119
51314149
51314167
51314183
51314191
51314201
51314233
51314239
51314243
51314267
51314273
51314287
51314293
51314299
51314303
51314321
51314377
51314387
51314399
51314407
51314413
51314423
51314447
51314453
51314503
51314507
51314513
51314531
51314621
51314629
51314639
51314677
