50659331
50659333
50659379
50659387
50659393
50659421
50659429
50659447
50659451
50659459
50659481
50659489
50659493
50659517
50659537
50659577
50659589
50659597
50659621
50659627
50659649
50659657
50659667
50659669
50659709
50659717
50659729
50659733
50659747
50659753
50659783
50659787
50659811
50659831
50659837
50659877
50659879
50659943
50659981
50660003
50660009
50660011
50660069
50660081
50660111
50660117
50660123
50660147
50660167
50660179
50660201
50660243
50660279
50660341
50660347
50660371
50660383
50660387
50660399
50660411
50660431
50660473
50660507
50660521
50660539
50660549
50660573
50660581
50660639
50660641
50660671
50660677
50660699
50660719
50660723
50660741
50660791
50660803
50660809
50660839
50660861
50660887
50660891
50660899
50660903
50660921
50660947
50660963
50660977
50660993
50661007
50661053
50661059
50661073
50661089
50661101
50661109
50661131
50661133
50661167
50661187
50661211
50661217
50661227
50661229
50661263
50661283
50661301
50661307
50661323
50661329
50661349
50661371
50661379
50661383
50661389
50661431
50661437
50661449
50661461
50661487
50661491
50661497
50661503
50661509
50661511
50661529
50661539
50661563
50661593
50661599
50661601
50661607
50661613
50661661
50661679
50661727
50661739
50661749
50661757
50661791
50661803
50661827
50661829
50661857
50661883
50661901
50661907
50661913
50661929
50661931
50661959
50662009
50662013
50662049
50662063
50662103
50662109
50662111
50662133
50662141
50662163
50662181
50662187
50662201
50662237
50662247
50662259
50662267
50662273
50662279
50662291
50662349
50662369
50662373
50662411
50662427
50662441
50662477
50662501
50662523
50662543
50662553
50662571
50662589
50662597
50662603
50662609
50662673
50662709
50662723
50662727
50662747
50662763
50662783
50662789
50662811
50662817
50662819
50662841
50662861
50662867
50662883
50662889
50662903
50662979
50662991
50663017
50663047
50663051
50663059
50663099
50663113
50663141
50663149
50663183
50663209
50663219
50663233
50663243
50663251
50663267
50663279
50663297
50663299
50663303
50663311
50663341
50663357
50663363
50663381
50663407
50663423
50663441
50663461
50663467
50663479
50663491
50663521
50663573
50663581
50663617
50663629
50663651
50663653
50663677
50663681
50663737
50663759
50663771
50663801
50663803
50663839
50663849
50663863
50663881
50663887
50663897
50663909
50663939
50663941
50663953
50664001
50664011
50664017
50664037
50664049
50664059
50664079
50664083
50664091
50664121
50664139
50664157
50664161
50664169
50664197
50664269
50664281
50664283
50664287
50664307
50664319
50664347
50664349
50664353
50664373
50664401
50664413
50664443
50664451
50664457
50664461
50664473
50664487
50664499
50664503
50664511
50664521
50664547
50664563
50664569
50664589
50664599
50664613
50664631
50664673
50664683
50664727
50664737
50664751
50664799
50664829
50664839
50664853
50664857
50664871
50664899
50664907
50664923
50664937
50664959
50664973
50665007
50665033
50665037
50665081
50665091
50665093
50665133
50665141
50665157
50665163
50665169
50665171
50665187
50665193
50665211
50665213
50665231
50665261
50665273
50665289
50665301
50665367
50665369
50665379
50665393
50665397
50665399
50665409
50665427
50665487
50665493
50665541
50665547
50665561
50665583
50665613
50665621
50665631
50665649
50665669
50665673
50665679
50665717
50665753
50665759
50665777
50665819
50665829
50665841
50665847
50665877
50665903
50665907
50665919
50665931
50665961
50665969
50665973
50665981
50665999
50666017
50666041
50666071
50666093
50666113
50666117
50666123
50666131
50666197
50666207
50666257
50666281
50666303
50666323
50666351
50666377
50666383
50666449
50666459
50666461
50666467
50666489
50666519
50666527
50666531
50666557
50666591
50666593
50666633
50666641
50666657
50666669
50666699
50666701
50666713
50666717
50666743
50666789
50666809
50666813
50666821
50666831
50666839
50666849
50666867
50666879
50666881
50666909
50666951
50666971
50666981
50666983
50667011
50667013
50667041
50667059
50667073
50667079
50667107
50667109
50667151
50667173
50667181
50667193
50667223
50667251
50667257
50667277
50667313
50667317
50667359
50667377
50667401
50667427
50667439
50667473
50667493
50667499
50667503
50667527
50667557
50667577
50667581
50667619
50667679
50667691
50667697
50667703
50667707
50667709
50667713
50667719
50667779
50667791
50667797
50667811
50667821
50667823
50667829
50667893
50667917
50667937
50667949
50667971
50667997
50668001
50668027
50668073
50668091
50668129
50668157
50668181
50668187
50668199
50668213
50668253
50668259
50668271
50668273
50668283
50668297
50668339
50668349
50668357
50668393
50668399
50668441
50668447
50668451
50668463
50668523
50668529
50668543
50668547
50668559
50668567
50668591
50668627
50668633
50668703
50668727
50668729
50668777
50668781
50668819
50668831
50668843
50668859
50668883
50668903
50668949
50668999
50669009
50669041
50669051
50669111
50669123
50669131
50669137
50669147
50669173
50669183
50669209
50669233
50669237
50669239
50669261
50669273
50669291
50669327
50669347
50669357
50669393
50669441
50669459
50669461
50669471
50669473
50669477
50669513
50669533
50669543
50669557
50669581
50669603
50669617
50669623
50669627
50669629
50669651
50669659
50669669
50669677
50669681
50669701
50669753
50669767
50669777
50669791
50669803
50669821
50669869
50669921
50669929
50669933
50669963
50669999
50670001
50670007
50670031
50670041
50670101
50670107
50670119
50670121
50670133
50670167
50670187
50670197
50670209
50670223
50670229
50670239
50670241
50670253
50670293
50670299
50670307
50670313
50670331
50670349
50670379
50670401
50670419
50670437
50670457
50670463
50670467
50670479
50670481
50670497
50670533
50670551
50670583
50670593
50670611
50670623
50670661
50670667
50670671
50670673
50670677
50670689
50670691
50670707
50670733
50670749
50670757
50670787
50670811
50670857
50670881
50670887
50670913
50670937
50670941
50670947
50670989
50671003
50671007
50671009
50671031
50671037
50671051
50671057
50671063
50671069
50671073
50671079
50671097
50671109
50671133
50671177
50671211
50671219
50671223
50671249
50671253
50671259
50671289
50671303
50671337
50671393
50671399
50671409
50671429
50671447
50671451
50671457
50671471
50671483
50671487
50671519
50671549
50671559
50671561
50671567
50671589
50671591
50671597
50671609
50671637
50671661
50671667
50671681
50671693
50671711
50671739
50671757
50671769
50671807
50671823
50671837
50671847
50671877
50671891
50671897
50671913
50671991
50671997
50672009
50672021
50672047
50672093
50672099
50672117
50672123
50672137
50672161
50672179
50672191
50672207
50672213
50672227
50672231
50672233
50672249
50672263
50672287
50672339
50672341
50672353
50672371
50672387
50672389
50672431
50672467
50672471
50672497
50672521
50672527
50672539
50672543
50672549
50672551
50672561
50672581
50672591
50672593
50672621
50672623
50672653
50672663
50672669
50672689
50672711
50672747
50672759
50672777
50672779
50672789
50672819
50672827
50672833
50672851
50672857
50672861
50672863
50672893
50672927
50672957
50672969
50672987
50673001
50673031
50673037
50673043
50673047
50673053
50673061
50673109
50673137
50673157
50673173
50673193
50673199
50673211
50673223
50673229
50673241
50673263
50673281
50673283
50673317
50673377
50673397
50673419
50673421
50673431
50673443
50673449
50673463
50673487
50673509
50673517
50673521
50673529
50673541
50673547
50673563
50673569
50673587
50673599
50673611
50673613
50673653
50673659
50673709
50673731
50673751
50673767
50673781
50673803
50673829
50673877
50673881
50673901
50673911
50673919
50673947
50673967
50673983
50674009
50674021
50674031
50674033
50674067
50674069
50674087
50674111
50674123
50674147
50674153
50674193
50674207
50674213
50674219
50674277
50674289
50674291
50674301
50674303
50674343
50674373
50674381
50674391
50674411
50674417
50674439
50674441
50674493
50674499
50674523
50674529
50674531
50674541
50674567
50674573
50674619
50674639
50674649
50674693
50674699
50674703
50674717
50674747
50674763
50674777
50674781
50674817
50674849
50674859
50674873
50674889
50674891
50674913
50674933
50674961
50674969
50674991
50675017
50675021
50675029
50675059
50675063
50675083
50675099
50675101
50675171
50675203
50675231
50675239
50675243
50675257
50675269
50675281
50675291
50675321
50675381
50675389
50675393
50675423
50675461
50675477
50675491
50675497
50675507
50675539
50675551
50675563
50675587
50675591
50675617
50675633
50675671
50675683
50675699
50675743
50675761
50675767
50675773
50675777
50675783
50675803
50675809
50675819
50675843
50675857
50675873
50675927
50675957
50675971
50676007
50676023
50676029
50676047
50676049
50676071
50676091
50676113
50676121
50676149
50676151
50676181
50676217
50676229
50676233
50676239
50676247
50676257
50676259
50676277
50676313
50676323
50676341
50676343
50676349
50676359
50676361
50676391
50676407
50676419
50676443
50676449
50676467
50676491
50676497
50676499
50676523
50676559
50676581
50676611
50676623
50676631
50676671
50676679
50676701
50676707
50676713
50676719
50676727
50676737
50676817
50676823
50676827
50676839
50676853
50676859
50676877
50676917
50676947
50677001
50677057
50677079
50677103
50677129
50677147
50677171
50677201
50677229
50677241
50677247
50677279
50677301
50677337
50677373
50677387
50677399
50677453
50677463
50677469
50677483
50677489
50677499
50677513
50677537
50677547
50677589
50677597
50677619
50677639
50677643
50677657
50677667
50677673
50677687
50677691
50677709
50677727
50677729
50677771
50677829
50677831
50677843
50677849
50677859
50677897
50677931
50677933
50677961
50677999
50678011
50678027
50678059
50678077
50678093
50678099
50678107
50678137
50678153
50678161
50678171
50678179
50678183
50678219
50678233
50678237
50678261
50678293
50678297
50678317
50678323
50678357
50678359
50678393
50678401
50678429
50678437
50678471
50678477
50678483
50678489
50678497
50678503
50678533
50678539
50678543
50678587
50678609
50678623
50678627
50678651
50678671
50678687
50678701
50678713
50678767
50678773
50678779
50678783
50678801
50678807
50678809
50678827
50678851
50678857
50678869
50678891
50678899
50678933
50678941
50678951
50678963
50678977
50678981
50679007
50679029
50679047
50679067
50679103
50679119
50679121
50679127
50679133
50679149
50679163
50679169
50679173
50679179
50679191
50679197
50679217
50679229
50679247
50679259
50679263
50679313
50679319
50679347
50679353
50679361
50679371
50679401
50679427
50679449
50679469
50679481
50679487
50679491
50679521
50679523
50679569
50679589
50679623
50679647
50679653
50679667
50679683
50679689
50679701
50679719
50679721
50679743
50679767
50679779
50679781
50679799
50679803
50679851
50679887
50679901
50679911
50679919
50679931
50679943
50679949
50679961
50679989
50680033
50680037
50680039
50680057
50680079
50680103
50680117
50680127
50680129
50680151
50680183
50680193
50680237
50680291
50680307
50680367
50680369
50680379
50680397
50680411
50680423
50680453
50680459
50680471
50680499
50680517
50680537
50680549
50680559
50680571
50680573
50680577
50680589
50680601
50680607
50680627
50680681
50680687
50680727
50680741
50680759
50680769
50680781
50680793
50680801
50680829
50680831
50680837
50680849
50680901
50680909
50680913
50680919
50680933
50680943
50680969
50680991
50681003
50681021
50681023
50681027
50681039
50681051
50681077
50681117
50681119
50681123
50681129
50681143
50681153
50681161
50681173
50681201
50681203
50681209
50681251
50681261
50681263
50681297
50681321
50681329
50681353
50681363
50681387
50681429
50681467
50681479
50681503
50681537
50681597
50681633
50681671
50681677
50681689
50681693
50681707
50681711
50681723
50681737
50681803
50681809
50681831
50681837
50681843
50681849
50681861
50681867
50681887
50681921
50681923
50681951
50681959
50681963
50681977
50681999
50682011
50682043
50682089
50682091
50682097
50682127
50682157
50682223
50682263
50682299
50682347
50682407
50682419
50682431
50682433
50682439
50682461
50682479
50682587
50682589
50682607
50682623
50682629
50682631
50682703
50682719
50682727
50682733
50682743
50682757
50682761
50682769
50682803
50682811
50682817
50682839
50682851
50682889
50682913
50682917
50682943
50682953
50682959
50682977
50683063
50683091
50683121
50683123
50683133
50683141
50683163
50683169
50683177
50683181
50683207
50683231
50683277
50683309
50683327
50683333
50683349
50683351
50683363
50683403
50683411
50683417
50683441
50683463
50683471
50683483
50683489
50683499
50683553
50683571
50683573
50683597
50683643
50683649
50683657
50683669
50683733
50683739
50683751
50683753
50683757
50683771
50683781
50683823
50683873
50683877
50683903
50683933
50683939
50683961
50683991
50683993
50684017
50684047
50684063
50684087
50684113
50684129
50684167
50684171
50684177
50684209
50684233
50684261
50684269
50684279
50684281
50684297
50684311
50684353
50684369
50684423
50684441
50684477
50684503
50684539
50684551
50684563
50684567
50684581
50684639
50684653
50684671
50684677
50684707
50684719
50684737
50684743
50684749
50684759
50684773
50684791
50684797
50684827
50684833
50684873
50684923
50684929
50684947
50684957
50684987
50685049
50685053
50685091
50685121
50685139
50685149
50685157
50685163
50685199
50685221
50685247
50685251
50685259
50685281
50685289
50685343
50685379
50685391
50685419
50685421
50685431
50685443
50685457
50685469
50685473
50685487
50685493
50685529
50685563
50685581
50685601
50685617
50685631
50685637
50685641
50685643
50685683
50685709
50685727
50685731
50685743
50685757
50685769
50685773
50685781
50685809
50685821
50685839
50685883
50685907
50685911
50685913
50685917
50685919
50685923
50685953
50685979
50685983
50685989
50686001
50686021
50686039
50686063
50686067
50686093
50686117
50686151
50686157
50686169
50686183
50686193
50686201
50686213
50686241
50686249
50686253
50686289
50686297
50686331
50686381
50686399
50686409
50686439
50686481
50686511
50686541
50686543
50686553
50686561
50686567
50686591
50686607
50686613
50686663
50686667
50686679
50686681
50686703
50686711
50686739
50686759
50686763
50686771
50686787
50686789
50686793
50686799
50686837
50686847
50686861
50686897
50686901
50686903
50686939
50686943
50686957
50686967
50686973
50687017
50687051
50687069
50687083
50687107
50687141
50687173
50687177
50687179
50687209
50687233
50687237
50687249
50687257
50687297
50687303
50687311
50687317
50687321
50687327
50687333
50687341
50687363
50687381
50687407
50687467
50687473
50687491
50687513
50687531
50687543
50687551
50687579
50687587
50687597
50687627
50687629
50687633
50687701
50687717
50687729
50687731
50687753
50687773
50687797
50687803
50687809
50687869
50687873
50687881
50687893
50687909
50687941
50687977
50687993
50688019
50688023
50688073
50688083
50688097
50688103
50688119
50688149
50688151
50688173
50688191
50688199
50688221
50688229
50688233
50688263
50688269
50688283
50688289
50688293
50688331
50688383
50688397
50688427
50688457
50688479
50688487
50688497
50688541
50688551
50688553
50688559
50688571
50688593
50688601
50688629
50688641
50688661
50688667
50688727
50688733
50688739
50688763
50688797
50688823
50688857
50688871
50688893
50688899
50688929
50688943
50688947
50688949
50688973
50688977
50689031
50689043
50689049
50689057
50689099
50689127
50689139
50689141
50689183
50689213
50689237
50689241
50689259
50689277
50689279
50689307
50689333
50689337
50689351
50689369
50689391
50689403
50689409
50689417
50689421
50689439
50689451
50689459
50689487
50689501
50689523
50689531
50689537
50689559
50689591
50689603
50689607
50689627
50689633
50689649
50689657
50689679
50689711
50689729
50689753
50689759
50689763
50689799
50689823
50689901
50689913
50689927
50689931
50689939
50689957
50689979
50689987
50689993
50690021
50690033
50690041
50690051
50690083
50690089
50690093
50690117
50690131
50690147
50690149
50690153
50690161
50690179
50690191
50690197
50690221
50690281
50690293
50690303
50690323
50690351
50690359
50690371
50690383
50690389
50690401
50690417
50690443
50690467
50690477
50690483
50690491
50690513
50690527
50690531
50690533
50690539
50690561
50690569
50690603
50690621
50690639
50690657
50690671
50690699
50690701
50690707
50690711
50690741
50690743
50690749
50690767
50690771
50690779
50690791
50690813
50690819
50690833
50690867
50690909
50690933
50690951
50690953
50690963
50690977
50690987
50691001
50691019
50691029
50691049
50691077
50691083
50691139
50691187
50691197
50691227
50691253
50691269
50691271
50691283
50691299
50691301
50691307
50691317
50691359
50691371
50691383
50691401
50691437
50691481
50691497
50691523
50691527
50691551
50691587
50691607
50691617
50691631
50691659
50691673
50691721
50691761
50691821
50691827
50691833
50691847
50691853
50691863
50691871
50691881
50691889
50691899
50691911
50691917
50691937
50691947
50691967
50691989
50692007
50692027
50692039
50692043
50692073
50692093
50692111
50692121
50692123
50692129
50692157
50692163
50692199
50692217
50692219
50692231
50692307
50692309
50692321
50692337
50692339
50692357
50692363
50692373
50692381
50692393
50692417
50692423
50692429
50692459
50692469
50692501
50692507
50692517
50692559
50692561
50692643
50692679
50692693
50692711
50692717
50692721
50692723
50692729
50692787
50692813
50692819
50692823
50692847
50692867
50692871
50692907
50692913
50692919
50692921
50692951
50692991
50693021
50693033
50693039
50693047
50693051
50693053
50693057
50693059
50693089
50693101
50693113
50693129
50693141
50693143
50693263
50693287
50693299
50693309
50693333
50693341
50693347
50693353
50693359
50693369
50693381
50693411
50693417
50693429
50693453
50693471
50693491
50693509
50693521
50693527
50693543
50693549
50693551
50693557
50693561
50693563
50693581
50693593
50693641
50693647
50693651
50693659
50693681
50693693
50693707
50693719
50693723
50693743
50693807
50693809
50693831
50693837
50693869
50693879
50693891
50693893
50693911
50693939
50693941
50693953
50694011
50694013
50694029
50694037
50694079
50694089
50694097
50694101
50694103
50694131
50694167
50694191
50694197
50694199
50694211
50694229
50694239
50694253
50694257
50694283
50694307
50694313
50694317
50694361
50694373
50694389
50694421
50694439
50694473
50694541
50694547
50694557
50694559
50694563
50694569
50694577
50694583
50694587
50694593
50694619
50694671
50694673
50694689
50694713
50694733
50694739
50694751
50694757
50694817
50694841
50694881
50694883
50694887
50694911
50694937
50694949
50694953
50694961
50694991
50694997
50695009
50695019
50695027
50695033
50695039
50695061
50695063
50695067
50695123
50695133
50695159
50695181
50695213
50695231
50695273
50695283
50695339
50695357
50695367
50695373
50695387
50695397
50695429
50695433
50695459
50695499
50695517
50695523
50695543
50695577
50695621
50695651
50695669
50695681
50695727
50695759
50695763
50695769
50695787
50695811
50695817
50695823
50695849
50695859
50695871
50695877
50695901
50695919
50695949
50695951
50695961
50695969
50695991
50695993
50695999
50696021
50696027
50696069
50696081
50696099
50696167
50696171
50696197
50696203
50696231
50696251
50696299
50696309
50696323
50696339
50696341
50696369
50696411
50696419
50696449
50696467
50696473
50696521
50696537
50696539
50696543
50696573
50696599
50696603
50696609
50696621
50696629
50696651
50696677
50696683
50696743
50696773
50696797
50696809
50696813
50696827
50696831
50696837
50696857
50696861
50696897
50696927
50696983
50696999
50697007
50697071
50697079
50697089
50697103
50697109
50697137
50697167
50697169
50697173
50697211
50697217
50697233
50697277
50697287
50697293
50697319
50697323
50697329
50697347
50697373
50697389
50697391
50697407
50697419
50697421
50697457
50697463
50697467
50697509
50697523
50697533
50697541
50697593
50697599
50697613
50697629
50697637
50697641
50697653
50697667
50697671
50697683
50697701
50697709
50697737
50697749
50697767
50697781
50697799
50697821
50697827
50697841
50697847
50697851
50697883
50697931
50697949
50697973
50698001
50698009
50698031
50698033
50698057
50698069
50698073
50698079
50698111
50698121
50698129
50698139
50698201
50698211
50698223
50698229
50698231
50698243
50698261
50698313
50698337
50698343
50698363
50698367
50698387
50698391
50698393
50698397
50698421
50698429
50698457
50698489
50698507
50698511
50698537
50698553
50698577
50698589
50698619
50698639
50698649
50698657
50698663
50698679
50698691
50698717
50698723
50698727
50698729
50698787
50698789
50698829
50698883
50698891
50698903
50698927
50698933
50698937
50698943
50698979
50698987
50699009
50699017
50699023
50699027
50699053
50699059
50699063
50699069
50699081
50699137
50699177
50699191
50699203
50699249
50699251
50699261
50699267
50699293
50699339
50699347
50699351
50699359
50699377
50699387
50699399
50699413
50699431
50699437
50699443
50699447
50699483
50699501
50699533
50699549
50699557
50699591
50699603
50699611
50699629
50699639
50699681
50699707
50699717
50699813
50699819
50699851
50699867
50699921
50699941
50699947
50699977
50699983
50699989
50699993
50700011
50700019
50700061
50700071
50700077
50700079
50700107
50700121
50700127
50700157
50700161
50700163
50700187
50700193
50700197
50700203
50700217
50700229
50700233
50700241
50700259
50700281
50700317
50700337
50700343
50700347
50700359
50700361
50700373
50700401
50700437
50700449
50700457
50700479
50700499
50700509
50700527
50700539
50700547
50700563
50700581
50700583
50700599
50700649
50700659
50700691
50700707
50700737
50700781
50700847
50700899
50700931
50700959
50700967
50700971
50700983
50701009
50701043
50701069
50701073
50701081
50701087
50701099
50701103
50701117
50701121
50701129
50701153
50701163
50701169
50701181
50701279
50701289
50701303
50701319
50701349
50701363
50701369
50701373
50701381
50701393
50701447
50701457
50701471
50701477
50701559
50701561
50701583
50701603
50701643
50701649
50701669
50701691
50701711
50701727
50701733
50701751
50701753
50701759
50701811
50701813
50701841
50701873
50701879
50701891
50701909
50701921
50701943
50701967
50701969
50701991
50701993
50702017
50702027
50702053
50702107
50702111
50702123
50702131
50702137
50702147
50702209
50702213
50702219
50702231
50702233
50702257
50702269
50702273
50702297
50702339
50702341
50702359
50702387
50702389
50702401
50702413
50702429
50702441
50702447
50702473
50702489
50702501
50702521
50702539
50702569
50702573
50702581
50702611
50702623
50702627
50702671
50702683
50702713
50702723
50702731
50702747
50702777
50702783
50702803
50702809
50702819
50702831
50702851
50702863
50702867
50702893
50702917
50702921
50702923
50702969
50702983
50703041
50703047
50703067
50703113
50703131
50703167
50703187
50703193
50703221
50703239
50703241
50703251
50703277
50703319
50703329
50703337
50703377
50703403
50703413
50703437
50703451
50703461
50703463
50703473
50703481
50703487
50703509
50703539
50703547
50703551
50703557
50703559
50703589
50703613
50703617
50703623
50703637
50703641
50703671
50703677
50703713
50703721
50703781
50703797
50703823
50703827
50703841
50703847
50703853
50703883
50703893
50703901
50703907
50703931
50703967
50703971
50703973
50703997
50704001
50704063
50704067
50704091
50704099
50704163
50704169
50704177
50704201
50704219
50704243
50704271
50704273
50704289
50704307
50704337
50704361
50704391
50704403
50704453
50704463
50704469
50704477
50704487
50704513
50704543
50704547
50704553
50704571
50704601
50704609
50704631
50704639
50704657
50704691
50704699
50704723
50704739
50704757
50704769
50704781
50704799
50704831
50704859
50704861
50704867
50704883
50704891
50704909
50704919
50704921
50704937
50704967
50704993
50705009
50705027
50705063
50705093
50705099
50705107
50705111
50705113
50705117
50705141
50705173
50705177
50705183
50705197
50705201
50705209
50705219
50705231
50705251
50705257
50705261
50705279
50705287
50705293
50705309
50705321
50705327
50705351
50705359
50705377
50705387
50705401
50705419
50705423
50705449
50705453
50705467
50705477
50705483
50705497
50705507
50705531
50705537
50705549
50705563
50705569
50705587
50705609
50705617
50705663
50705689
50705771
50705773
50705783
50705791
50705803
50705887
50705899
50705929
50705933
50705983
50706011
50706023
50706077
50706083
50706109
50706143
50706157
50706197
50706199
50706209
50706241
50706247
50706281
50706289
50706349
50706361
50706379
50706389
50706431
50706449
50706493
50706499
50706511
50706517
50706521
50706527
50706569
50706571
50706581
50706599
50706619
50706629
50706647
50706679
50706683
50706707
50706713
50706727
50706751
50706787
50706811
50706823
50706827
50706833
50706863
50706907
50706913
50706919
50706923
50706947
50706967
50706977
50707001
50707009
50707021
50707049
50707093
50707099
50707117
50707121
50707183
50707199
50707207
50707211
50707229
50707231
50707247
50707303
50707357
50707361
50707369
50707381
50707441
50707451
50707471
50707477
50707513
50707519
50707541
50707567
50707577
50707627
50707633
50707639
50707669
50707681
50707687
50707711
50707759
50707807
50707819
50707823
50707837
50707841
50707843
50707849
50707859
50707883
50707907
50707931
50707961
50707981
50708003
50708029
50708039
50708069
50708071
50708083
50708089
50708101
50708117
50708143
50708149
50708171
50708183
50708279
50708299
50708311
50708323
50708351
50708369
50708387
50708419
50708423
50708429
50708447
50708453
50708459
50708503
50708509
50708521
50708543
50708557
50708561
50708563
50708621
50708657
50708681
50708689
50708717
50708737
50708741
50708747
50708753
50708761
50708783
50708821
50708837
50708887
50708899
50708989
50709059
50709091
50709097
50709103
50709107
50709133
50709161
50709167
50709173
50709187
50709221
50709223
50709229
50709259
50709289
50709299
50709301
50709311
50709353
50709359
50709367
50709403
50709413
50709433
50709437
50709467
50709469
50709473
50709481
50709511
50709517
50709551
50709577
50709629
50709643
50709649
50709653
50709667
50709677
50709683
50709697
50709731
50709739
50709749
50709751
50709787
50709829
50709839
50709847
50709889
50709899
50709913
50709931
50709947
50709949
50709959
50709983
50710003
50710013
50710019
50710027
50710043
50710057
50710061
50710097
50710111
50710123
50710157
50710159
50710217
50710229
50710267
50710277
50710291
50710301
50710307
50710367
50710369
50710381
50710393
50710409
50710421
50710433
50710477
50710483
50710489
50710501
50710519
50710537
50710571
50710619
50710633
50710663
50710669
50710679
50710739
50710769
50710789
50710801
50710817
50710841
50710859
50710901
50710931
50710939
50710963
50710993
50710997
50711039
50711047
50711083
50711117
50711179
50711183
50711189
50711197
50711203
50711239
50711249
50711273
50711281
50711333
50711341
50711347
50711351
50711359
50711371
50711411
50711413
50711467
50711483
50711489
50711519
50711569
50711579
50711597
50711641
50711653
50711657
50711669
50711671
50711681
50711699
50711707
50711723
50711743
50711747
50711777
50711813
50711819
50711839
50711861
50711879
50711887
50711897
50711911
50711977
50711993
50712017
50712023
50712029
50712031
50712041
50712047
50712059
50712061
50712073
50712119
50712127
50712131
50712133
50712161
50712169
50712199
50712229
50712239
50712251
50712257
50712269
50712287
50712307
50712317
50712323
50712341
50712353
50712371
50712433
50712439
50712457
50712499
50712509
50712511
50712517
50712521
50712583
50712587
50712611
50712659
50712661
50712689
50712703
50712713
50712719
50712721
50712749
50712773
50712787
50712791
50712811
50712817
50712847
50712863
50712889
50712901
50712911
50712929
50712943
50712947
50712973
50712979
50713031
50713067
50713087
50713097
50713133
50713151
50713163
50713189
50713219
50713253
50713277
50713279
50713301
50713307
50713309
50713361
50713379
50713441
50713447
50713457
50713463
50713471
50713477
50713483
50713511
50713519
50713529
50713543
50713549
50713561
50713571
50713583
50713591
50713651
50713657
50713661
50713673
50713687
50713697
50713709
50713711
50713723
50713769
50713787
50713807
50713823
50713829
50713849
50713877
50713879
50713889
50713909
50713921
50713931
50713961
50713967
50713973
50713979
50714003
50714023
50714039
50714117
50714123
50714143
50714189
50714227
50714239
50714267
50714291
50714303
50714311
50714327
50714347
50714351
50714371
50714381
50714387
50714441
50714467
50714473
50714479
50714497
50714509
50714527
50714537
50714557
50714561
50714579
50714593
50714617
50714623
50714639
50714641
50714647
50714659
50714681
50714687
50714711
50714717
50714737
50714749
50714767
50714771
50714789
50714809
50714821
50714861
50714887
50714891
50714903
50714921
50714953
50714969
50714987
50715019
50715031
50715053
50715059
50715109
50715143
50715169
50715173
50715179
50715187
50715227
50715251
50715257
50715277
50715283
50715293
50715307
50715311
50715337
50715347
50715373
50715421
50715439
50715443
50715451
50715481
50715487
50715499
50715517
50715523
50715547
50715557
50715563
50715593
50715601
50715611
50715661
50715677
50715689
50715697
50715701
50715719
50715727
50715767
50715787
50715793
50715817
50715823
50715839
50715853
50715857
50715887
50715953
50715971
50715979
50716007
50716009
50716013
50716021
50716037
50716079
50716087
50716091
50716109
50716153
50716163
50716229
50716231
50716261
50716291
50716313
50716327
50716333
50716349
50716373
50716417
50716427
50716429
50716451
50716469
50716481
50716483
50716493
50716553
50716571
50716573
50716583
50716597
50716691
50716693
50716697
50716709
50716717
50716747
50716753
50716759
50716811
50716819
50716843
50716889
50716903
50716907
50716921
50716943
50716951
50716957
50716979
50716993
50717033
50717053
50717083
50717111
50717141
50717159
50717179
50717189
50717203
50717207
50717221
50717257
50717297
50717309
50717351
50717353
50717363
50717377
50717383
50717393
50717411
50717419
50717497
50717503
50717539
50717543
50717551
50717561
50717573
50717587
50717603
50717609
50717621
50717627
50717633
50717651
50717659
50717687
50717717
50717753
50717759
50717791
50717803
50717819
50717827
50717881
50717899
50717917
50717969
50717977
50717999
50718043
50718047
50718053
50718097
50718121
50718131
50718167
50718203
50718223
50718247
50718251
50718253
50718257
50718301
50718307
50718319
50718329
50718337
50718407
50718439
50718461
50718491
50718523
50718529
50718559
50718587
50718607
50718623
50718631
50718641
50718643
50718653
50718671
50718677
50718719
50718751
50718791
50718793
50718839
50718853
50718901
50718911
50718989
50719043
50719051
50719061
50719073
50719079
50719087
50719093
50719111
50719147
50719183
50719213
50719219
50719223
50719237
50719247
50719261
50719283
50719297
50719307
50719327
50719349
50719351
50719367
50719397
50719399
50719411
50719447
50719519
50719567
50719573
50719633
50719667
50719679
50719693
50719699
50719703
50719709
50719717
50719769
50719783
50719793
50719841
50719913
50719957
50719961
50719973
50719979
50719997
50720011
50720023
50720029
50720041
50720053
50720069
50720093
50720113
50720119
50720141
50720143
50720149
50720161
50720171
50720179
50720183
50720203
50720227
50720237
50720251
50720269
50720279
50720357
50720413
50720419
50720429
50720437
50720459
50720489
50720491
50720533
50720539
50720561
50720569
50720573
50720591
50720617
50720647
50720687
50720689
50720699
50720701
50720713
50720717
50720723
50720729
50720753
50720759
50720771
50720777
50720783
50720801
50720807
50720837
50720869
50720881
50720897
50720927
50720953
50720963
50720983
50720993
50721007
50721019
50721023
50721031
50721091
50721109
50721113
50721157
50721161
50721169
50721197
50721221
50721227
50721247
50721257
50721259
50721269
50721277
50721283
50721289
50721299
50721313
50721323
50721331
50721347
50721361
50721379
50721389
50721403
50721409
50721443
50721457
50721481
50721491
50721547
50721571
50721581
50721589
50721599
50721631
50721637
50721653
50721661
50721677
50721679
50721701
50721707
50721721
50721743
50721757
50721767
50721791
50721821
50721889
50721893
50721907
50721929
50721943
50721947
50721953
50721967
50721997
50722027
50722037
50722081
50722093
50722097
50722103
50722117
50722121
50722157
50722159
50722193
50722211
50722249
50722261
50722277
50722279
50722303
50722349
50722369
50722393
50722411
50722433
50722459
50722481
50722487
50722489
50722493
50722519
50722531
50722549
50722559
50722619
50722627
50722631
50722673
50722691
50722697
50722709
50722733
50722753
50722783
50722787
50722801
50722811
50722817
50722879
50722901
50722921
50722927
50722957
50722963
50722979
50722993
50722999
50723003
50723021
50723047
50723063
50723093
50723107
50723111
50723129
50723131
50723137
50723149
50723159
50723201
50723203
50723207
50723213
50723219
50723237
50723249
50723251
50723261
50723287
50723329
50723333
50723353
50723381
50723383
50723389
50723443
50723459
50723473
50723479
50723501
50723507
50723509
50723527
50723537
50723549
50723551
50723557
50723567
50723587
50723599
50723611
50723627
50723641
50723653
50723663
50723677
50723723
50723731
50723747
50723753
50723759
50723791
50723797
50723819
50723821
50723899
50723909
50723941
50723957
50723969
50723989
50723999
50724013
50724017
50724041
50724043
50724059
50724097
50724109
50724199
50724211
50724217
50724239
50724251
50724263
50724287
50724337
50724343
50724353
50724389
50724397
50724403
50724409
50724419
50724449
50724473
50724491
50724497
50724529
50724533
50724539
50724577
50724593
50724629
50724631
50724673
50724677
50724679
50724691
50724761
50724767
50724769
50724781
50724823
50724827
50724833
50724859
