53084179
53084189
53084237
53084257
53084267
53084281
53084341
53084351
53084371
53084377
53084389
53084399
53084441
53084443
53084453
53084459
53084477
53084491
53084497
53084509
53084533
53084539
53084561
53084599
53084639
53084653
53084671
53084687
53084723
53084771
53084789
53084807
53084827
53084869
53084909
53084923
53084929
53084939
53084963
53085001
53085017
53085061
53085079
53085083
53085139
53085163
53085181
53085233
53085257
53085281
53085293
53085313
53085353
53085359
53085371
53085379
53085397
53085413
53085451
53085463
53085467
53085469
53085497
53085503
53085517
53085553
53085559
53085581
53085623
53085647
53085653
53085667
53085727
53085743
53085749
53085751
53085757
53085763
53085797
53085811
53085821
53085841
53085911
53085941
53085947
53085959
53085961
53085971
53085973
53085997
53086027
53086039
53086049
53086051
53086067
53086073
53086079
53086109
53086141
53086169
53086193
53086207
53086213
53086217
53086237
53086259
53086283
53086289
53086301
53086321
53086333
53086351
53086367
53086373
53086391
53086421
53086433
53086457
53086459
53086469
53086471
53086493
53086511
53086543
53086573
53086577
53086591
53086603
53086643
53086651
53086669
53086687
53086697
53086727
53086753
53086769
53086777
53086799
53086807
53086853
53086861
53086871
53086877
53086927
53086933
53086939
53086949
53087011
53087029
53087051
53087053
53087057
53087071
53087093
53087137
53087147
53087149
53087171
53087189
53087201
53087207
53087213
53087231
53087233
53087257
53087269
53087303
53087329
53087347
53087369
53087399
53087417
53087423
53087449
53087459
53087477
53087479
53087491
53087527
53087533
53087537
53087557
53087569
53087591
53087597
53087599
53087621
53087627
53087681
53087689
53087701
53087707
53087731
53087747
53087759
53087773
53087807
53087833
53087851
53087857
53087869
53087897
53087899
53087917
53087939
53087981
53087987
53088001
53088017
53088019
53088029
53088041
53088073
53088083
53088149
53088169
53088173
53088181
53088193
53088221
53088251
53088271
53088281
53088289
53088293
53088311
53088349
53088401
53088403
53088407
53088419
53088437
53088443
53088463
53088479
53088491
53088509
53088517
53088533
53088547
53088587
53088601
53088619
53088631
53088649
53088691
53088697
53088701
53088713
53088719
53088757
53088787
53088797
53088823
53088829
53088859
53088863
53088883
53088887
53088911
53088913
53088923
53088947
53088953
53088979
53089009
53089039
53089051
53089063
53089067
53089087
53089103
53089121
53089139
53089159
53089189
53089229
53089237
53089241
53089247
53089271
53089297
53089303
53089307
53089319
53089349
53089357
53089369
53089381
53089397
53089417
53089423
53089433
53089447
53089471
53089481
53089489
53089507
53089523
53089529
53089559
53089609
53089613
53089679
53089717
53089723
53089733
53089769
53089823
53089843
53089847
53089849
53089859
53089873
53089891
53089901
53089903
53089909
53089913
53089919
53089973
53089979
53089987
53090017
53090027
53090033
53090071
53090087
53090111
53090113
53090117
53090159
53090207
53090231
53090243
53090249
53090263
53090267
53090281
53090287
53090299
53090309
53090333
53090341
53090381
53090393
53090399
53090407
53090419
53090437
53090441
53090467
53090489
53090497
53090519
53090539
53090573
53090591
53090623
53090627
53090641
53090659
53090663
53090689
53090729
53090749
53090773
53090809
53090833
53090839
53090861
53090887
53090899
53090971
53090977
53090981
53090993
53091007
53091013
53091029
53091037
53091043
53091053
53091067
53091089
53091113
53091139
53091151
53091161
53091163
53091169
53091179
53091191
53091211
53091223
53091271
53091293
53091329
53091349
53091361
53091413
53091419
53091427
53091439
53091443
53091469
53091481
53091497
53091503
53091517
53091523
53091557
53091583
53091587
53091593
53091641
53091667
53091677
53091691
53091733
53091737
53091763
53091767
53091769
53091803
53091817
53091821
53091827
53091839
53091847
53091851
53091853
53091869
53091911
53091919
53091949
53091967
53091979
53091989
53092019
53092043
53092049
53092087
53092121
53092129
53092133
53092147
53092157
53092163
53092183
53092189
53092199
53092201
53092267
53092279
53092337
53092339
53092363
53092381
53092397
53092399
53092409
53092427
53092439
53092463
53092471
53092493
53092511
53092519
53092531
53092561
53092601
53092619
53092639
53092643
53092667
53092679
53092691
53092727
53092729
53092757
53092769
53092777
53092811
53092829
53092841
53092873
53092927
53092931
53092933
53092943
53092951
53092969
53092981
53092999
53093009
53093017
53093041
53093063
53093071
53093083
53093093
53093123
53093129
53093143
53093147
53093149
53093167
53093179
53093189
53093197
53093203
53093207
53093213
53093219
53093233
53093263
53093267
53093291
53093311
53093317
53093321
53093419
53093423
53093437
53093441
53093459
53093473
53093479
53093489
53093497
53093539
53093561
53093627
53093633
53093639
53093641
53093659
53093699
53093701
53093713
53093743
53093753
53093759
53093773
53093783
53093813
53093819
53093857
53093869
53093881
53093897
53093899
53093933
53093947
53093951
53094007
53094011
53094031
53094047
53094079
53094091
53094101
53094127
53094137
53094163
53094203
53094229
53094253
53094263
53094269
53094313
53094319
53094323
53094329
53094343
53094397
53094403
53094407
53094421
53094449
53094473
53094491
53094521
53094523
53094527
53094533
53094539
53094541
53094611
53094623
53094653
53094673
53094677
53094697
53094707
53094709
53094719
53094733
53094751
53094773
53094829
53094857
53094869
53094901
53094917
53094929
53094931
53094941
53094947
53094967
53094973
53095001
53095013
53095019
53095039
53095057
53095061
53095093
53095117
53095151
53095169
53095187
53095213
53095279
53095303
53095313
53095327
53095351
53095373
53095381
53095387
53095417
53095421
53095447
53095499
53095501
53095541
53095543
53095547
53095561
53095579
53095589
53095619
53095621
53095639
53095657
53095667
53095687
53095699
53095727
53095729
53095739
53095769
53095817
53095831
53095837
53095883
53095907
53095909
53095919
53095951
53095969
53095997
53096011
53096023
53096053
53096059
53096081
53096119
53096159
53096171
53096201
53096207
53096209
53096231
53096237
53096257
53096261
53096293
53096297
53096333
53096339
53096341
53096347
53096359
53096363
53096371
53096387
53096429
53096437
53096441
53096447
53096467
53096473
53096497
53096501
53096543
53096551
53096567
53096573
53096587
53096633
53096639
53096647
53096669
53096683
53096713
53096731
53096741
53096753
53096783
53096801
53096833
53096837
53096863
53096867
53096881
53096891
53096909
53096947
53096951
53096977
53096983
53096993
53097029
53097047
53097053
53097059
53097071
53097073
53097101
53097113
53097119
53097127
53097151
53097181
53097197
53097211
53097223
53097259
53097269
53097277
53097283
53097287
53097323
53097329
53097371
53097377
53097391
53097437
53097449
53097461
53097481
53097487
53097493
53097503
53097523
53097529
53097589
53097601
53097623
53097631
53097643
53097659
53097689
53097697
53097721
53097743
53097757
53097763
53097767
53097769
53097773
53097833
53097841
53097857
53097887
53097917
53097929
53097949
53097959
53098037
53098061
53098063
53098079
53098081
53098117
53098147
53098169
53098183
53098187
53098223
53098231
53098261
53098267
53098271
53098313
53098351
53098363
53098387
53098393
53098399
53098411
53098471
53098477
53098519
53098523
53098541
53098543
53098547
53098561
53098571
53098627
53098631
53098637
53098657
53098693
53098709
53098723
53098763
53098777
53098781
53098817
53098873
53098891
53098897
53098921
53098943
53098949
53098957
53098963
53098967
53098987
53098993
53099009
53099021
53099047
53099051
53099093
53099099
53099117
53099119
53099131
53099149
53099171
53099173
53099191
53099197
53099201
53099209
53099227
53099239
53099257
53099317
53099327
53099339
53099359
53099383
53099393
53099401
53099407
53099411
53099413
53099461
53099507
53099513
53099531
53099533
53099537
53099561
53099567
53099569
53099581
53099591
53099597
53099611
53099681
53099723
53099729
53099731
53099741
53099743
53099747
53099759
53099777
53099779
53099791
53099819
53099861
53099863
53099873
53099887
53099903
53099909
53099953
53099987
53100007
53100017
53100023
53100053
53100071
53100107
53100109
53100133
53100149
53100161
53100167
53100181
53100199
53100209
53100221
53100239
53100259
53100263
53100277
53100293
53100301
53100319
53100323
53100349
53100361
53100379
53100391
53100431
53100449
53100461
53100473
53100511
53100527
53100533
53100547
53100557
53100581
53100589
53100601
53100637
53100659
53100667
53100679
53100701
53100703
53100709
53100757
53100779
53100791
53100797
53100833
53100889
53100899
53100907
53100913
53100937
53100941
53100973
53100989
53101021
53101033
53101039
53101079
53101091
53101123
53101129
53101133
53101141
53101187
53101199
53101229
53101241
53101249
53101261
53101267
53101313
53101331
53101369
53101379
53101381
53101463
53101469
53101471
53101487
53101507
53101511
53101513
53101553
53101577
53101579
53101589
53101613
53101619
53101649
53101661
53101669
53101673
53101691
53101703
53101709
53101723
53101739
53101747
53101793
53101799
53101817
53101859
53101877
53101891
53101901
53101907
53101913
53101921
53101943
53101957
53101969
53101981
53102003
53102041
53102051
53102053
53102059
53102081
53102099
53102149
53102173
53102209
53102221
53102233
53102263
53102279
53102297
53102327
53102333
53102341
53102353
53102369
53102381
53102461
53102471
53102477
53102501
53102519
53102531
53102551
53102563
53102579
53102591
53102603
53102639
53102657
53102671
53102689
53102719
53102743
53102759
53102761
53102771
53102789
53102813
53102821
53102843
53102897
53102899
53102909
53102957
53102963
53102971
53102983
53102993
53103013
53103023
53103049
53103109
53103133
53103163
53103199
53103229
53103283
53103289
53103299
53103311
53103319
53103331
53103353
53103397
53103419
53103433
53103439
53103493
53103503
53103511
53103551
53103623
53103671
53103691
53103697
53103707
53103709
53103737
53103761
53103763
53103773
53103781
53103793
53103797
53103821
53103833
53103859
53103871
53103887
53103889
53103913
53103929
53103931
53103949
53103983
53103989
53103997
53104013
53104027
53104043
53104057
53104067
53104087
53104091
53104169
53104187
53104193
53104211
53104231
53104241
53104273
53104283
53104301
53104339
53104349
53104369
53104391
53104417
53104453
53104459
53104483
53104489
53104531
53104537
53104547
53104567
53104589
53104603
53104633
53104693
53104703
53104721
53104741
53104757
53104759
53104801
53104813
53104817
53104837
53104847
53104853
53104873
53104903
53104913
53104939
53104949
53104973
53104979
53105011
53105029
53105033
53105047
53105051
53105053
53105069
53105111
53105123
53105131
53105147
53105153
53105179
53105189
53105191
53105203
53105207
53105243
53105257
53105281
53105287
53105333
53105357
53105363
53105389
53105411
53105453
53105477
53105483
53105489
53105509
53105579
53105587
53105599
53105621
53105623
53105659
53105669
53105707
53105713
53105729
53105743
53105753
53105761
53105777
53105791
53105809
53105837
53105863
53105869
53105887
53105951
53105953
53105963
53105993
53106017
53106019
53106041
53106043
53106061
53106071
53106089
53106107
53106127
53106169
53106187
53106191
53106199
53106281
53106299
53106307
53106323
53106341
53106343
53106377
53106401
53106409
53106413
53106421
53106437
53106457
53106461
53106481
53106523
53106553
53106593
53106601
53106611
53106629
53106631
53106643
53106649
53106659
53106707
53106719
53106721
53106727
53106731
53106733
53106749
53106769
53106797
53106829
53106847
53106857
53106883
53106887
53106899
53106913
53106941
53106953
53106959
53106967
53106971
53106979
53106983
53107003
53107049
53107079
53107111
53107121
53107127
53107151
53107157
53107181
53107189
53107267
53107273
53107277
53107289
53107297
53107339
53107343
53107387
53107399
53107421
53107441
53107477
53107499
53107501
53107553
53107577
53107583
53107589
53107601
53107687
53107699
53107739
53107763
53107781
53107807
53107811
53107819
53107823
53107871
53107877
53107891
53107927
53107937
53107963
53107969
53107981
53107993
53108009
53108023
53108087
53108093
53108101
53108117
53108129
53108137
53108149
53108183
53108189
53108191
53108197
53108257
53108269
53108281
53108299
53108327
53108329
53108351
53108359
53108371
53108381
53108387
53108399
53108443
53108453
53108501
53108509
53108519
53108521
53108557
53108563
53108593
53108609
53108621
53108623
53108651
53108687
53108711
53108717
53108723
53108747
53108807
53108813
53108821
53108843
53108873
53108879
53108893
53108917
53108927
53108941
53108959
53109029
53109031
53109053
53109073
53109079
53109083
53109109
53109151
53109157
53109163
53109167
53109181
53109187
53109197
53109211
53109239
53109247
53109253
53109299
53109361
53109373
53109379
53109401
53109403
53109439
53109481
53109517
53109521
53109523
53109533
53109559
53109583
53109587
53109607
53109611
53109619
53109647
53109653
53109659
53109677
53109703
53109779
53109809
53109827
53109857
53109899
53109937
53109977
53109983
53110019
53110021
53110027
53110051
53110061
53110063
53110069
53110087
53110103
53110121
53110147
53110157
53110171
53110181
53110229
53110231
53110247
53110249
53110259
53110271
53110273
53110279
53110283
53110307
53110333
53110361
53110391
53110411
53110417
53110441
53110451
53110459
53110487
53110501
53110537
53110543
53110573
53110579
53110583
53110591
53110597
53110613
53110691
53110709
53110711
53110727
53110741
53110747
53110753
53110789
53110793
53110807
53110829
53110877
53110879
53110903
53110921
53110943
53110961
53110969
53110991
53110999
53111027
53111143
53111159
53111161
53111171
53111189
53111203
53111237
53111249
53111257
53111287
53111291
53111293
53111323
53111351
53111371
53111389
53111423
53111437
53111453
53111467
53111489
53111491
53111501
53111507
53111521
53111549
53111563
53111573
53111581
53111599
53111633
53111657
53111677
53111701
53111717
53111719
53111797
53111803
53111809
53111813
53111819
53111827
53111881
53111887
53111939
53111951
53111957
53111969
53111987
53112013
53112041
53112067
53112071
53112089
53112107
53112109
53112113
53112121
53112161
53112187
53112193
53112197
53112203
53112217
53112229
53112251
53112299
53112329
53112337
53112341
53112349
53112361
53112379
53112383
53112407
53112431
53112457
53112461
53112463
53112469
53112481
53112511
53112529
53112533
53112541
53112551
53112593
53112617
53112637
53112643
53112677
53112691
53112713
53112721
53112737
53112739
53112749
53112781
53112791
53112793
53112799
53112817
53112841
53112881
53112887
53112907
53112929
53112931
53112937
53112959
53112979
53113001
53113009
53113057
53113063
53113087
53113097
53113129
53113139
53113147
53113169
53113171
53113217
53113237
53113259
53113271
53113273
53113301
53113309
53113339
53113349
53113351
53113369
53113373
53113399
53113421
53113499
53113519
53113523
53113547
53113591
53113597
53113637
53113649
53113651
53113657
53113663
53113679
53113733
53113769
53113771
53113789
53113799
53113811
53113817
53113829
53113861
53113867
53113871
53113889
53113891
53113903
53113937
53113979
53114021
53114023
53114029
53114071
53114077
53114111
53114123
53114251
53114267
53114293
53114297
53114309
53114323
53114333
53114353
53114419
53114423
53114431
53114437
53114459
53114483
53114507
53114539
53114543
53114561
53114569
53114597
53114599
53114651
53114657
53114669
53114701
53114707
53114723
53114729
53114753
53114759
53114767
53114773
53114777
53114791
53114807
53114813
53114821
53114833
53114837
53114879
53114881
53114903
53114909
53114911
53114923
53114959
53114977
53114989
53115031
53115043
53115047
53115053
53115067
53115071
53115077
53115107
53115113
53115137
53115151
53115221
53115229
53115233
53115247
53115263
53115287
53115299
53115301
53115329
53115331
53115367
53115383
53115397
53115409
53115427
53115437
53115451
53115473
53115481
53115511
53115527
53115547
53115553
53115563
53115577
53115607
53115619
53115631
53115649
53115661
53115691
53115703
53115709
53115737
53115847
53115877
53115883
53115893
53115899
53115913
53115929
53115941
53115943
53115949
53115961
53115983
53115991
53116013
53116031
53116043
53116067
53116073
53116093
53116103
53116117
53116121
53116181
53116199
53116207
53116241
53116243
53116247
53116249
53116253
53116291
53116303
53116337
53116367
53116373
53116387
53116409
53116417
53116433
53116447
53116451
53116477
53116493
53116529
53116541
53116549
53116573
53116577
53116601
53116621
53116633
53116643
53116649
53116673
53116691
53116699
53116703
53116717
53116747
53116769
53116781
53116807
53116829
53116831
53116841
53116849
53116879
53116883
53116897
53116901
53116937
53116939
53116957
53116961
53116967
53117021
53117023
53117041
53117087
53117101
53117107
53117111
53117161
53117173
53117177
53117201
53117219
53117227
53117257
53117347
53117371
53117381
53117387
53117411
53117417
53117423
53117431
53117453
53117461
53117489
53117497
53117507
53117543
53117549
53117551
53117569
53117573
53117579
53117609
53117611
53117621
53117627
53117629
53117633
53117651
53117657
53117693
53117761
53117767
53117789
53117791
53117851
53117881
53117921
53117947
53117957
53117969
53117993
53118019
53118041
53118059
53118101
53118103
53118119
53118127
53118139
53118157
53118161
53118173
53118181
53118187
53118209
53118229
53118239
53118253
53118259
53118269
53118313
53118323
53118341
53118361
53118383
53118389
53118391
53118397
53118451
53118463
53118491
53118497
53118503
53118511
53118539
53118553
53118563
53118587
53118607
53118647
53118677
53118679
53118683
53118697
53118719
53118733
53118743
53118757
53118763
53118781
53118839
53118853
53118887
53118907
53118911
53118913
53118943
53118953
53118971
53118979
53118991
53119009
53119021
53119063
53119081
53119103
53119109
53119127
53119133
53119159
53119181
53119189
53119219
53119229
53119249
53119273
53119301
53119327
53119331
53119333
53119343
53119357
53119361
53119403
53119433
53119463
53119481
53119483
53119487
53119501
53119511
53119513
53119553
53119571
53119601
53119609
53119639
53119669
53119697
53119721
53119741
53119783
53119789
53119799
53119813
53119853
53119867
53119889
53119897
53119931
53119933
53119961
53119981
53119987
53119993
53120003
53120009
53120017
53120027
53120033
53120099
53120117
53120173
53120191
53120209
53120231
53120251
53120303
53120323
53120339
53120357
53120377
53120381
53120383
53120399
53120449
53120503
53120513
53120519
53120537
53120539
53120549
53120623
53120633
53120653
53120659
53120677
53120689
53120719
53120737
53120759
53120803
53120831
53120839
53120891
53120917
53120923
53120927
53120959
53120981
53120989
53121001
53121031
53121037
53121043
53121049
53121059
53121071
53121077
53121091
53121109
53121143
53121161
53121203
53121217
53121221
53121227
53121251
53121319
53121337
53121353
53121361
53121391
53121427
53121457
53121463
53121479
53121503
53121521
53121539
53121557
53121581
53121623
53121637
53121659
53121661
53121671
53121689
53121709
53121721
53121749
53121767
53121793
53121799
53121829
53121833
53121839
53121857
53121869
53121907
53121917
53121919
53121949
53121977
53121979
53121983
53122021
53122031
53122051
53122057
53122087
53122099
53122109
53122117
53122133
53122141
53122151
53122177
53122211
53122217
53122219
53122247
53122259
53122261
53122327
53122339
53122373
53122379
53122411
53122427
53122451
53122463
53122469
53122471
53122477
53122493
53122529
53122583
53122607
53122609
53122621
53122627
53122631
53122661
53122669
53122687
53122711
53122717
53122721
53122753
53122789
53122793
53122799
53122813
53122829
53122873
53122877
53122891
53122897
53122919
53122961
53122969
53123023
53123029
53123087
53123093
53123101
53123111
53123129
53123141
53123153
53123171
53123197
53123219
53123227
53123233
53123263
53123269
53123281
53123309
53123327
53123347
53123377
53123381
53123393
53123401
53123431
53123459
53123501
53123561
53123593
53123597
53123599
53123641
53123663
53123671
53123689
53123713
53123723
53123747
53123773
53123803
53123809
53123839
53123843
53123849
53123857
53123881
53123887
53123921
53123923
53123927
53123957
53123977
53124023
53124047
53124059
53124061
53124077
53124083
53124101
53124121
53124191
53124251
53124263
53124277
53124287
53124289
53124293
53124301
53124329
53124349
53124389
53124403
53124469
53124499
53124517
53124527
53124553
53124557
53124569
53124571
53124581
53124593
53124611
53124623
53124671
53124679
53124683
53124689
53124691
53124713
53124719
53124739
53124749
53124761
53124763
53124791
53124829
53124833
53124853
53124913
53124919
53124977
53124991
53124997
53125001
53125069
53125073
53125097
53125099
53125117
53125139
53125151
53125157
53125199
53125201
53125207
53125213
53125223
53125277
53125279
53125283
53125291
53125297
53125301
53125309
53125321
53125333
53125337
53125379
53125399
53125403
53125409
53125421
53125427
53125433
53125447
53125487
53125507
53125517
53125519
53125529
53125543
53125591
53125601
53125603
53125621
53125669
53125687
53125703
53125717
53125733
53125739
53125741
53125757
53125771
53125777
53125781
53125811
53125829
53125859
53125861
53125879
53125903
53125913
53125931
53125949
53125951
53125973
53125979
53125987
53126011
53126063
53126081
53126111
53126123
53126149
53126167
53126189
53126197
53126233
53126239
53126257
53126279
53126291
53126317
53126321
53126327
53126341
53126351
53126363
53126383
53126393
53126401
53126449
53126477
53126501
53126533
53126537
53126539
53126551
53126599
53126621
53126627
53126639
53126651
53126659
53126701
53126713
53126719
53126747
53126761
53126807
53126813
53126833
53126861
53126867
53126893
53126903
53126923
53126933
53126951
53126977
53127001
53127013
53127049
53127121
53127127
53127131
53127167
53127169
53127203
53127251
53127257
53127259
53127281
53127299
53127311
53127323
53127331
53127377
53127407
53127419
53127433
53127457
53127469
53127527
53127541
53127563
53127587
53127593
53127611
53127617
53127643
53127649
53127691
53127733
53127751
53127779
53127787
53127793
53127821
53127829
53127847
53127853
53127859
53127863
53127881
53127883
53127917
53127929
53127931
53127959
53127973
53127983
53127989
53128039
53128063
53128067
53128069
53128073
53128109
53128139
53128147
53128157
53128181
53128241
53128259
53128277
53128279
53128289
53128297
53128301
53128357
53128363
53128393
53128399
53128403
53128409
53128447
53128457
53128477
53128487
53128489
53128507
53128511
53128529
53128561
53128567
53128577
53128589
53128591
53128601
53128627
53128651
53128657
53128681
53128697
53128711
53128717
53128721
53128741
53128771
53128793
53128849
53128853
53128903
53128909
53128913
53128963
53128967
53128979
53128981
53128993
53129033
53129051
53129059
53129093
53129117
53129119
53129143
53129147
53129171
53129177
53129179
53129201
53129203
53129207
53129221
53129249
53129261
53129269
53129273
53129281
53129291
53129309
53129341
53129347
53129387
53129393
53129407
53129413
53129423
53129497
53129507
53129551
53129579
53129591
53129621
53129623
53129627
53129651
53129663
53129717
53129723
53129731
53129759
53129767
53129771
53129773
53129807
53129819
53129873
53129893
53129917
53129927
53129933
53129953
53129959
53129969
53129971
53130019
53130029
53130037
53130041
53130053
53130067
53130071
53130073
53130089
53130131
53130157
53130169
53130173
53130191
53130193
53130199
53130247
53130269
53130277
53130281
53130317
53130347
53130359
53130361
53130377
53130379
53130401
53130421
53130443
53130449
53130461
53130481
53130509
53130521
53130533
53130563
53130599
53130611
53130643
53130647
53130659
53130673
53130677
53130689
53130731
53130733
53130761
53130767
53130769
53130773
53130809
53130823
53130827
53130829
53130863
53130881
53130887
53130911
53130919
53130937
53130941
53130971
53130983
53131003
53131019
53131027
53131031
53131033
53131037
53131063
53131073
53131109
53131123
53131129
53131139
53131193
53131231
53131237
53131259
53131261
53131271
53131279
53131289
53131321
53131327
53131349
53131363
53131423
53131433
53131453
53131457
53131471
53131483
53131553
53131571
53131577
53131591
53131597
53131609
53131621
53131627
53131651
53131669
53131693
53131709
53131717
53131747
53131763
53131769
53131781
53131787
53131831
53131853
53131873
53131877
53131879
53131901
53131913
53131921
53131937
53131957
53131993
53132011
53132039
53132071
53132077
53132081
53132083
53132087
53132119
53132143
53132179
53132221
53132237
53132251
53132257
53132347
53132381
53132383
53132413
53132449
53132459
53132467
53132473
53132479
53132489
53132503
53132537
53132549
53132551
53132557
53132561
53132567
53132581
53132591
53132593
53132603
53132617
53132663
53132671
53132711
53132719
53132741
53132743
53132747
53132753
53132771
53132773
53132819
53132839
53132857
53132867
53132869
53132881
53132897
53132917
53132923
53132927
53132941
53132957
53133037
53133043
53133049
53133053
53133061
53133071
53133127
53133137
53133181
53133187
53133203
53133229
53133259
53133281
53133293
53133319
53133323
53133331
53133383
53133389
53133403
53133407
53133413
53133419
53133439
53133463
53133503
53133523
53133527
53133559
53133589
53133601
53133607
53133629
53133643
53133649
53133673
53133679
53133737
53133757
53133761
53133791
53133793
53133797
53133799
53133803
53133917
53133919
53133929
53133947
53134021
53134063
53134079
53134097
53134139
53134187
53134201
53134219
53134229
53134243
53134247
53134253
53134259
53134261
53134267
53134271
53134273
53134297
53134307
53134309
53134313
53134321
53134327
53134337
53134349
53134357
53134363
53134379
53134391
53134423
53134429
53134451
53134457
53134463
53134489
53134559
53134561
53134591
53134597
53134603
53134607
53134649
53134657
53134667
53134687
53134703
53134723
53134727
53134733
53134777
53134789
53134813
53134817
53134841
53134859
53134867
53134871
53134883
53134967
53134999
53135003
53135009
53135029
53135059
53135101
53135107
53135111
53135119
53135123
53135141
53135171
53135177
53135179
53135207
53135249
53135261
53135273
53135281
53135297
53135317
53135323
53135363
53135371
53135399
53135413
53135443
53135449
53135471
53135473
53135483
53135501
53135507
53135527
53135531
53135539
53135561
53135567
53135603
53135629
53135633
53135639
53135701
53135707
53135711
53135717
53135729
53135741
53135749
53135777
53135779
53135791
53135809
53135833
53135851
53135869
53135923
53135939
53135963
53135969
53135977
53135983
53135987
53136001
53136011
53136023
53136047
53136059
53136071
53136073
53136113
53136119
53136143
53136151
53136163
53136191
53136199
53136211
53136221
53136229
53136247
53136253
53136283
53136289
53136299
53136311
53136313
53136319
53136337
53136379
53136389
53136397
53136437
53136443
53136469
53136541
53136547
53136557
53136563
53136583
53136593
53136599
53136607
53136617
53136619
53136623
53136637
53136659
53136703
53136719
53136731
53136751
53136767
53136791
53136803
53136833
53136893
53136913
53136947
53136959
53136971
53136973
53136983
53136989
53137003
53137027
53137031
53137033
53137079
53137081
53137093
53137103
53137127
53137159
53137169
53137171
53137177
53137219
53137237
53137241
53137261
53137267
53137277
53137289
53137297
53137303
53137321
53137333
53137349
53137397
53137421
53137457
53137477
53137489
53137507
53137519
53137549
53137571
53137573
53137619
53137621
53137639
53137687
53137727
53137729
53137753
53137757
53137769
53137783
53137787
53137807
53137811
53137829
53137841
53137873
53137879
53137907
53137913
53137921
53137933
53137949
53137961
53137963
53137967
53137969
53137979
53137993
53138017
53138021
53138069
53138077
53138081
53138089
53138101
53138131
53138143
53138147
53138159
53138167
53138201
53138219
53138227
53138279
53138287
53138299
53138321
53138329
53138387
53138399
53138431
53138467
53138471
53138479
53138483
53138521
53138531
53138551
53138587
53138593
53138597
53138621
53138629
53138663
53138677
53138693
53138713
53138737
53138777
53138779
53138783
53138803
53138857
53138861
53138879
53138903
53138909
53138951
53138983
53139017
53139061
53139077
53139101
53139137
53139139
53139167
53139209
53139217
53139227
53139253
53139259
53139299
53139329
53139343
53139347
53139367
53139379
53139389
53139431
53139439
53139481
53139491
53139521
53139533
53139553
53139557
53139613
53139617
53139631
53139689
53139703
53139763
53139791
53139809
53139817
53139833
53139851
53139871
53139893
53139907
53139923
53139929
53139937
53140001
53140013
53140027
53140049
53140057
53140063
53140091
53140099
53140111
53140121
53140133
53140187
53140193
53140253
53140271
53140273
53140279
53140289
53140331
53140337
53140343
53140369
53140391
53140411
53140429
53140459
53140463
53140471
53140517
53140537
53140559
53140579
53140613
53140627
53140631
53140639
53140669
53140679
53140697
53140709
53140721
53140723
53140729
53140757
53140837
53140859
53140877
53140883
53140897
53140907
53140909
53140931
53140939
53140957
53140979
53140981
53140987
53140993
53141041
53141051
53141083
53141087
53141089
53141107
53141111
53141129
53141141
53141147
53141173
53141177
53141189
53141197
53141239
53141273
53141321
53141323
53141327
53141377
53141383
53141399
53141401
53141467
53141489
53141513
53141521
53141531
53141549
53141551
53141573
53141579
53141629
53141681
53141701
53141743
53141771
53141773
53141783
53141789
53141791
53141801
53141807
53141821
53141849
53141861
53141873
53141887
53141897
53141903
53141911
53141929
53141951
53142049
53142073
53142083
53142097
53142113
53142127
53142149
53142169
53142209
53142211
53142227
53142233
53142241
53142253
53142263
53142283
53142301
53142311
53142317
53142319
53142337
53142347
53142359
53142361
53142371
53142379
53142389
53142433
53142491
53142511
53142547
53142599
53142611
53142631
53142637
53142641
53142647
53142653
53142667
53142679
53142689
53142709
53142763
53142779
53142781
53142823
53142839
53142851
53142863
53142899
53142911
53142919
53142931
53142937
53142979
53142983
53143009
53143031
53143033
53143039
53143061
53143067
53143073
53143117
53143147
53143169
53143183
53143187
53143193
53143201
53143213
53143217
53143219
53143243
53143249
53143273
53143297
53143303
53143319
53143333
53143367
53143403
53143423
53143439
53143463
53143469
53143481
53143499
53143543
53143553
53143567
53143637
53143679
53143691
53143763
53143771
53143841
53143843
53143873
53143891
53143897
53143903
53143919
53143939
53143943
53143963
53143967
53143973
53144017
53144033
53144041
53144059
53144111
53144123
53144131
53144141
53144167
53144171
53144177
53144183
53144207
53144209
53144251
53144291
53144317
53144341
53144353
53144381
53144383
53144393
53144401
53144407
53144411
53144417
53144449
53144453
53144471
53144477
53144479
53144489
53144519
53144527
53144537
53144551
53144557
53144573
53144579
53144587
53144599
53144621
53144647
53144681
53144719
53144723
53144731
53144747
53144753
53144759
53144761
53144779
53144783
53144797
53144809
53144813
53144831
53144891
53144893
53144929
53144933
53144951
53144953
53144977
53144981
53144989
53145011
53145031
53145049
53145073
53145083
53145101
53145107
53145181
53145187
53145217
53145251
53145263
53145269
53145277
53145289
53145293
53145311
53145319
53145329
53145331
53145343
53145347
53145361
53145373
53145397
53145409
53145437
53145503
53145517
53145577
53145581
53145593
53145601
53145613
53145619
53145623
53145629
53145649
53145667
53145683
53145707
53145731
53145737
53145751
53145839
53145853
53145863
53145871
53145877
53145887
53145923
53145929
53145943
53145947
53145959
53145977
53145991
53146013
53146019
53146057
53146073
53146087
53146103
53146109
53146133
53146139
53146141
53146147
53146153
53146193
53146207
53146213
53146231
53146243
53146259
53146277
53146283
53146297
53146337
53146349
53146421
53146427
53146441
53146447
53146453
53146501
53146507
53146517
53146523
53146543
53146559
53146571
53146627
53146631
53146633
53146649
53146673
53146693
53146703
53146727
53146729
53146733
53146747
53146771
53146823
53146843
53146861
53146889
53146901
53146903
53146909
53146931
53146939
53146943
53146949
53146963
53146987
53146999
53147021
53147027
53147033
53147063
53147071
53147131
53147179
53147197
53147203
53147209
53147231
53147239
53147261
53147267
53147293
53147309
53147317
53147323
53147333
53147371
53147383
53147387
53147399
53147407
53147443
53147447
53147449
53147467
53147477
53147537
53147539
53147543
53147551
53147569
53147587
53147597
53147599
53147657
53147659
53147663
53147669
53147701
53147753
53147777
53147789
53147791
53147819
53147821
53147827
53147833
53147867
53147881
53147891
53147909
53147953
53147987
53148031
53148037
53148071
53148079
53148089
53148091
53148107
53148113
53148127
53148181
53148197
53148209
53148217
53148223
53148247
53148281
53148283
53148287
53148367
53148373
53148379
53148401
53148427
53148461
53148463
53148467
53148521
53148547
53148551
53148617
53148631
53148637
53148649
53148661
53148691
53148703
53148707
53148709
53148713
53148743
53148763
53148769
53148841
53148847
53148853
53148857
53148863
53148913
53148917
53148923
53148943
53148959
53148971
53149007
53149039
53149043
53149049
53149087
53149091
53149093
53149111
53149121
53149127
53149139
53149177
53149181
53149193
53149223
53149241
53149249
53149267
53149273
53149303
53149309
53149319
53149351
53149357
53149363
53149387
53149471
53149487
53149493
53149507
53149511
53149519
53149529
53149543
53149549
53149567
53149583
53149609
53149637
53149651
53149673
