50462729
50462743
50462747
50462767
50462777
50462801
50462807
50462809
50462821
50462831
50462861
50462869
50462927
50462941
50462969
50462999
50463011
50463013
50463041
50463047
50463053
50463059
50463073
50463109
50463139
50463151
50463163
50463167
50463197
50463199
50463223
50463229
50463239
50463241
50463247
50463263
50463269
50463313
50463317
50463331
50463359
50463397
50463401
50463431
50463433
50463437
50463481
50463493
50463499
50463503
50463527
50463551
50463557
50463607
50463613
50463617
50463619
50463631
50463641
50463709
50463719
50463731
50463737
50463757
50463761
50463773
50463779
50463781
50463823
50463827
50463851
50463869
50463883
50463901
50463911
50463913
50463949
50463961
50463971
50463977
50463991
50463997
50464013
50464027
50464033
50464061
50464079
50464081
50464103
50464123
50464151
50464163
50464201
50464223
50464259
50464307
50464387
50464391
50464397
50464433
50464441
50464451
50464459
50464523
50464537
50464567
50464571
50464651
50464663
50464679
50464697
50464717
50464723
50464759
50464763
50464769
50464787
50464811
50464837
50464853
50464859
50464867
50464877
50464927
50464949
50464951
50464961
50464991
50465029
50465033
50465039
50465053
50465057
50465087
50465099
50465111
50465113
50465141
50465143
50465189
50465203
50465221
50465227
50465267
50465287
50465297
50465323
50465329
50465341
50465347
50465377
50465407
50465419
50465431
50465453
50465477
50465491
50465509
50465533
50465549
50465573
50465579
50465603
50465621
50465647
50465663
50465671
50465677
50465683
50465689
50465693
50465719
50465773
50465791
50465797
50465813
50465819
50465837
50465851
50465869
50465873
50465879
50465893
50465903
50465917
50465951
50465953
50465969
50465981
50465993
50465999
50466001
50466011
50466023
50466029
50466037
50466043
50466107
50466167
50466193
50466197
50466263
50466277
50466289
50466307
50466329
50466359
50466373
50466379
50466397
50466431
50466463
50466469
50466473
50466487
50466491
50466509
50466529
50466539
50466607
50466617
50466629
50466643
50466671
50466683
50466697
50466709
50466721
50466733
50466737
50466743
50466751
50466781
50466799
50466803
50466811
50466839
50466847
50466881
50466883
50466893
50466917
50466937
50466943
50466953
50466959
50466979
50467031
50467051
50467057
50467099
50467103
50467111
50467121
50467127
50467139
50467159
50467171
50467189
50467201
50467213
50467247
50467253
50467259
50467283
50467301
50467303
50467369
50467379
50467381
50467399
50467409
50467421
50467427
50467447
50467457
50467471
50467481
50467489
50467507
50467523
50467537
50467561
50467583
50467603
50467609
50467621
50467633
50467643
50467661
50467663
50467699
50467751
50467759
50467771
50467777
50467789
50467811
50467829
50467867
50467871
50467877
50467903
50467927
50467961
50467987
50467997
50467999
50468017
50468023
50468071
50468081
50468101
50468113
50468129
50468153
50468179
50468183
50468213
50468261
50468263
50468287
50468303
50468309
50468311
50468321
50468329
50468339
50468347
50468357
50468401
50468419
50468437
50468447
50468449
50468491
50468501
50468507
50468519
50468521
50468531
50468573
50468591
50468599
50468609
50468611
50468633
50468641
50468669
50468681
50468687
50468689
50468707
50468711
50468813
50468819
50468843
50468849
50468857
50468861
50468893
50468933
50468939
50468941
50468953
50468981
50469017
50469031
50469037
50469043
50469047
50469049
50469053
50469079
50469101
50469109
50469113
50469121
50469127
50469151
50469161
50469163
50469169
50469173
50469179
50469203
50469227
50469241
50469247
50469257
50469259
50469269
50469283
50469313
50469317
50469343
50469347
50469389
50469407
50469421
50469547
50469553
50469563
50469589
50469593
50469607
50469611
50469641
50469697
50469701
50469707
50469733
50469737
50469763
50469781
50469799
50469803
50469817
50469851
50469857
50469863
50469877
50469899
50469907
50469911
50469919
50469931
50469941
50469959
50469967
50469989
50470009
50470037
50470039
50470087
50470111
50470117
50470141
50470153
50470157
50470163
50470187
50470219
50470223
50470243
50470247
50470249
50470253
50470271
50470291
50470307
50470313
50470337
50470367
50470369
50470373
50470393
50470439
50470451
50470507
50470523
50470559
50470571
50470577
50470601
50470613
50470657
50470703
50470727
50470753
50470757
50470781
50470799
50470801
50470867
50470879
50470891
50470957
50470961
50471017
50471053
50471059
50471077
50471081
50471089
50471101
50471117
50471119
50471129
50471149
50471153
50471159
50471173
50471191
50471227
50471233
50471243
50471263
50471321
50471327
50471329
50471341
50471359
50471389
50471413
50471431
50471437
50471471
50471507
50471527
50471567
50471573
50471593
50471621
50471639
50471647
50471653
50471677
50471711
50471713
50471747
50471753
50471783
50471791
50471831
50471849
50471857
50471881
50471917
50471947
50471951
50471969
50472001
50472017
50472029
50472041
50472043
50472049
50472053
50472077
50472083
50472091
50472101
50472109
50472119
50472139
50472161
50472179
50472187
50472197
50472223
50472277
50472283
50472299
50472311
50472343
50472347
50472349
50472391
50472413
50472421
50472449
50472463
50472469
50472491
50472503
50472509
50472571
50472601
50472613
50472647
50472659
50472661
50472679
50472691
50472727
50472757
50472791
50472811
50472823
50472839
50472869
50472899
50472901
50472931
50472943
50472953
50472959
50472979
50472997
50473061
50473097
50473103
50473127
50473133
50473141
50473183
50473211
50473219
50473237
50473243
50473249
50473259
50473279
50473307
50473309
50473321
50473343
50473361
50473387
50473417
50473433
50473447
50473453
50473457
50473471
50473531
50473547
50473559
50473589
50473603
50473607
50473637
50473651
50473679
50473681
50473699
50473727
50473751
50473757
50473771
50473781
50473789
50473793
50473831
50473837
50473849
50473889
50473897
50473903
50473909
50473963
50474009
50474027
50474041
50474057
50474069
50474077
50474093
50474117
50474159
50474189
50474191
50474201
50474243
50474251
50474257
50474261
50474329
50474339
50474341
50474357
50474363
50474371
50474387
50474399
50474449
50474453
50474467
50474483
50474491
50474509
50474527
50474537
50474573
50474579
50474591
50474597
50474617
50474657
50474713
50474737
50474747
50474779
50474797
50474821
50474833
50474839
50474843
50474861
50474863
50474867
50474869
50474909
50474911
50474923
50474933
50474939
50474951
50474969
50474971
50474981
50474987
50475011
50475013
50475043
50475049
50475071
50475101
50475137
50475151
50475157
50475169
50475181
50475197
50475199
50475203
50475221
50475241
50475247
50475263
50475277
50475301
50475307
50475311
50475353
50475361
50475367
50475377
50475401
50475427
50475443
50475449
50475463
50475497
50475517
50475527
50475541
50475553
50475559
50475569
50475617
50475619
50475641
50475653
50475671
50475683
50475709
50475713
50475757
50475773
50475779
50475787
50475811
50475847
50475877
50475883
50475889
50475899
50475911
50475949
50475973
50475977
50476001
50476021
50476039
50476051
50476057
50476061
50476081
50476123
50476133
50476147
50476171
50476183
50476199
50476229
50476241
50476253
50476267
50476271
50476301
50476303
50476313
50476333
50476343
50476411
50476427
50476441
50476457
50476469
50476471
50476493
50476499
50476583
50476603
50476607
50476609
50476619
50476631
50476639
50476681
50476687
50476693
50476703
50476709
50476721
50476739
50476759
50476771
50476793
50476807
50476817
50476819
50476823
50476841
50476847
50476889
50476903
50476967
50477003
50477017
50477033
50477057
50477071
50477093
50477101
50477117
50477123
50477149
50477153
50477171
50477173
50477183
50477221
50477261
50477279
50477291
50477321
50477333
50477347
50477377
50477381
50477407
50477431
50477443
50477447
50477473
50477491
50477501
50477527
50477533
50477549
50477569
50477591
50477597
50477621
50477629
50477633
50477653
50477659
50477681
50477701
50477723
50477729
50477789
50477803
50477809
50477849
50477887
50477899
50477909
50477957
50477963
50477969
50477993
50478007
50478059
50478073
50478097
50478133
50478139
50478143
50478149
50478167
50478191
50478209
50478221
50478229
50478247
50478319
50478349
50478377
50478401
50478409
50478413
50478433
50478469
50478499
50478511
50478523
50478553
50478557
50478577
50478581
50478599
50478607
50478613
50478643
50478653
50478679
50478683
50478739
50478761
50478773
50478787
50478793
50478809
50478811
50478829
50478853
50478863
50478871
50478887
50478889
50478907
50478917
50478959
50478973
50478977
50478979
50479003
50479027
50479049
50479097
50479123
50479127
50479133
50479139
50479141
50479153
50479201
50479213
50479237
50479309
50479321
50479327
50479337
50479357
50479361
50479381
50479393
50479399
50479417
50479423
50479453
50479469
50479519
50479531
50479537
50479543
50479553
50479577
50479601
50479603
50479607
50479631
50479661
50479669
50479679
50479697
50479717
50479727
50479769
50479771
50479777
50479787
50479799
50479801
50479813
50479829
50479861
50479883
50479889
50479931
50479939
50479993
50480029
50480041
50480047
50480051
50480063
50480081
50480083
50480119
50480137
50480153
50480159
50480161
50480179
50480231
50480233
50480249
50480257
50480263
50480299
50480347
50480363
50480371
50480393
50480399
50480401
50480411
50480461
50480467
50480477
50480513
50480569
50480579
50480627
50480629
50480641
50480657
50480671
50480707
50480713
50480737
50480761
50480767
50480783
50480789
50480797
50480819
50480821
50480831
50480861
50480873
50480879
50480897
50480933
50480957
50480971
50481017
50481019
50481029
50481059
50481073
50481121
50481161
50481173
50481187
50481191
50481229
50481239
50481241
50481247
50481289
50481293
50481317
50481323
50481383
50481397
50481407
50481427
50481439
50481463
50481479
50481511
50481523
50481569
50481581
50481593
50481631
50481703
50481751
50481773
50481787
50481797
50481839
50481853
50481863
50481877
50481889
50481911
50481913
50481967
50481971
50481983
50481989
50482009
50482037
50482049
50482057
50482063
50482067
50482073
50482099
50482109
50482139
50482141
50482147
50482189
50482199
50482213
50482247
50482261
50482273
50482337
50482339
50482361
50482381
50482427
50482429
50482433
50482451
50482459
50482489
50482499
50482507
50482513
50482547
50482577
50482609
50482613
50482661
50482667
50482687
50482697
50482699
50482709
50482711
50482717
50482721
50482739
50482771
50482781
50482799
50482811
50482813
50482853
50482889
50482897
50482909
50482919
50482967
50483003
50483009
50483011
50483033
50483039
50483071
50483087
50483101
50483107
50483119
50483141
50483143
50483197
50483231
50483233
50483239
50483243
50483273
50483309
50483317
50483357
50483393
50483431
50483467
50483471
50483473
50483479
50483483
50483497
50483501
50483509
50483533
50483561
50483569
50483579
50483581
50483603
50483663
50483681
50483701
50483707
50483723
50483729
50483753
50483773
50483801
50483803
50483813
50483861
50483887
50483891
50483921
50483959
50483963
50483987
50484017
50484019
50484029
50484043
50484047
50484059
50484061
50484073
50484127
50484139
50484163
50484167
50484173
50484191
50484199
50484221
50484227
50484229
50484233
50484253
50484263
50484277
50484281
50484293
50484307
50484347
50484359
50484367
50484377
50484403
50484409
50484457
50484481
50484487
50484491
50484503
50484529
50484557
50484569
50484587
50484593
50484607
50484617
50484619
50484631
50484689
50484703
50484719
50484727
50484739
50484743
50484751
50484757
50484787
50484799
50484803
50484827
50484851
50484859
50484869
50484877
50484893
50484923
50484937
50484949
50484953
50484961
50484971
50484979
50484989
50484997
50485009
50485031
50485051
50485067
50485079
50485091
50485117
50485129
50485157
50485181
50485213
50485231
50485241
50485249
50485301
50485307
50485313
50485321
50485333
50485343
50485361
50485363
50485381
50485399
50485411
50485423
50485429
50485441
50485447
50485469
50485507
50485511
50485531
50485537
50485541
50485571
50485573
50485583
50485601
50485691
50485727
50485739
50485751
50485789
50485817
50485837
50485847
50485861
50485867
50485891
50485901
50485931
50485957
50485973
50485987
50485993
50486003
50486017
50486053
50486063
50486069
50486083
50486087
50486089
50486099
50486113
50486119
50486147
50486159
50486201
50486239
50486251
50486279
50486299
50486323
50486353
50486393
50486453
50486461
50486473
50486503
50486521
50486543
50486563
50486573
50486627
50486641
50486701
50486707
50486731
50486747
50486749
50486783
50486809
50486861
50486869
50486881
50486927
50486951
50486983
50487013
50487049
50487053
50487061
50487091
50487121
50487149
50487167
50487169
50487187
50487193
50487209
50487223
50487233
50487271
50487287
50487301
50487317
50487343
50487361
50487373
50487379
50487397
50487403
50487413
50487419
50487469
50487509
50487517
50487529
50487533
50487581
50487587
50487611
50487631
50487643
50487673
50487677
50487713
50487757
50487763
50487781
50487791
50487797
50487881
50487901
50487911
50487919
50487923
50487937
50487947
50487949
50487953
50487971
50487973
50487991
50488003
50488007
50488019
50488069
50488093
50488099
50488117
50488121
50488157
50488169
50488177
50488201
50488211
50488213
50488223
50488237
50488241
50488253
50488309
50488331
50488349
50488379
50488397
50488409
50488433
50488447
50488463
50488499
50488517
50488573
50488583
50488591
50488631
50488639
50488649
50488661
50488667
50488679
50488693
50488727
50488729
50488733
50488741
50488769
50488819
50488829
50488843
50488853
50488859
50488873
50488883
50488891
50488897
50488937
50488939
50488961
50488969
50488981
50489011
50489027
50489051
50489059
50489093
50489107
50489119
50489141
50489143
50489147
50489161
50489171
50489227
50489239
50489249
50489279
50489293
50489321
50489323
50489333
50489339
50489357
50489381
50489389
50489399
50489431
50489437
50489447
50489459
50489489
50489503
50489519
50489521
50489561
50489581
50489587
50489599
50489603
50489633
50489641
50489651
50489657
50489671
50489689
50489701
50489713
50489743
50489749
50489753
50489759
50489771
50489801
50489851
50489861
50489893
50489903
50489909
50489977
50489981
50489987
50490019
50490023
50490029
50490043
50490059
50490091
50490107
50490113
50490133
50490137
50490157
50490169
50490191
50490199
50490211
50490241
50490257
50490259
50490263
50490269
50490283
50490287
50490331
50490347
50490367
50490373
50490449
50490457
50490469
50490487
50490491
50490511
50490521
50490529
50490551
50490553
50490563
50490571
50490577
50490593
50490623
50490667
50490673
50490677
50490683
50490689
50490719
50490749
50490761
50490763
50490793
50490851
50490863
50490889
50490907
50490931
50490941
50490949
50490983
50490997
50491013
50491027
50491039
50491061
50491069
50491087
50491093
50491097
50491099
50491121
50491127
50491169
50491171
50491201
50491247
50491249
50491271
50491277
50491289
50491319
50491361
50491367
50491381
50491387
50491393
50491403
50491409
50491429
50491447
50491453
50491471
50491477
50491499
50491501
50491537
50491543
50491549
50491577
50491603
50491621
50491627
50491633
50491663
50491681
50491703
50491709
50491711
50491741
50491769
50491789
50491801
50491829
50491841
50491843
50491849
50491867
50491897
50491967
50491997
50491999
50492003
50492009
50492017
50492027
50492041
50492059
50492069
50492083
50492111
50492131
50492209
50492213
50492231
50492243
50492249
50492251
50492263
50492269
50492311
50492327
50492333
50492353
50492357
50492359
50492371
50492381
50492389
50492399
50492401
50492413
50492417
50492423
50492447
50492489
50492501
50492503
50492513
50492537
50492539
50492543
50492579
50492587
50492593
50492599
50492641
50492653
50492681
50492699
50492719
50492749
50492759
50492779
50492791
50492803
50492809
50492821
50492837
50492851
50492881
50492887
50492903
50492921
50492957
50492963
50492977
50492987
50493007
50493061
50493067
50493083
50493097
50493101
50493139
50493161
50493167
50493173
50493187
50493227
50493229
50493301
50493307
50493319
50493361
50493371
50493397
50493409
50493413
50493461
50493497
50493517
50493523
50493529
50493539
50493581
50493601
50493607
50493613
50493617
50493623
50493647
50493691
50493701
50493713
50493743
50493749
50493767
50493799
50493827
50493829
50493841
50493853
50493871
50493889
50493907
50493917
50493929
50493943
50493973
50493983
50493991
50494007
50494013
50494043
50494111
50494127
50494151
50494181
50494187
50494189
50494201
50494211
50494231
50494253
50494261
50494273
50494313
50494331
50494357
50494363
50494373
50494441
50494447
50494463
50494487
50494511
50494537
50494541
50494579
50494601
50494643
50494681
50494699
50494727
50494733
50494747
50494789
50494813
50494817
50494889
50494891
50494897
50494901
50494909
50494919
50494933
50494937
50494949
50494957
50495009
50495021
50495033
50495077
50495087
50495089
50495099
50495111
50495113
50495171
50495183
50495191
50495233
50495267
50495303
50495329
50495339
50495359
50495371
50495377
50495383
50495429
50495443
50495447
50495461
50495479
50495513
50495537
50495539
50495551
50495567
50495573
50495587
50495609
50495611
50495629
50495651
50495659
50495671
50495677
50495693
50495707
50495747
50495777
50495791
50495827
50495843
50495849
50495891
50495911
50495927
50495947
50495953
50495987
50496029
50496031
50496037
50496041
50496049
50496073
50496107
50496119
50496143
50496151
50496161
50496181
50496191
50496203
50496211
50496223
50496253
50496311
50496323
50496361
50496371
50496373
50496401
50496421
50496463
50496469
50496473
50496487
50496497
50496503
50496521
50496529
50496533
50496541
50496559
50496583
50496587
50496599
50496629
50496643
50496679
50496697
50496703
50496709
50496763
50496767
50496769
50496773
50496779
50496781
50496793
50496821
50496829
50496839
50496841
50496857
50496899
50496907
50496913
50496961
50496989
50496991
50496997
50497001
50497039
50497049
50497061
50497067
50497147
50497189
50497201
50497243
50497261
50497277
50497289
50497313
50497367
50497373
50497379
50497409
50497417
50497427
50497457
50497471
50497483
50497493
50497507
50497519
50497537
50497541
50497547
50497549
50497561
50497591
50497619
50497631
50497651
50497663
50497697
50497717
50497721
50497723
50497747
50497753
50497757
50497807
50497819
50497829
50497831
50497861
50497883
50497891
50497897
50497907
50497919
50497927
50497943
50497957
50497963
50497981
50497987
50498009
50498023
50498027
50498053
50498059
50498089
50498093
50498117
50498137
50498141
50498197
50498207
50498209
50498243
50498263
50498267
50498269
50498281
50498291
50498293
50498311
50498321
50498341
50498359
50498467
50498471
50498479
50498507
50498509
50498519
50498521
50498533
50498557
50498603
50498627
50498663
50498711
50498741
50498743
50498753
50498761
50498801
50498809
50498849
50498863
50498881
50498887
50498897
50498927
50498939
50498951
50498989
50498999
50499011
50499037
50499049
50499067
50499077
50499079
50499143
50499151
50499161
50499187
50499203
50499209
50499227
50499233
50499259
50499269
50499271
50499289
50499343
50499347
50499349
50499409
50499439
50499497
50499509
50499517
50499523
50499529
50499539
50499541
50499551
50499557
50499563
50499611
50499623
50499637
50499649
50499671
50499679
50499689
50499719
50499727
50499731
50499737
50499769
50499791
50499793
50499797
50499803
50499821
50499833
50499847
50499851
50499859
50499907
50499923
50499959
50499971
50499989
50500001
50500003
50500057
50500061
50500063
50500067
50500091
50500117
50500127
50500129
50500133
50500141
50500169
50500181
50500201
50500211
50500259
50500273
50500277
50500279
50500327
50500349
50500381
50500393
50500427
50500441
50500459
50500487
50500493
50500511
50500543
50500547
50500559
50500589
50500609
50500657
50500673
50500699
50500711
50500729
50500759
50500763
50500783
50500787
50500789
50500859
50500867
50500871
50500903
50500907
50500921
50500927
50500937
50500979
50500981
50501021
50501027
50501029
50501057
50501131
50501137
50501153
50501159
50501161
50501177
50501219
50501233
50501251
50501257
50501273
50501279
50501281
50501293
50501323
50501329
50501333
50501357
50501389
50501431
50501447
50501471
50501483
50501513
50501531
50501533
50501551
50501569
50501579
50501593
50501597
50501609
50501617
50501653
50501657
50501669
50501687
50501729
50501743
50501761
50501779
50501783
50501797
50501819
50501833
50501837
50501861
50501903
50501933
50501939
50501977
50501993
50502013
50502029
50502031
50502041
50502091
50502103
50502139
50502149
50502187
50502191
50502197
50502211
50502233
50502241
50502259
50502281
50502301
50502307
50502313
50502343
50502377
50502391
50502401
50502479
50502493
50502499
50502527
50502533
50502541
50502547
50502559
50502583
50502619
50502653
50502671
50502677
50502707
50502713
50502719
50502757
50502773
50502821
50502827
50502839
50502841
50502847
50502877
50502899
50502901
50502913
50502943
50503001
50503003
50503067
50503091
50503099
50503109
50503111
50503127
50503129
50503133
50503153
50503169
50503171
50503183
50503207
50503213
50503241
50503283
50503339
50503367
50503381
50503399
50503451
50503493
50503559
50503567
50503589
50503637
50503643
50503657
50503667
50503723
50503727
50503741
50503751
50503763
50503771
50503781
50503793
50503811
50503813
50503847
50503879
50503907
50503909
50503931
50503949
50503979
50503987
50504009
50504017
50504057
50504099
50504137
50504143
50504183
50504189
50504191
50504213
50504219
50504227
50504243
50504257
50504269
50504281
50504287
50504291
50504329
50504339
50504351
50504357
50504407
50504431
50504449
50504453
50504459
50504477
50504483
50504491
50504513
50504521
50504543
50504567
50504581
50504591
50504599
50504617
50504627
50504647
50504651
50504659
50504719
50504759
50504761
50504771
50504777
50504791
50504843
50504873
50504887
50504899
50504903
50504939
50504959
50504981
50504999
50505017
50505023
50505043
50505047
50505053
50505067
50505073
50505083
50505089
50505109
50505127
50505137
50505139
50505163
50505193
50505199
50505227
50505229
50505271
50505311
50505331
50505341
50505359
50505361
50505373
50505379
50505397
50505409
50505431
50505451
50505509
50505523
50505527
50505529
50505547
50505551
50505571
50505577
50505599
50505619
50505673
50505701
50505737
50505751
50505761
50505773
50505787
50505797
50505799
50505817
50505821
50505823
50505839
50505859
50505877
50505893
50505901
50505937
50505941
50505989
50505991
50506003
50506013
50506019
50506021
50506061
50506087
50506111
50506117
50506163
50506171
50506177
50506189
50506207
50506213
50506217
50506243
50506259
50506271
50506273
50506279
50506289
50506307
50506327
50506331
50506333
50506397
50506441
50506447
50506457
50506481
50506483
50506499
50506513
50506559
50506571
50506607
50506613
50506669
50506681
50506741
50506763
50506789
50506817
50506823
50506837
50506853
50506861
50506867
50506879
50506903
50506927
50506987
50506993
50507053
50507059
50507063
50507071
50507087
50507101
50507113
50507123
50507129
50507131
50507137
50507141
50507147
50507159
50507161
50507173
50507189
50507209
50507231
50507279
50507291
50507297
50507311
50507381
50507383
50507393
50507417
50507419
50507437
50507447
50507477
50507489
50507503
50507533
50507543
50507549
50507551
50507581
50507603
50507617
50507651
50507683
50507687
50507689
50507707
50507713
50507729
50507753
50507789
50507813
50507837
50507851
50507857
50507917
50507957
50507971
50507983
50507987
50508001
50508019
50508067
50508077
50508079
50508091
50508103
50508113
50508121
50508131
50508163
50508179
50508209
50508223
50508257
50508277
50508287
50508317
50508323
50508329
50508349
50508371
50508373
50508379
50508431
50508439
50508449
50508461
50508463
50508473
50508487
50508499
50508509
50508511
50508541
50508559
50508583
50508607
50508643
50508659
50508673
50508697
50508763
50508767
50508769
50508791
50508797
50508833
50508869
50508881
50508883
50508893
50508901
50508911
50508917
50508937
50508949
50508971
50508979
50509001
50509073
50509093
50509099
50509103
50509117
50509139
50509169
50509177
50509229
50509231
50509237
50509241
50509247
50509259
50509267
50509301
50509313
50509337
50509339
50509343
50509351
50509367
50509373
50509379
50509409
50509427
50509441
50509453
50509463
50509493
50509513
50509517
50509523
50509553
50509573
50509603
50509609
50509621
50509637
50509639
50509687
50509691
50509717
50509741
50509747
50509763
50509777
50509783
50509807
50509859
50509867
50509871
50509889
50509919
50509933
50509969
50510011
50510029
50510051
50510107
50510137
50510147
50510149
50510153
50510171
50510177
50510263
50510267
50510311
50510321
50510333
50510347
50510351
50510357
50510371
50510381
50510389
50510407
50510413
50510419
50510441
50510459
50510503
50510521
50510539
50510543
50510561
50510573
50510597
50510611
50510617
50510633
50510641
50510693
50510711
50510731
50510743
50510753
50510771
50510819
50510827
50510833
50510843
50510857
50510879
50510881
50510897
50510899
50510909
50510923
50510951
50510959
50510969
50510981
50511007
50511047
50511049
50511053
50511103
50511107
50511137
50511143
50511191
50511193
50511203
50511259
50511269
50511271
50511299
50511313
50511361
50511379
50511397
50511407
50511421
50511449
50511451
50511457
50511479
50511497
50511499
50511521
50511523
50511529
50511563
50511569
50511589
50511619
50511653
50511667
50511677
50511689
50511701
50511733
50511739
50511761
50511787
50511827
50511833
50511869
50511871
50511883
50511893
50511917
50511931
50511941
50511943
50511949
50511973
50512003
50512009
50512069
50512073
50512079
50512093
50512097
50512103
50512129
50512139
50512177
50512193
50512199
50512207
50512211
50512249
50512271
50512291
50512307
50512327
50512337
50512349
50512379
50512381
50512409
50512417
50512447
50512471
50512477
50512489
50512493
50512529
50512537
50512541
50512543
50512549
50512571
50512597
50512603
50512619
50512633
50512643
50512681
50512691
50512699
50512711
50512717
50512747
50512753
50512771
50512789
50512793
50512799
50512801
50512823
50512829
50512873
50512901
50512927
50512961
50513033
50513051
50513087
50513119
50513131
50513143
50513161
50513201
50513209
50513227
50513233
50513237
50513249
50513257
50513269
50513279
50513317
50513321
50513329
50513339
50513357
50513369
50513371
50513387
50513413
50513417
50513423
50513431
50513453
50513459
50513467
50513471
50513479
50513483
50513501
50513503
50513509
50513521
50513527
50513531
50513549
50513557
50513597
50513653
50513677
50513699
50513713
50513741
50513747
50513753
50513759
50513791
50513797
50513803
50513833
50513867
50513887
50513891
50513921
50513923
50513959
50513963
50513999
50514017
50514031
50514067
50514073
50514077
50514127
50514133
50514137
50514169
50514193
50514199
50514203
50514209
50514227
50514251
50514301
50514307
50514311
50514319
50514329
50514349
50514367
50514383
50514389
50514397
50514403
50514437
50514461
50514473
50514487
50514539
50514553
50514557
50514577
50514587
50514589
50514641
50514643
50514697
50514721
50514727
50514743
50514767
50514791
50514817
50514853
50514869
50514889
50514899
50514929
50514931
50514941
50514967
50514979
50514983
50515037
50515039
50515043
50515057
50515081
50515097
50515121
50515123
50515133
50515163
50515183
50515189
50515193
50515229
50515247
50515277
50515349
50515373
50515391
50515417
50515441
50515447
50515457
50515463
50515469
50515511
50515529
50515571
50515573
50515579
50515601
50515607
50515631
50515637
50515657
50515667
50515679
50515697
50515739
50515807
50515811
50515831
50515847
50515867
50515903
50515921
50515931
50515939
50515961
50515973
50515979
50515987
50516021
50516029
50516033
50516051
50516069
50516071
50516083
50516087
50516093
50516101
50516107
50516111
50516153
50516171
50516189
50516203
50516209
50516243
50516293
50516309
50516321
50516327
50516341
50516363
50516371
50516393
50516419
50516437
50516447
50516461
50516467
50516527
50516549
50516603
50516621
50516647
50516651
50516689
50516699
50516731
50516737
50516749
50516761
50516779
50516783
50516819
50516821
50516827
50516831
50516833
50516849
50516863
50516903
50516923
50516929
50516933
50516981
50517001
50517007
50517041
50517097
50517107
50517121
50517163
50517169
50517193
50517239
50517253
50517283
50517287
50517293
50517323
50517329
50517331
50517343
50517347
50517349
50517359
50517373
50517377
50517413
50517443
50517451
50517457
50517479
50517487
50517491
50517497
50517529
50517539
50517553
50517583
50517611
50517613
50517619
50517641
50517671
50517673
50517703
50517721
50517737
50517749
50517757
50517769
50517787
50517793
50517833
50517847
50517871
50517881
50517889
50517911
50517919
50517949
50517953
50517967
50517977
50517989
50518007
50518009
50518019
50518031
50518043
50518057
50518073
50518123
50518129
50518157
50518159
50518177
50518211
50518241
50518267
50518289
50518291
50518297
50518343
50518379
50518399
50518423
50518439
50518451
50518463
50518477
50518537
50518547
50518583
50518591
50518619
50518621
50518627
50518673
50518681
50518703
50518723
50518733
50518751
50518757
50518763
50518807
50518813
50518817
50518823
50518829
50518859
50518901
50518907
50518913
50518931
50518939
50518943
50518969
50519033
50519039
50519059
50519069
50519071
50519083
50519099
50519107
50519113
50519129
50519137
50519141
50519149
50519167
50519173
50519197
50519207
50519213
50519239
50519251
50519263
50519267
50519311
50519317
50519321
50519341
50519351
50519369
50519377
50519387
50519389
50519401
50519507
50519551
50519561
50519587
50519591
50519603
50519611
50519629
50519639
50519641
50519659
50519663
50519669
50519683
50519687
50519713
50519719
50519737
50519741
50519743
50519747
50519761
50519839
50519849
50519857
50519881
50519923
50519929
50519951
50519999
50520011
50520013
50520023
50520047
50520053
50520097
50520103
50520109
50520137
50520143
50520149
50520179
50520181
50520247
50520251
50520269
50520271
50520287
50520293
50520299
50520319
50520341
50520361
50520403
50520409
50520419
50520451
50520467
50520469
50520493
50520497
50520517
50520551
50520553
50520611
50520619
50520623
50520637
50520641
50520647
50520649
50520653
50520667
50520721
50520739
50520751
50520809
50520823
50520839
50520851
50520863
50520887
50520913
50520959
50520971
50520989
50520997
50521027
50521043
50521069
50521073
50521091
50521151
50521181
50521223
50521231
50521249
50521253
50521267
50521279
50521301
50521309
50521313
50521333
50521343
50521379
50521403
50521421
50521439
50521453
50521459
50521463
50521477
50521483
50521487
50521529
50521573
50521607
50521619
50521631
50521633
50521649
50521673
50521699
50521721
50521727
50521729
50521787
50521873
50521897
50521903
50521907
50521927
50521937
50521949
50521979
50521981
50521993
50522027
50522047
50522071
50522077
50522081
50522107
50522111
50522123
50522137
50522141
50522167
50522177
50522201
50522203
50522207
50522233
50522239
50522243
50522267
50522293
50522309
50522327
50522341
50522347
50522359
50522383
50522389
50522441
50522447
50522471
50522491
50522519
50522533
50522557
50522567
50522573
50522587
50522597
50522629
50522687
50522737
50522749
50522753
50522761
50522779
50522803
50522809
50522837
50522851
50522863
50522903
50522909
50522921
50522951
50522971
50522977
50522981
50522993
50523001
50523041
50523047
50523059
50523061
50523079
50523097
50523101
50523127
50523131
50523139
50523169
50523181
50523197
50523233
50523247
50523283
50523313
50523359
50523379
50523383
50523391
50523401
50523437
50523443
50523467
50523493
50523497
50523503
50523523
50523563
50523569
50523589
50523593
50523607
50523619
50523623
50523631
50523673
50523689
50523691
50523701
50523703
50523719
50523721
50523727
50523743
50523751
50523761
50523773
50523817
50523821
50523827
50523841
50523857
50523899
50523901
50523917
50523923
50523947
50523959
50523961
50523971
50523989
50523997
50524027
50524037
50524039
50524057
50524063
50524087
50524091
50524109
50524121
50524151
50524157
50524181
50524189
50524207
50524219
50524247
50524291
50524297
50524301
50524303
50524333
50524339
50524343
50524373
50524379
50524417
50524429
50524433
50524457
50524471
50524501
50524511
50524519
50524547
50524567
50524571
50524589
50524597
50524601
50524603
50524609
50524619
50524679
50524703
50524711
50524717
50524753
50524759
50524763
50524769
50524777
50524811
50524829
50524843
50524861
50524889
50524909
50524919
50524921
50524939
50524963
50524967
50524973
50524993
50525021
50525023
50525081
50525087
50525093
50525117
50525119
50525131
50525147
50525159
50525177
50525179
50525183
50525191
50525203
50525219
50525281
50525287
50525323
50525327
50525347
50525353
50525359
50525369
50525413
50525491
50525509
50525537
50525539
50525551
50525557
50525593
50525597
50525603
50525621
50525633
50525639
50525647
50525677
50525681
50525689
50525707
50525711
50525729
50525747
50525791
50525821
50525833
50525837
50525857
50525879
50525911
50525933
50525941
50525947
50525983
50525999
50526031
50526037
50526067
50526089
50526103
50526121
50526139
50526163
50526173
50526191
50526197
50526199
50526253
50526257
50526277
50526317
50526319
50526389
50526403
50526407
50526409
50526449
50526451
50526467
50526493
50526503
50526521
50526523
50526527
50526589
50526599
50526617
50526659
50526661
50526667
50526673
50526689
50526709
50526713
50526733
50526743
50526767
50526779
50526781
50526797
50526799
50526809
50526811
50526829
50526851
50526857
50526859
50526863
50526881
50526887
50526893
50526913
50526919
50526923
50526977
50526979
50526989
50527003
50527007
50527013
50527027
50527031
50527033
50527039
50527051
50527063
50527121
50527133
50527171
50527189
50527223
50527231
50527259
50527261
50527273
50527283
50527319
50527333
50527339
50527357
50527387
50527439
50527487
50527523
50527549
50527559
50527567
50527571
50527597
50527601
50527627
50527637
50527639
50527643
50527649
50527651
50527663
50527717
50527721
50527727
50527747
50527759
50527801
50527811
50527817
50527843
50527853
50527907
50527913
50527933
50527943
50527951
50527969
50527991
50528017
50528077
50528081
50528089
50528111
50528119
50528161
50528183
50528213
50528227
