51970049
51970057
51970067
51970097
51970099
51970103
51970129
51970141
51970147
51970159
51970183
51970199
51970211
51970223
51970249
51970307
51970313
51970319
51970333
51970439
51970447
51970469
51970511
51970543
51970549
51970553
51970561
51970573
51970577
51970603
51970609
51970631
51970691
51970693
51970729
51970747
51970759
51970769
51970781
51970783
51970811
51970837
51970843
51970889
51970907
51970913
51970931
51970939
51970943
51970957
51970979
51970993
51970999
51971009
51971011
51971027
51971041
51971063
51971081
51971089
51971123
51971141
51971147
51971201
51971203
51971243
51971279
51971281
51971333
51971341
51971351
51971357
51971369
51971371
51971377
51971383
51971399
51971443
51971489
51971497
51971501
51971537
51971539
51971551
51971581
51971587
51971599
51971603
51971609
51971611
51971629
51971657
51971659
51971663
51971677
51971681
51971701
51971713
51971729
51971749
51971753
51971767
51971813
51971831
51971851
51971863
51971869
51971879
51971911
51971917
51971923
51971957
51971981
51972017
51972073
51972091
51972119
51972127
51972149
51972191
51972197
51972209
51972211
51972227
51972259
51972269
51972287
51972293
51972301
51972313
51972329
51972367
51972377
51972413
51972419
51972421
51972439
51972443
51972469
51972511
51972527
51972551
51972559
51972563
51972589
51972593
51972601
51972607
51972629
51972653
51972659
51972703
51972721
51972743
51972749
51972763
51972769
51972773
51972797
51972799
51972803
51972821
51972889
51972911
51972931
51972967
51972979
51972983
51972989
51973013
51973021
51973027
51973043
51973057
51973067
51973069
51973087
51973091
51973093
51973109
51973121
51973157
51973171
51973177
51973183
51973223
51973237
51973253
51973291
51973297
51973319
51973321
51973331
51973373
51973381
51973409
51973421
51973451
51973457
51973459
51973463
51973487
51973501
51973511
51973517
51973529
51973543
51973561
51973589
51973613
51973619
51973643
51973673
51973699
51973703
51973717
51973723
51973729
51973841
51973847
51973849
51973921
51973931
51973979
51973993
51974023
51974047
51974053
51974071
51974077
51974081
51974093
51974099
51974113
51974129
51974137
51974141
51974161
51974213
51974231
51974269
51974281
51974303
51974311
51974317
51974357
51974371
51974393
51974399
51974407
51974413
51974437
51974441
51974449
51974459
51974473
51974497
51974537
51974539
51974543
51974551
51974561
51974567
51974581
51974591
51974597
51974617
51974651
51974719
51974731
51974737
51974743
51974749
51974753
51974771
51974773
51974777
51974789
51974801
51974837
51974851
51974869
51974887
51974953
51974957
51974981
51974983
51974987
51974999
51975031
51975037
51975061
51975071
51975073
51975083
51975097
51975107
51975113
51975151
51975179
51975191
51975227
51975247
51975271
51975281
51975289
51975293
51975299
51975353
51975359
51975383
51975389
51975403
51975439
51975461
51975487
51975529
51975533
51975541
51975557
51975611
51975629
51975631
51975673
51975683
51975689
51975701
51975739
51975751
51975761
51975767
51975769
51975793
51975797
51975799
51975821
51975877
51975899
51975907
51975967
51975971
51975977
51976013
51976037
51976061
51976079
51976097
51976103
51976187
51976201
51976217
51976241
51976247
51976261
51976273
51976291
51976307
51976319
51976321
51976333
51976349
51976363
51976369
51976399
51976403
51976423
51976433
51976447
51976459
51976469
51976471
51976493
51976537
51976543
51976559
51976583
51976607
51976627
51976663
51976679
51976681
51976693
51976733
51976751
51976753
51976763
51976781
51976789
51976831
51976867
51976879
51976921
51976927
51976931
51976933
51976943
51976963
51976997
51976999
51977083
51977087
51977113
51977129
51977131
51977201
51977203
51977207
51977209
51977257
51977273
51977287
51977291
51977311
51977323
51977333
51977351
51977383
51977423
51977437
51977459
51977501
51977531
51977557
51977561
51977591
51977621
51977641
51977647
51977659
51977693
51977699
51977707
51977713
51977747
51977767
51977771
51977797
51977803
51977819
51977839
51977851
51977867
51977897
51977903
51977909
51977941
51977957
51977963
51977983
51978127
51978133
51978149
51978151
51978209
51978217
51978221
51978239
51978247
51978257
51978293
51978301
51978307
51978341
51978343
51978347
51978359
51978371
51978379
51978383
51978389
51978397
51978419
51978427
51978431
51978439
51978473
51978481
51978497
51978499
51978523
51978541
51978559
51978617
51978629
51978653
51978659
51978671
51978677
51978679
51978691
51978709
51978763
51978767
51978769
51978779
51978791
51978793
51978803
51978811
51978863
51978869
51978923
51978929
51978947
51978961
51978967
51978977
51979001
51979019
51979051
51979063
51979111
51979127
51979159
51979201
51979211
51979237
51979243
51979283
51979289
51979297
51979351
51979357
51979373
51979391
51979409
51979427
51979429
51979439
51979457
51979463
51979469
51979481
51979483
51979493
51979507
51979511
51979547
51979567
51979579
51979619
51979651
51979673
51979679
51979691
51979699
51979721
51979729
51979757
51979771
51979789
51979817
51979831
51979847
51979849
51979903
51979933
51979937
51979951
51980009
51980011
51980021
51980039
51980051
51980053
51980059
51980081
51980119
51980147
51980171
51980177
51980189
51980191
51980197
51980213
51980221
51980233
51980287
51980293
51980297
51980317
51980329
51980359
51980363
51980381
51980387
51980413
51980417
51980429
51980431
51980443
51980473
51980491
51980519
51980527
51980531
51980603
51980609
51980623
51980629
51980641
51980647
51980681
51980729
51980771
51980777
51980783
51980813
51980821
51980839
51980843
51980867
51980869
51980879
51980881
51980899
51980927
51980953
51980959
51981001
51981031
51981043
51981047
51981067
51981151
51981191
51981197
51981199
51981221
51981247
51981271
51981277
51981313
51981341
51981361
51981373
51981379
51981407
51981431
51981439
51981467
51981491
51981497
51981521
51981533
51981557
51981581
51981583
51981613
51981647
51981649
51981661
51981697
51981703
51981719
51981751
51981791
51981803
51981827
51981877
51981887
51981889
51981911
51981959
51981961
51981983
51981997
51982019
51982027
51982037
51982069
51982087
51982103
51982109
51982111
51982121
51982129
51982163
51982169
51982199
51982201
51982211
51982223
51982253
51982267
51982279
51982303
51982331
51982361
51982387
51982391
51982409
51982417
51982439
51982457
51982477
51982487
51982501
51982519
51982523
51982531
51982561
51982573
51982577
51982597
51982603
51982607
51982621
51982627
51982639
51982649
51982699
51982709
51982729
51982741
51982759
51982823
51982831
51982837
51982849
51982859
51982871
51982897
51982901
51982907
51982927
51982937
51982943
51982951
51982963
51982969
51983003
51983021
51983053
51983077
51983083
51983111
51983117
51983119
51983123
51983131
51983137
51983159
51983179
51983231
51983251
51983273
51983279
51983303
51983329
51983333
51983369
51983383
51983401
51983423
51983429
51983447
51983453
51983507
51983509
51983521
51983527
51983537
51983579
51983609
51983623
51983653
51983693
51983731
51983741
51983761
51983783
51983801
51983803
51983809
51983819
51983837
51983843
51983851
51983903
51983923
51983929
51983951
51983959
51983963
51983983
51984007
51984029
51984041
51984047
51984061
51984083
51984089
51984109
51984151
51984167
51984197
51984217
51984259
51984271
51984293
51984299
51984307
51984319
51984341
51984349
51984367
51984421
51984431
51984469
51984473
51984479
51984497
51984503
51984523
51984533
51984641
51984683
51984701
51984707
51984731
51984739
51984769
51984797
51984839
51984847
51984857
51984869
51984883
51984901
51984913
51984917
51984967
51985013
51985019
51985033
51985051
51985067
51985069
51985079
51985097
51985163
51985207
51985211
51985217
51985229
51985249
51985319
51985327
51985331
51985343
51985361
51985379
51985399
51985403
51985411
51985433
51985447
51985489
51985511
51985513
51985517
51985529
51985567
51985573
51985579
51985601
51985631
51985649
51985651
51985657
51985679
51985693
51985721
51985723
51985751
51985757
51985771
51985793
51985823
51985831
51985837
51985849
51985859
51985873
51985891
51985939
51985943
51985963
51985979
51986023
51986027
51986063
51986069
51986087
51986107
51986131
51986149
51986159
51986167
51986177
51986191
51986203
51986219
51986227
51986243
51986267
51986273
51986281
51986309
51986317
51986321
51986329
51986353
51986377
51986381
51986383
51986387
51986393
51986399
51986423
51986453
51986461
51986479
51986513
51986521
51986537
51986581
51986609
51986617
51986657
51986677
51986681
51986687
51986689
51986713
51986719
51986749
51986761
51986771
51986773
51986797
51986807
51986827
51986849
51986863
51986873
51986897
51986899
51986903
51986927
51986941
51986999
51987077
51987079
51987113
51987121
51987137
51987151
51987157
51987161
51987163
51987167
51987179
51987197
51987239
51987259
51987277
51987281
51987347
51987349
51987359
51987373
51987409
51987443
51987469
51987491
51987493
51987497
51987503
51987557
51987563
51987569
51987587
51987599
51987623
51987641
51987643
51987653
51987679
51987707
51987757
51987773
51987811
51987821
51987847
51987883
51987907
51987919
51987931
51987937
51987977
51988007
51988019
51988021
51988031
51988061
51988081
51988093
51988109
51988121
51988127
51988133
51988163
51988169
51988171
51988187
51988201
51988229
51988231
51988253
51988289
51988291
51988309
51988319
51988327
51988331
51988357
51988373
51988421
51988423
51988429
51988459
51988463
51988471
51988493
51988511
51988523
51988537
51988613
51988621
51988631
51988649
51988661
51988667
51988679
51988681
51988723
51988747
51988753
51988757
51988759
51988789
51988819
51988831
51988837
51988879
51988889
51988913
51988933
51988957
51988991
51988999
51989017
51989029
51989059
51989071
51989099
51989117
51989123
51989159
51989167
51989209
51989221
51989227
51989239
51989251
51989293
51989317
51989323
51989341
51989363
51989369
51989393
51989401
51989411
51989419
51989459
51989471
51989503
51989513
51989533
51989549
51989557
51989563
51989579
51989593
51989603
51989611
51989653
51989657
51989659
51989669
51989677
51989687
51989701
51989713
51989737
51989771
51989801
51989803
51989809
51989843
51989869
51989933
51989957
51990041
51990049
51990067
51990077
51990109
51990119
51990163
51990167
51990187
51990203
51990209
51990221
51990223
51990227
51990241
51990277
51990293
51990307
51990343
51990347
51990377
51990401
51990409
51990431
51990461
51990473
51990481
51990529
51990563
51990571
51990577
51990581
51990599
51990613
51990667
51990671
51990677
51990683
51990703
51990713
51990749
51990761
51990767
51990791
51990793
51990797
51990847
51990857
51990877
51990893
51990931
51990943
51990949
51991007
51991081
51991097
51991141
51991169
51991183
51991189
51991211
51991217
51991223
51991231
51991249
51991267
51991273
51991279
51991297
51991301
51991333
51991367
51991369
51991439
51991441
51991451
51991469
51991501
51991529
51991553
51991571
51991573
51991591
51991603
51991631
51991651
51991663
51991711
51991721
51991727
51991741
51991747
51991757
51991759
51991769
51991777
51991783
51991843
51991873
51991879
51991883
51991897
51991913
51991949
51991957
51991969
51991997
51992021
51992027
51992071
51992089
51992107
51992119
51992147
51992159
51992173
51992179
51992219
51992221
51992231
51992233
51992249
51992251
51992257
51992261
51992267
51992323
51992327
51992329
51992333
51992359
51992371
51992401
51992407
51992411
51992419
51992429
51992441
51992449
51992483
51992527
51992537
51992561
51992593
51992609
51992641
51992651
51992653
51992671
51992687
51992701
51992713
51992723
51992729
51992741
51992767
51992779
51992789
51992791
51992813
51992827
51992867
51992869
51992933
51992939
51992957
51992959
51992971
51992989
51993001
51993013
51993023
51993037
51993049
51993077
51993113
51993163
51993173
51993181
51993197
51993199
51993203
51993211
51993223
51993241
51993283
51993287
51993299
51993311
51993313
51993323
51993353
51993391
51993397
51993437
51993449
51993451
51993457
51993499
51993523
51993551
51993553
51993559
51993563
51993569
51993587
51993629
51993637
51993653
51993677
51993713
51993719
51993737
51993743
51993749
51993779
51993791
51993793
51993817
51993833
51993853
51993859
51993881
51993883
51993911
51993919
51993941
51993959
51993967
51993979
51994001
51994003
51994043
51994057
51994069
51994073
51994121
51994141
51994147
51994153
51994157
51994171
51994193
51994247
51994249
51994253
51994259
51994289
51994301
51994307
51994337
51994339
51994343
51994373
51994427
51994433
51994451
51994487
51994489
51994511
51994529
51994531
51994541
51994567
51994571
51994573
51994589
51994609
51994633
51994637
51994639
51994661
51994669
51994673
51994703
51994711
51994717
51994771
51994793
51994799
51994829
51994841
51994867
51994889
51994913
51994937
51994939
51994951
51994979
51994991
51995017
51995023
51995033
51995059
51995063
51995087
51995123
51995131
51995143
51995147
51995159
51995183
51995221
51995243
51995263
51995269
51995297
51995309
51995311
51995369
51995399
51995407
51995413
51995423
51995429
51995431
51995443
51995453
51995467
51995477
51995497
51995513
51995519
51995527
51995543
51995549
51995561
51995563
51995569
51995611
51995623
51995641
51995653
51995659
51995681
51995683
51995701
51995717
51995719
51995737
51995743
51995791
51995803
51995807
51995833
51995857
51995861
51995863
51995891
51995899
51995903
51995917
51995921
51995941
51995963
51995981
51996001
51996011
51996017
51996029
51996071
51996143
51996157
51996163
51996167
51996173
51996187
51996199
51996223
51996229
51996253
51996257
51996311
51996313
51996337
51996349
51996383
51996403
51996419
51996437
51996443
51996479
51996493
51996509
51996533
51996577
51996599
51996647
51996649
51996661
51996677
51996683
51996691
51996697
51996701
51996713
51996731
51996751
51996781
51996793
51996799
51996809
51996811
51996823
51996839
51996851
51996853
51996871
51996881
51996907
51996911
51996937
51996943
51997007
51997009
51997027
51997031
51997037
51997039
51997069
51997073
51997111
51997139
51997151
51997157
51997171
51997177
51997213
51997217
51997223
51997249
51997291
51997313
51997333
51997381
51997417
51997453
51997459
51997487
51997507
51997513
51997523
51997541
51997597
51997601
51997637
51997639
51997643
51997657
51997669
51997697
51997709
51997711
51997739
51997787
51997789
51997801
51997807
51997811
51997853
51997873
51997901
51997903
51997909
51997921
51997937
51997949
51998029
51998033
51998069
51998081
51998099
51998113
51998143
51998159
51998171
51998183
51998203
51998227
51998251
51998279
51998299
51998311
51998321
51998329
51998333
51998351
51998389
51998399
51998407
51998449
51998473
51998477
51998533
51998543
51998581
51998593
51998599
51998603
51998621
51998627
51998641
51998651
51998677
51998689
51998789
51998809
51998939
51998977
51998983
51999019
51999037
51999041
51999047
51999053
51999071
51999089
51999091
51999109
51999131
51999133
51999149
51999151
51999161
51999163
51999173
51999187
51999191
51999197
51999247
51999253
51999281
51999317
51999329
51999347
51999359
51999383
51999397
51999463
51999491
51999503
51999509
51999517
51999553
51999569
51999587
51999593
51999601
51999611
51999613
51999641
51999643
51999667
51999683
51999707
51999721
51999737
51999781
51999791
51999793
51999799
51999833
51999841
51999853
51999887
51999919
51999971
52000007
52000009
52000019
52000027
52000031
52000043
52000061
52000087
52000139
52000159
52000199
52000211
52000213
52000253
52000279
52000301
52000307
52000313
52000343
52000357
52000391
52000409
52000411
52000427
52000457
52000463
52000469
52000499
52000517
52000519
52000523
52000537
52000541
52000561
52000583
52000591
52000607
52000639
52000673
52000681
52000687
52000693
52000699
52000709
52000721
52000727
52000787
52000789
52000801
52000813
52000829
52000849
52000877
52000901
52000937
52000939
52000969
52000979
52001023
52001051
52001057
52001099
52001101
52001107
52001141
52001153
52001177
52001203
52001221
52001237
52001239
52001267
52001281
52001297
52001303
52001311
52001329
52001333
52001399
52001441
52001449
52001473
52001483
52001497
52001503
52001527
52001557
52001561
52001563
52001569
52001591
52001617
52001641
52001647
52001659
52001681
52001701
52001717
52001723
52001731
52001753
52001771
52001773
52001813
52001819
52001821
52001837
52001857
52001867
52001869
52001941
52001953
52001969
52001977
52002019
52002023
52002079
52002089
52002091
52002101
52002121
52002143
52002157
52002161
52002193
52002199
52002217
52002277
52002289
52002319
52002329
52002343
52002367
52002383
52002397
52002403
52002409
52002421
52002443
52002451
52002463
52002493
52002521
52002527
52002529
52002547
52002553
52002557
52002569
52002581
52002583
52002607
52002641
52002647
52002667
52002673
52002679
52002697
52002707
52002721
52002733
52002757
52002763
52002773
52002823
52002827
52002857
52002877
52002889
52002893
52002913
52002941
52002959
52002971
52002991
52003067
52003073
52003109
52003117
52003121
52003139
52003157
52003163
52003181
52003219
52003307
52003309
52003333
52003339
52003363
52003373
52003387
52003397
52003417
52003433
52003439
52003447
52003507
52003519
52003559
52003571
52003577
52003597
52003619
52003631
52003639
52003669
52003681
52003687
52003717
52003723
52003739
52003769
52003793
52003829
52003841
52003891
52003909
52003927
52003933
52003951
52003997
52004023
52004053
52004089
52004101
52004107
52004119
52004131
52004149
52004153
52004171
52004189
52004191
52004201
52004233
52004237
52004287
52004299
52004347
52004353
52004369
52004399
52004413
52004431
52004443
52004483
52004503
52004507
52004509
52004591
52004609
52004611
52004677
52004681
52004723
52004737
52004741
52004749
52004791
52004809
52004833
52004857
52004861
52004899
52004923
52004977
52004999
52005013
52005029
52005053
52005059
52005089
52005119
52005169
52005181
52005211
52005241
52005251
52005271
52005287
52005293
52005301
52005319
52005377
52005379
52005389
52005409
52005433
52005469
52005487
52005511
52005517
52005521
52005523
52005529
52005557
52005563
52005571
52005581
52005593
52005623
52005649
52005661
52005689
52005721
52005739
52005743
52005761
52005763
52005769
52005827
52005841
52005847
52005851
52005887
52005901
52005911
52005913
52005929
52005949
52005991
52005997
52006027
52006037
52006067
52006117
52006133
52006139
52006147
52006181
52006183
52006217
52006219
52006231
52006237
52006267
52006277
52006301
52006319
52006321
52006351
52006391
52006397
52006429
52006529
52006531
52006547
52006567
52006583
52006609
52006613
52006631
52006663
52006697
52006729
52006751
52006753
52006771
52006783
52006847
52006849
52006891
52006919
52006921
52006931
52006937
52006951
52006963
52006987
52006991
52006993
52007023
52007099
52007101
52007107
52007113
52007149
52007159
52007177
52007183
52007227
52007281
52007297
52007299
52007303
52007309
52007323
52007357
52007377
52007387
52007413
52007419
52007443
52007447
52007453
52007467
52007479
52007489
52007507
52007513
52007561
52007567
52007587
52007603
52007629
52007633
52007689
52007699
52007723
52007729
52007737
52007741
52007789
52007797
52007819
52007821
52007831
52007849
52007909
52007927
52007939
52007957
52008001
52008007
52008023
52008029
52008043
52008059
52008067
52008071
52008091
52008097
52008109
52008127
52008157
52008167
52008181
52008217
52008241
52008269
52008311
52008337
52008343
52008349
52008361
52008373
52008391
52008409
52008413
52008427
52008449
52008479
52008493
52008499
52008521
52008533
52008553
52008557
52008581
52008601
52008611
52008613
52008673
52008679
52008709
52008739
52008751
52008799
52008809
52008811
52008821
52008823
52008829
52008851
52008857
52008863
52008881
52008889
52008907
52008937
52008941
52008949
52008959
52008961
52008989
52008997
52009007
52009021
52009043
52009051
52009057
52009073
52009079
52009121
52009123
52009147
52009183
52009193
52009207
52009249
52009259
52009261
52009277
52009283
52009291
52009301
52009303
52009313
52009319
52009337
52009343
52009369
52009381
52009387
52009411
52009427
52009429
52009439
52009453
52009469
52009471
52009481
52009501
52009513
52009523
52009549
52009567
52009577
52009603
52009627
52009651
52009687
52009717
52009733
52009781
52009787
52009813
52009819
52009823
52009883
52009891
52009913
52009921
52009927
52009931
52009943
52009949
52009957
52009967
52009981
52009999
52010029
52010039
52010069
52010071
52010083
52010111
52010141
52010143
52010149
52010173
52010209
52010213
52010227
52010243
52010267
52010279
52010317
52010323
52010339
52010347
52010359
52010363
52010393
52010407
52010471
52010479
52010501
52010533
52010557
52010579
52010587
52010593
52010597
52010611
52010639
52010663
52010669
52010671
52010687
52010689
52010711
52010719
52010729
52010731
52010737
52010741
52010753
52010759
52010807
52010831
52010851
52010887
52010899
52010911
52010927
52010947
52010953
52010957
52011031
52011059
52011067
52011077
52011103
52011107
52011163
52011217
52011241
52011251
52011277
52011283
52011287
52011293
52011319
52011331
52011343
52011359
52011371
52011383
52011389
52011409
52011451
52011457
52011461
52011473
52011499
52011503
52011539
52011541
52011571
52011577
52011581
52011599
52011611
52011613
52011623
52011637
52011643
52011679
52011731
52011749
52011767
52011793
52011803
52011853
52011859
52011887
52011907
52011943
52011977
52011991
52011997
52012001
52012003
52012019
52012021
52012057
52012091
52012111
52012117
52012151
52012153
52012157
52012193
52012237
52012249
52012349
52012381
52012397
52012423
52012447
52012459
52012463
52012489
52012501
52012523
52012553
52012561
52012577
52012601
52012613
52012619
52012621
52012711
52012717
52012733
52012739
52012783
52012789
52012799
52012841
52012847
52012897
52012901
52012903
52012907
52012951
52012991
52013023
52013057
52013063
52013077
52013107
52013111
52013119
52013123
52013131
52013141
52013147
52013167
52013177
52013197
52013201
52013207
52013219
52013237
52013267
52013321
52013323
52013333
52013347
52013371
52013389
52013407
52013411
52013413
52013417
52013441
52013447
52013471
52013473
52013477
52013497
52013503
52013513
52013519
52013539
52013551
52013569
52013573
52013587
52013593
52013597
52013609
52013623
52013627
52013639
52013657
52013669
52013701
52013719
52013743
52013747
52013771
52013777
52013779
52013803
52013813
52013827
52013851
52013861
52013903
52013917
52013921
52013933
52013957
52013981
52013989
52014031
52014049
52014059
52014097
52014113
52014121
52014161
52014163
52014167
52014173
52014251
52014269
52014283
52014317
52014323
52014329
52014337
52014349
52014377
52014401
52014409
52014427
52014449
52014451
52014461
52014463
52014491
52014493
52014499
52014539
52014583
52014607
52014619
52014623
52014631
52014643
52014659
52014667
52014673
52014701
52014709
52014731
52014737
52014749
52014757
52014769
52014779
52014791
52014793
52014803
52014811
52014817
52014827
52014829
52014863
52014871
52014923
52014929
52014961
52014979
52014997
52015003
52015013
52015031
52015037
52015039
52015043
52015063
52015099
52015109
52015123
52015129
52015133
52015147
52015169
52015177
52015181
52015193
52015211
52015247
52015297
52015343
52015349
52015361
52015373
52015387
52015399
52015409
52015433
52015441
52015463
52015471
52015477
52015487
52015501
52015541
52015547
52015549
52015553
52015567
52015583
52015591
52015637
52015643
52015669
52015679
52015687
52015703
52015709
52015729
52015739
52015759
52015823
52015837
52015849
52015883
52015889
52015933
52015963
52015967
52016033
52016057
52016093
52016099
52016101
52016113
52016137
52016143
52016149
52016177
52016203
52016221
52016291
52016299
52016309
52016351
52016381
52016389
52016399
52016423
52016431
52016453
52016473
52016477
52016507
52016519
52016527
52016539
52016557
52016567
52016579
52016581
52016603
52016611
52016621
52016683
52016689
52016693
52016707
52016711
52016743
52016803
52016831
52016837
52016849
52016891
52016897
52016917
52017011
52017019
52017023
52017037
52017067
52017113
52017137
52017139
52017149
52017181
52017187
52017209
52017211
52017223
52017247
52017253
52017281
52017289
52017299
52017311
52017347
52017359
52017373
52017377
52017389
52017439
52017451
52017457
52017463
52017509
52017521
52017541
52017551
52017557
52017583
52017601
52017607
52017617
52017631
52017703
52017733
52017737
52017769
52017817
52017853
52017863
52017869
52017871
52017887
52017913
52017923
52017983
52017989
52018007
52018033
52018039
52018061
52018073
52018123
52018139
52018151
52018229
52018243
52018259
52018271
52018289
52018297
52018301
52018303
52018313
52018319
52018321
52018349
52018357
52018361
52018457
52018459
52018469
52018501
52018511
52018517
52018529
52018531
52018573
52018579
52018591
52018601
52018607
52018619
52018667
52018669
52018693
52018697
52018727
52018739
52018807
52018817
52018823
52018831
52018843
52018849
52018859
52018877
52018919
52018933
52018969
52018991
52018999
52019021
52019027
52019039
52019053
52019057
52019059
52019087
52019089
52019101
52019111
52019137
52019161
52019173
52019189
52019203
52019213
52019237
52019249
52019273
52019287
52019309
52019323
52019351
52019389
52019419
52019431
52019449
52019453
52019467
52019479
52019501
52019531
52019557
52019567
52019573
52019579
52019593
52019599
52019603
52019621
52019689
52019713
52019717
52019719
52019731
52019749
52019753
52019771
52019789
52019791
52019819
52019831
52019833
52019837
52019843
52019861
52019867
52019893
52019897
52019899
52019921
52019927
52019941
52019959
52019963
52019987
52020013
52020053
52020061
52020079
52020097
52020109
52020121
52020127
52020131
52020149
52020169
52020191
52020193
52020203
52020217
52020257
52020259
52020281
52020299
52020307
52020317
52020337
52020361
52020377
52020379
52020383
52020413
52020439
52020467
52020481
52020491
52020539
52020547
52020571
52020593
52020601
52020607
52020643
52020649
52020653
52020671
52020679
52020701
52020721
52020737
52020769
52020791
52020797
52020823
52020827
52020887
52020911
52020973
52020977
52021033
52021049
52021051
52021063
52021093
52021117
52021129
52021133
52021141
52021181
52021201
52021219
52021247
52021261
52021313
52021369
52021381
52021393
52021397
52021399
52021451
52021477
52021481
52021493
52021511
52021523
52021549
52021553
52021559
52021583
52021609
52021631
52021643
52021687
52021693
52021703
52021727
52021729
52021733
52021757
52021789
52021831
52021841
52021843
52021847
52021859
52021877
52021897
52021927
52021951
52021961
52021967
52021979
52022017
52022029
52022039
52022059
52022077
52022093
52022101
52022161
52022177
52022183
52022213
52022221
52022231
52022239
52022249
52022263
52022273
52022281
52022293
52022357
52022359
52022393
52022401
52022423
52022429
52022441
52022449
52022459
52022461
52022473
52022489
52022497
52022603
52022611
52022687
52022693
52022699
52022713
52022759
52022783
52022797
52022857
52022863
52022869
52022879
52022899
52022909
52022947
52022953
52022963
52022977
52023011
52023017
52023019
52023089
52023107
52023109
52023119
52023133
52023149
52023173
52023199
52023203
52023233
52023253
52023269
52023287
52023319
52023337
52023341
52023353
52023371
52023373
52023379
52023397
52023403
52023409
52023431
52023467
52023469
52023473
52023479
52023481
52023511
52023551
52023583
52023613
52023623
52023641
52023649
52023659
52023661
52023683
52023707
52023733
52023737
52023743
52023773
52023799
52023809
52023817
52023823
52023827
52023833
52023841
52023863
52023869
52023871
52023929
52023943
52023977
52023997
52024001
52024003
52024009
52024031
52024067
52024073
52024099
52024123
52024127
52024129
52024163
52024177
52024207
52024211
52024213
52024237
52024279
52024303
52024319
52024333
52024411
52024421
52024433
52024439
52024493
52024499
52024523
52024529
52024543
52024549
52024571
52024589
52024601
52024633
52024639
52024673
52024681
52024703
52024729
52024741
52024751
52024759
52024783
52024801
52024807
52024871
52024877
52024891
52024909
52024963
52024967
52024993
52025027
52025041
52025047
52025053
52025069
52025107
52025111
52025119
52025137
52025143
52025177
52025189
52025243
52025251
52025257
52025261
52025263
52025297
52025341
52025353
52025357
52025387
52025411
52025429
52025437
52025443
52025459
52025461
52025503
52025513
52025527
52025531
52025543
52025549
52025557
52025599
52025639
52025641
52025653
52025671
52025731
52025749
52025777
52025783
52025789
52025791
52025803
52025821
52025849
52025867
52025879
52025881
52025947
52025951
52025957
52025983
52025989
52025999
52026017
52026041
52026043
52026071
52026077
52026101
52026109
52026113
52026127
52026131
52026179
52026187
52026193
52026269
52026283
52026311
52026323
52026343
52026349
52026353
52026367
52026379
52026383
52026407
52026419
52026421
52026487
52026497
52026521
52026553
52026607
52026643
52026659
52026661
52026671
52026673
52026677
52026683
52026691
52026701
52026703
52026707
52026719
52026721
52026743
52026757
52026763
52026833
52026857
52026859
52026893
52026901
52026917
52026929
52026941
52027007
52027037
52027039
52027049
52027057
52027093
52027099
52027133
52027141
52027147
52027153
52027169
52027177
52027181
52027271
52027273
52027277
52027289
52027307
52027351
52027379
52027387
52027399
52027427
52027433
52027441
52027447
52027457
52027477
52027499
52027511
52027523
52027621
52027627
52027673
52027687
52027691
52027727
52027751
52027753
52027763
52027777
52027813
52027823
52027831
52027849
52027867
52027879
52027891
52027933
52027949
52027991
52028017
52028021
52028051
52028063
52028071
52028077
52028087
52028101
52028111
52028129
52028131
52028153
52028159
52028167
52028183
52028189
52028191
52028203
52028227
52028293
52028299
52028309
52028321
52028329
52028357
52028359
52028363
52028371
52028377
52028393
52028411
52028413
52028423
52028497
52028503
52028513
52028533
52028573
52028579
52028609
52028611
52028617
52028621
52028629
52028657
52028659
52028723
52028731
52028761
52028797
52028803
52028849
52028887
52028903
52028909
52028923
52028927
52028939
52028969
52028971
52028981
52028983
52028989
52029001
52029007
52029053
52029077
52029113
52029119
52029137
52029167
52029181
52029193
52029203
52029221
52029247
52029251
52029259
52029281
52029301
52029323
52029331
52029337
52029343
52029359
52029379
52029389
52029403
52029409
52029413
52029421
52029433
52029491
52029493
52029521
52029541
52029569
52029589
52029641
52029661
52029689
52029709
52029727
52029773
52029781
52029787
52029793
52029823
52029827
52029829
52029853
52029863
52029883
52029899
52029931
52029937
52029959
52029977
52030001
52030009
52030021
52030039
52030051
52030057
52030087
52030157
52030171
52030193
52030207
52030211
52030247
52030267
52030273
52030289
52030313
52030327
52030339
52030357
52030361
52030409
52030411
52030481
52030483
52030513
52030519
52030549
52030567
52030571
52030597
52030633
52030637
52030697
52030729
52030733
52030753
52030777
52030801
52030831
52030841
52030877
52030879
52030907
52030921
52030939
52030967
52030981
52031003
52031027
52031039
52031047
52031069
52031081
52031087
52031099
52031117
52031149
52031153
52031179
52031197
52031201
52031207
52031227
52031279
52031293
52031297
52031311
52031341
52031347
52031381
52031387
52031401
52031411
52031417
52031459
52031461
52031471
52031489
52031513
52031521
52031549
52031563
52031587
52031593
52031669
52031723
52031737
52031741
52031767
52031779
52031783
52031801
52031809
52031813
52031821
52031827
52031851
52031939
52031977
52031983
52031989
52032017
52032037
52032047
52032059
52032073
52032077
52032083
52032103
52032109
52032139
52032143
52032151
52032161
52032179
52032191
52032199
52032209
52032247
52032269
52032289
52032301
52032313
52032347
52032377
52032413
52032419
52032437
52032457
52032493
52032503
52032523
52032527
52032559
52032569
52032577
52032587
52032593
52032599
52032611
52032667
52032671
52032679
52032683
52032689
52032703
52032707
52032719
52032727
52032751
52032763
52032769
52032779
52032781
52032809
52032821
52032823
52032833
52032853
52032857
52032863
52032907
52032913
52032917
52032941
52032947
52032983
52033021
52033057
52033067
52033081
52033109
52033117
52033181
52033193
52033207
52033213
52033237
52033253
52033307
52033309
52033313
52033321
52033357
52033361
52033363
52033367
52033369
52033391
52033393
52033403
52033409
52033459
52033463
52033493
52033519
52033523
52033529
52033537
52033573
52033589
52033591
52033637
52033649
52033661
52033669
52033673
52033687
52033697
52033703
52033727
52033733
52033763
52033769
52033771
52033777
52033781
52033789
52033823
52033829
52033867
52033871
52033907
52033931
52033937
52033963
52033967
52033973
52033987
52034011
52034023
52034041
52034051
52034053
52034113
52034131
52034137
52034189
52034197
52034221
52034237
52034239
52034243
52034251
52034273
52034317
52034357
52034387
52034419
52034431
52034447
52034459
52034471
52034491
52034509
52034527
52034539
52034557
52034573
52034611
52034627
52034629
52034663
52034669
52034677
52034761
52034779
52034783
52034791
52034803
52034819
52034831
52034837
52034861
52034869
52034881
52034887
52034893
52034933
52034951
52034953
52034959
52034999
52035017
52035023
52035037
52035073
52035083
52035089
52035097
52035133
52035149
52035161
52035163
52035199
52035211
52035229
52035239
52035253
52035259
52035287
52035293
52035307
52035323
52035331
52035341
52035371
52035397
52035443
52035449
52035457
52035469
52035481
52035527
52035569
