52494341
52494353
52494361
52494367
52494389
52494413
52494457
52494461
52494467
52494469
52494493
52494517
52494581
52494583
52494593
52494619
52494643
52494653
52494661
52494679
52494707
52494731
52494733
52494737
52494769
52494791
52494797
52494803
52494847
52494859
52494863
52494899
52494907
52494917
52494919
52494931
52494943
52494961
52494973
52494979
52494989
52495007
52495019
52495021
52495033
52495067
52495109
52495111
52495117
52495123
52495127
52495147
52495159
52495169
52495207
52495213
52495229
52495231
52495277
52495279
52495283
52495297
52495327
52495351
52495357
52495363
52495367
52495397
52495409
52495411
52495433
52495447
52495451
52495511
52495519
52495543
52495601
52495627
52495631
52495657
52495661
52495691
52495693
52495699
52495717
52495747
52495759
52495763
52495769
52495789
52495799
52495801
52495843
52495853
52495871
52495873
52495901
52495903
52495951
52495957
52495967
52495981
52495987
52496011
52496021
52496029
52496033
52496057
52496099
52496117
52496123
52496131
52496141
52496149
52496161
52496201
52496203
52496219
52496239
52496263
52496267
52496273
52496333
52496387
52496401
52496407
52496413
52496429
52496453
52496461
52496473
52496503
52496513
52496519
52496533
52496551
52496569
52496573
52496581
52496597
52496621
52496681
52496683
52496713
52496729
52496767
52496777
52496803
52496813
52496827
52496831
52496837
52496839
52496863
52496887
52496891
52496993
52497031
52497041
52497077
52497119
52497127
52497131
52497157
52497217
52497227
52497239
52497253
52497257
52497287
52497301
52497311
52497331
52497359
52497373
52497383
52497407
52497409
52497443
52497457
52497469
52497481
52497491
52497499
52497509
52497527
52497541
52497559
52497587
52497623
52497631
52497667
52497677
52497691
52497701
52497713
52497721
52497727
52497793
52497827
52497847
52497869
52497889
52497901
52497923
52497941
52497947
52497959
52497961
52497971
52497979
52498001
52498027
52498109
52498111
52498129
52498139
52498177
52498183
52498241
52498253
52498267
52498289
52498297
52498307
52498337
52498339
52498357
52498367
52498393
52498403
52498417
52498429
52498441
52498447
52498471
52498529
52498547
52498549
52498553
52498559
52498561
52498583
52498609
52498619
52498637
52498681
52498709
52498741
52498757
52498763
52498777
52498781
52498793
52498807
52498813
52498837
52498867
52498889
52498931
52498939
52498969
52498973
52498981
52499017
52499039
52499059
52499063
52499119
52499131
52499137
52499171
52499207
52499221
52499233
52499267
52499269
52499297
52499347
52499351
52499353
52499389
52499437
52499441
52499449
52499471
52499479
52499509
52499537
52499539
52499561
52499569
52499581
52499609
52499617
52499651
52499653
52499669
52499719
52499747
52499749
52499761
52499779
52499789
52499807
52499809
52499813
52499819
52499827
52499849
52499857
52499903
52499933
52499939
52499971
52499977
52500013
52500023
52500047
52500079
52500083
52500109
52500113
52500127
52500187
52500193
52500229
52500251
52500271
52500277
52500293
52500337
52500341
52500347
52500367
52500389
52500397
52500431
52500433
52500473
52500479
52500517
52500523
52500529
52500557
52500583
52500593
52500599
52500611
52500647
52500659
52500689
52500691
52500719
52500761
52500779
52500803
52500839
52500853
52500859
52500863
52500871
52500901
52500923
52500937
52500953
52500961
52500967
52500983
52500989
52500997
52501027
52501037
52501051
52501063
52501067
52501079
52501081
52501103
52501129
52501181
52501201
52501243
52501283
52501289
52501291
52501307
52501333
52501343
52501349
52501363
52501391
52501411
52501417
52501451
52501481
52501487
52501529
52501543
52501577
52501591
52501601
52501619
52501621
52501633
52501717
52501739
52501781
52501793
52501837
52501843
52501849
52501859
52501903
52501909
52501913
52501931
52501949
52501963
52501979
52501987
52501993
52502039
52502041
52502053
52502081
52502083
52502089
52502101
52502113
52502117
52502119
52502161
52502201
52502207
52502221
52502237
52502291
52502309
52502327
52502347
52502363
52502393
52502413
52502419
52502447
52502459
52502467
52502521
52502533
52502539
52502587
52502599
52502621
52502641
52502651
52502657
52502677
52502687
52502693
52502707
52502753
52502771
52502773
52502819
52502831
52502839
52502869
52502873
52502887
52502903
52502929
52502959
52502977
52502999
52503007
52503029
52503047
52503049
52503067
52503091
52503103
52503109
52503149
52503167
52503173
52503179
52503193
52503203
52503221
52503223
52503239
52503257
52503263
52503271
52503299
52503307
52503313
52503317
52503349
52503379
52503397
52503401
52503413
52503419
52503421
52503433
52503439
52503449
52503461
52503467
52503487
52503523
52503541
52503557
52503587
52503613
52503623
52503683
52503697
52503709
52503713
52503727
52503791
52503793
52503797
52503809
52503823
52503827
52503839
52503881
52503887
52503889
52503907
52503911
52503931
52503967
52503977
52503991
52504013
52504031
52504033
52504043
52504051
52504069
52504129
52504139
52504157
52504169
52504183
52504187
52504189
52504219
52504261
52504267
52504271
52504303
52504307
52504327
52504337
52504339
52504357
52504363
52504367
52504373
52504379
52504399
52504409
52504481
52504489
52504511
52504523
52504549
52504567
52504589
52504601
52504603
52504643
52504651
52504679
52504693
52504717
52504741
52504747
52504783
52504787
52504799
52504801
52504841
52504853
52504861
52504913
52504939
52504987
52505069
52505077
52505083
52505093
52505099
52505119
52505137
52505143
52505149
52505171
52505179
52505203
52505207
52505209
52505249
52505261
52505263
52505311
52505317
52505329
52505347
52505363
52505371
52505393
52505407
52505429
52505449
52505471
52505489
52505491
52505501
52505507
52505513
52505587
52505603
52505633
52505647
52505653
52505659
52505681
52505731
52505743
52505753
52505767
52505773
52505779
52505801
52505813
52505833
52505837
52505879
52505897
52505917
52505963
52505977
52505993
52506011
52506023
52506031
52506043
52506059
52506061
52506119
52506127
52506131
52506137
52506143
52506161
52506169
52506203
52506221
52506247
52506257
52506271
52506287
52506301
52506341
52506347
52506361
52506383
52506407
52506427
52506431
52506437
52506463
52506511
52506533
52506541
52506581
52506583
52506593
52506599
52506613
52506647
52506679
52506683
52506697
52506703
52506721
52506731
52506739
52506743
52506749
52506763
52506767
52506793
52506803
52506809
52506821
52506841
52506847
52506869
52506871
52506887
52506893
52506977
52506983
52507009
52507043
52507073
52507093
52507129
52507141
52507151
52507159
52507177
52507193
52507201
52507219
52507223
52507243
52507253
52507283
52507291
52507303
52507309
52507327
52507331
52507333
52507349
52507391
52507409
52507417
52507489
52507493
52507517
52507529
52507531
52507547
52507549
52507573
52507591
52507607
52507613
52507657
52507669
52507673
52507711
52507717
52507723
52507727
52507751
52507753
52507759
52507771
52507783
52507787
52507801
52507841
52507867
52507877
52507879
52507907
52507937
52507957
52508033
52508083
52508119
52508161
52508173
52508177
52508201
52508221
52508233
52508279
52508293
52508297
52508311
52508321
52508341
52508437
52508453
52508479
52508507
52508509
52508549
52508557
52508569
52508591
52508593
52508623
52508627
52508629
52508639
52508653
52508671
52508683
52508717
52508749
52508759
52508777
52508783
52508791
52508857
52508881
52508887
52508893
52508899
52508909
52508923
52508927
52508933
52509001
52509019
52509043
52509047
52509049
52509089
52509109
52509131
52509137
52509143
52509181
52509187
52509241
52509251
52509263
52509269
52509323
52509329
52509371
52509383
52509389
52509403
52509421
52509433
52509439
52509449
52509461
52509463
52509473
52509487
52509511
52509553
52509563
52509577
52509601
52509619
52509637
52509649
52509659
52509707
52509727
52509739
52509767
52509839
52509841
52509859
52509871
52509887
52509893
52509913
52509917
52509949
52509979
52509997
52510013
52510019
52510037
52510057
52510069
52510103
52510147
52510207
52510223
52510247
52510259
52510261
52510277
52510313
52510351
52510361
52510369
52510391
52510397
52510411
52510427
52510429
52510441
52510457
52510459
52510477
52510481
52510487
52510499
52510519
52510529
52510543
52510553
52510573
52510583
52510597
52510631
52510639
52510643
52510669
52510673
52510687
52510693
52510723
52510753
52510763
52510789
52510811
52510823
52510831
52510837
52510847
52510849
52510879
52510883
52510907
52510949
52510973
52510981
52511009
52511021
52511023
52511033
52511059
52511099
52511111
52511131
52511143
52511149
52511159
52511161
52511171
52511197
52511203
52511227
52511233
52511243
52511273
52511279
52511293
52511297
52511311
52511321
52511341
52511353
52511363
52511377
52511401
52511441
52511477
52511479
52511491
52511509
52511519
52511561
52511567
52511581
52511597
52511651
52511653
52511659
52511681
52511699
52511741
52511773
52511777
52511803
52511867
52511873
52511933
52511957
52511971
52511989
52511999
52512023
52512037
52512077
52512079
52512101
52512107
52512149
52512179
52512217
52512227
52512329
52512353
52512377
52512379
52512391
52512401
52512407
52512457
52512469
52512491
52512527
52512539
52512587
52512613
52512617
52512619
52512641
52512653
52512659
52512673
52512679
52512683
52512721
52512743
52512763
52512781
52512787
52512797
52512809
52512833
52512857
52512869
52512871
52512883
52512899
52512913
52512917
52512931
52512961
52512989
52512991
52513001
52513003
52513007
52513033
52513037
52513049
52513057
52513063
52513079
52513081
52513099
52513121
52513129
52513133
52513151
52513183
52513213
52513217
52513259
52513261
52513267
52513273
52513291
52513297
52513309
52513313
52513337
52513343
52513361
52513367
52513379
52513381
52513387
52513399
52513423
52513441
52513451
52513453
52513457
52513463
52513501
52513507
52513529
52513537
52513541
52513543
52513553
52513589
52513609
52513627
52513633
52513639
52513667
52513691
52513759
52513771
52513789
52513819
52513837
52513843
52513859
52513889
52513897
52513913
52513933
52513961
52513963
52513973
52514023
52514029
52514053
52514069
52514089
52514117
52514167
52514179
52514191
52514197
52514219
52514249
52514257
52514269
52514281
52514291
52514303
52514311
52514353
52514383
52514419
52514431
52514437
52514489
52514503
52514519
52514551
52514587
52514597
52514599
52514641
52514677
52514687
52514701
52514711
52514723
52514731
52514741
52514747
52514771
52514789
52514821
52514857
52514867
52514873
52514909
52514941
52514947
52514963
52514971
52514983
52515007
52515011
52515019
52515059
52515101
52515139
52515163
52515217
52515263
52515277
52515283
52515293
52515313
52515319
52515343
52515349
52515367
52515391
52515439
52515473
52515479
52515481
52515523
52515553
52515569
52515583
52515613
52515649
52515667
52515679
52515713
52515761
52515763
52515773
52515787
52515797
52515817
52515823
52515833
52515851
52515871
52515893
52515899
52515917
52515919
52515929
52515973
52515979
52515997
52516003
52516049
52516067
52516081
52516097
52516099
52516109
52516117
52516147
52516157
52516159
52516169
52516183
52516229
52516259
52516267
52516271
52516297
52516327
52516333
52516363
52516397
52516403
52516421
52516427
52516433
52516447
52516463
52516469
52516483
52516487
52516501
52516523
52516559
52516591
52516643
52516649
52516661
52516663
52516729
52516747
52516753
52516769
52516771
52516823
52516829
52516837
52516861
52516897
52516939
52516943
52516951
52516957
52516967
52517009
52517051
52517077
52517123
52517137
52517141
52517161
52517219
52517221
52517237
52517239
52517243
52517249
52517263
52517287
52517293
52517323
52517327
52517341
52517357
52517363
52517389
52517411
52517429
52517447
52517461
52517473
52517477
52517489
52517497
52517513
52517519
52517527
52517561
52517623
52517629
52517683
52517701
52517711
52517719
52517737
52517747
52517797
52517807
52517819
52517821
52517831
52517833
52517849
52517867
52517873
52517887
52517897
52517977
52517987
52518013
52518019
52518023
52518029
52518041
52518077
52518079
52518113
52518121
52518149
52518157
52518161
52518187
52518209
52518211
52518229
52518233
52518251
52518313
52518343
52518359
52518373
52518379
52518443
52518461
52518481
52518497
52518511
52518517
52518547
52518551
52518563
52518589
52518607
52518611
52518617
52518649
52518659
52518667
52518689
52518701
52518709
52518727
52518731
52518749
52518757
52518769
52518803
52518839
52518847
52518853
52518911
52518941
52519007
52519013
52519031
52519037
52519057
52519063
52519067
52519099
52519133
52519139
52519151
52519153
52519213
52519217
52519253
52519267
52519283
52519303
52519321
52519331
52519387
52519393
52519417
52519427
52519429
52519433
52519447
52519451
52519457
52519463
52519501
52519517
52519543
52519561
52519567
52519601
52519619
52519627
52519639
52519679
52519699
52519711
52519717
52519723
52519769
52519793
52519807
52519823
52519849
52519889
52519891
52519897
52519913
52519927
52519937
52519949
52519969
52519981
52520029
52520051
52520053
52520059
52520077
52520093
52520113
52520129
52520141
52520179
52520213
52520219
52520257
52520261
52520267
52520287
52520317
52520341
52520371
52520381
52520383
52520387
52520401
52520423
52520459
52520471
52520473
52520483
52520513
52520519
52520527
52520597
52520609
52520621
52520641
52520647
52520659
52520717
52520729
52520749
52520773
52520779
52520813
52520857
52520863
52520869
52520903
52520911
52520929
52520953
52520957
52520969
52520981
52521047
52521067
52521071
52521083
52521097
52521101
52521107
52521163
52521169
52521181
52521191
52521193
52521197
52521199
52521221
52521257
52521277
52521311
52521319
52521353
52521373
52521421
52521431
52521433
52521439
52521461
52521479
52521493
52521509
52521559
52521563
52521571
52521577
52521631
52521647
52521683
52521691
52521709
52521727
52521731
52521743
52521773
52521797
52521803
52521809
52521817
52521829
52521841
52521851
52521869
52521893
52521901
52521941
52521971
52522007
52522013
52522033
52522039
52522051
52522073
52522081
52522109
52522111
52522139
52522147
52522157
52522187
52522207
52522229
52522237
52522241
52522273
52522279
52522291
52522303
52522313
52522343
52522369
52522373
52522387
52522411
52522433
52522487
52522507
52522511
52522559
52522607
52522619
52522621
52522633
52522637
52522643
52522661
52522663
52522699
52522709
52522733
52522751
52522759
52522807
52522831
52522837
52522853
52522861
52522867
52522901
52522903
52522919
52522933
52522949
52522963
52522969
52522993
52523027
52523041
52523059
52523063
52523069
52523101
52523117
52523129
52523137
52523143
52523153
52523161
52523171
52523179
52523189
52523203
52523209
52523221
52523231
52523267
52523287
52523291
52523297
52523311
52523369
52523399
52523407
52523423
52523431
52523441
52523447
52523483
52523491
52523519
52523521
52523531
52523561
52523567
52523587
52523633
52523711
52523729
52523753
52523759
52523767
52523777
52523813
52523819
52523837
52523873
52523953
52523963
52523971
52523981
52524001
52524023
52524029
52524041
52524049
52524061
52524071
52524077
52524079
52524083
52524089
52524163
52524179
52524187
52524223
52524247
52524253
52524289
52524299
52524359
52524361
52524377
52524383
52524389
52524391
52524397
52524401
52524413
52524419
52524499
52524523
52524551
52524553
52524557
52524601
52524613
52524623
52524707
52524727
52524733
52524739
52524767
52524779
52524817
52524827
52524839
52524853
52524859
52524869
52524907
52524919
52524929
52524971
52525001
52525021
52525027
52525037
52525051
52525069
52525079
52525093
52525097
52525133
52525147
52525171
52525183
52525201
52525259
52525267
52525289
52525313
52525321
52525327
52525339
52525357
52525373
52525379
52525381
52525391
52525411
52525433
52525477
52525483
52525493
52525541
52525553
52525559
52525579
52525589
52525591
52525601
52525619
52525621
52525667
52525673
52525727
52525771
52525793
52525799
52525841
52525853
52525867
52525877
52525883
52525933
52525981
52525987
52525999
52526003
52526011
52526029
52526053
52526069
52526081
52526083
52526093
52526113
52526137
52526147
52526167
52526171
52526197
52526239
52526291
52526321
52526351
52526423
52526437
52526449
52526471
52526489
52526491
52526527
52526533
52526543
52526557
52526561
52526563
52526599
52526603
52526609
52526611
52526629
52526671
52526681
52526707
52526711
52526713
52526729
52526737
52526783
52526809
52526813
52526827
52526839
52526843
52526867
52526879
52526891
52526897
52526899
52526911
52526921
52526941
52526959
52526983
52526987
52526993
52527029
52527031
52527053
52527103
52527107
52527121
52527133
52527143
52527151
52527157
52527197
52527227
52527257
52527269
52527271
52527289
52527317
52527329
52527353
52527359
52527367
52527379
52527389
52527401
52527413
52527421
52527451
52527479
52527487
52527493
52527509
52527511
52527521
52527539
52527551
52527557
52527577
52527583
52527593
52527599
52527617
52527689
52527697
52527701
52527707
52527719
52527737
52527743
52527757
52527767
52527779
52527793
52527809
52527821
52527833
52527869
52527887
52527911
52527947
52527967
52527971
52527991
52527997
52528031
52528051
52528057
52528097
52528109
52528111
52528117
52528153
52528171
52528183
52528199
52528213
52528237
52528243
52528303
52528321
52528337
52528363
52528379
52528387
52528397
52528429
52528433
52528439
52528501
52528519
52528523
52528549
52528561
52528579
52528607
52528631
52528633
52528643
52528669
52528687
52528699
52528733
52528753
52528769
52528771
52528799
52528811
52528873
52528877
52528891
52528897
52528909
52528919
52528921
52528933
52528943
52528961
52528967
52528969
52528981
52529039
52529041
52529047
52529111
52529117
52529131
52529177
52529209
52529219
52529227
52529249
52529251
52529287
52529291
52529299
52529327
52529339
52529341
52529363
52529387
52529417
52529419
52529431
52529437
52529441
52529453
52529461
52529467
52529489
52529497
52529537
52529557
52529573
52529579
52529627
52529641
52529663
52529681
52529713
52529747
52529761
52529777
52529791
52529819
52529839
52529863
52529891
52529909
52529921
52529923
52529929
52529941
52529951
52529959
52529969
52529987
52530007
52530011
52530013
52530019
52530053
52530073
52530097
52530109
52530139
52530199
52530209
52530217
52530227
52530241
52530263
52530311
52530329
52530347
52530353
52530371
52530377
52530409
52530419
52530437
52530509
52530587
52530601
52530619
52530659
52530661
52530679
52530691
52530701
52530703
52530707
52530739
52530749
52530809
52530811
52530817
52530823
52530847
52530851
52530853
52530857
52530871
52530889
52530893
52530899
52530923
52530941
52530967
52530979
52531013
52531033
52531043
52531049
52531097
52531099
52531121
52531153
52531163
52531183
52531189
52531247
52531253
52531261
52531307
52531313
52531331
52531361
52531363
52531399
52531403
52531421
52531439
52531459
52531487
52531489
52531511
52531559
52531597
52531621
52531631
52531643
52531657
52531669
52531697
52531709
52531711
52531723
52531733
52531741
52531753
52531769
52531777
52531781
52531837
52531849
52531861
52531901
52531907
52531933
52531951
52531967
52531981
52531987
52531991
52532027
52532033
52532047
52532089
52532099
52532101
52532141
52532147
52532149
52532191
52532209
52532237
52532281
52532287
52532303
52532317
52532327
52532419
52532453
52532461
52532471
52532539
52532561
52532629
52532633
52532647
52532653
52532657
52532707
52532719
52532731
52532783
52532789
52532803
52532807
52532813
52532819
52532861
52532869
52532903
52532959
52532983
52532993
52532999
52533011
52533031
52533049
52533053
52533067
52533071
52533073
52533083
52533097
52533101
52533121
52533133
52533137
52533161
52533199
52533211
52533241
52533269
52533289
52533301
52533319
52533323
52533337
52533343
52533359
52533373
52533379
52533389
52533431
52533443
52533463
52533473
52533493
52533497
52533517
52533527
52533571
52533577
52533581
52533583
52533589
52533617
52533629
52533661
52533667
52533697
52533721
52533731
52533739
52533769
52533773
52533779
52533787
52533839
52533847
52533851
52533857
52533889
52533907
52533913
52533947
52533959
52533989
52533991
52534007
52534019
52534067
52534073
52534091
52534099
52534121
52534123
52534127
52534171
52534193
52534211
52534219
52534253
52534291
52534303
52534309
52534319
52534331
52534333
52534337
52534343
52534357
52534379
52534387
52534393
52534397
52534421
52534441
52534453
52534477
52534483
52534511
52534529
52534541
52534543
52534549
52534567
52534583
52534589
52534597
52534619
52534627
52534649
52534679
52534681
52534697
52534711
52534733
52534751
52534789
52534871
52534873
52534877
52534891
52534897
52534903
52534907
52534939
52535011
52535017
52535023
52535033
52535051
52535081
52535129
52535141
52535159
52535191
52535233
52535239
52535257
52535261
52535279
52535317
52535333
52535341
52535347
52535363
52535393
52535419
52535447
52535471
52535503
52535507
52535533
52535537
52535563
52535573
52535599
52535629
52535633
52535647
52535653
52535687
52535713
52535759
52535767
52535771
52535803
52535807
52535827
52535863
52535867
52535881
52535897
52535909
52535911
52535921
52535927
52535947
52535957
52535971
52535999
52536049
52536061
52536079
52536101
52536119
52536131
52536151
52536167
52536173
52536179
52536181
52536203
52536233
52536259
52536287
52536317
52536329
52536353
52536359
52536361
52536377
52536383
52536389
52536391
52536397
52536431
52536479
52536481
52536527
52536541
52536563
52536569
52536571
52536581
52536587
52536619
52536641
52536683
52536709
52536721
52536733
52536739
52536769
52536779
52536791
52536839
52536863
52536871
52536877
52536907
52536917
52536923
52536931
52536937
52536959
52536961
52536973
52536983
52536989
52536997
52537027
52537039
52537049
52537103
52537127
52537169
52537181
52537187
52537193
52537201
52537207
52537229
52537249
52537253
52537273
52537283
52537301
52537307
52537349
52537351
52537367
52537369
52537379
52537411
52537417
52537427
52537481
52537517
52537547
52537559
52537577
52537613
52537619
52537631
52537637
52537649
52537663
52537711
52537721
52537729
52537747
52537757
52537781
52537783
52537801
52537811
52537829
52537841
52537843
52537861
52537889
52537913
52537949
52537981
52537987
52538011
52538023
52538029
52538051
52538069
52538089
52538093
52538153
52538183
52538191
52538201
52538209
52538219
52538221
52538237
52538243
52538257
52538293
52538359
52538377
52538383
52538393
52538399
52538407
52538411
52538413
52538429
52538441
52538461
52538501
52538513
52538531
52538533
52538537
52538579
52538581
52538593
52538599
52538609
52538623
52538639
52538641
52538657
52538663
52538699
52538711
52538737
52538771
52538777
52538797
52538813
52538821
52538861
52538879
52538881
52538897
52538929
52538947
52538957
52538963
52538977
52538987
52539031
52539043
52539121
52539127
52539133
52539139
52539143
52539169
52539173
52539191
52539217
52539229
52539269
52539293
52539307
52539317
52539343
52539349
52539379
52539391
52539397
52539433
52539479
52539499
52539511
52539517
52539547
52539577
52539601
52539607
52539623
52539629
52539631
52539649
52539653
52539691
52539701
52539713
52539719
52539733
52539743
52539763
52539791
52539803
52539821
52539829
52539833
52539841
52539857
52539871
52539899
52539917
52539923
52539941
52539973
52539989
52540001
52540063
52540091
52540121
52540151
52540153
52540177
52540237
52540247
52540253
52540277
52540283
52540291
52540321
52540343
52540351
52540357
52540399
52540417
52540429
52540457
52540469
52540483
52540511
52540517
52540519
52540561
52540571
52540589
52540597
52540603
52540613
52540627
52540637
52540661
52540673
52540687
52540699
52540723
52540751
52540759
52540771
52540793
52540799
52540841
52540889
52540919
52540921
52540927
52540933
52540937
52540949
52540963
52540973
52540987
52540997
52541003
52541009
52541051
52541059
52541081
52541107
52541113
52541123
52541171
52541183
52541197
52541201
52541219
52541231
52541233
52541261
52541299
52541317
52541323
52541371
52541381
52541393
52541413
52541431
52541501
52541539
52541561
52541563
52541569
52541581
52541627
52541641
52541651
52541659
52541663
52541689
52541693
52541701
52541717
52541737
52541761
52541767
52541779
52541803
52541831
52541833
52541837
52541843
52541857
52541903
52541927
52541941
52541953
52541963
52542013
52542023
52542043
52542047
52542079
52542089
52542107
52542131
52542157
52542187
52542211
52542221
52542233
52542247
52542253
52542263
52542283
52542311
52542323
52542337
52542341
52542379
52542421
52542437
52542439
52542449
52542473
52542487
52542491
52542493
52542521
52542559
52542601
52542641
52542653
52542667
52542683
52542703
52542713
52542727
52542781
52542793
52542797
52542803
52542823
52542839
52542857
52542859
52542871
52542883
52542953
52543013
52543031
52543069
52543093
52543111
52543121
52543159
52543207
52543237
52543241
52543279
52543289
52543301
52543307
52543349
52543369
52543373
52543409
52543451
52543457
52543459
52543489
52543499
52543537
52543541
52543577
52543613
52543619
52543633
52543637
52543649
52543657
52543669
52543703
52543709
52543717
52543727
52543783
52543817
52543847
52543849
52543861
52543901
52543913
52543943
52543961
52543963
52543973
52543993
52544003
52544017
52544071
52544081
52544123
52544179
52544183
52544203
52544257
52544269
52544293
52544309
52544311
52544321
52544339
52544347
52544353
52544357
52544377
52544381
52544419
52544497
52544533
52544537
52544563
52544567
52544573
52544587
52544593
52544623
52544647
52544651
52544663
52544669
52544689
52544711
52544741
52544749
52544759
52544761
52544777
52544801
52544809
52544813
52544819
52544827
52544881
52544927
52544957
52544959
52544971
52545007
52545019
52545029
52545037
52545043
52545049
52545061
52545083
52545139
52545151
52545167
52545173
52545193
52545211
52545221
52545247
52545253
52545277
52545281
52545289
52545293
52545299
52545301
52545307
52545319
52545329
52545331
52545343
52545371
52545373
52545397
52545421
52545491
52545497
52545509
52545523
52545539
52545551
52545599
52545607
52545617
52545637
52545643
52545673
52545679
52545683
52545719
52545743
52545761
52545763
52545769
52545781
52545797
52545799
52545841
52545847
52545851
52545853
52545877
52545901
52545907
52545917
52545937
52545943
52545971
52545973
52545979
52545989
52546003
52546019
52546027
52546033
52546061
52546073
52546079
52546103
52546121
52546181
52546183
52546199
52546217
52546279
52546321
52546357
52546363
52546367
52546369
52546391
52546397
52546433
52546441
52546453
52546493
52546499
52546531
52546537
52546561
52546567
52546573
52546577
52546601
52546621
52546633
52546649
52546657
52546661
52546687
52546699
52546721
52546733
52546751
52546763
52546777
52546783
52546841
52546843
52546853
52546861
52546873
52546877
52546889
52546931
52546957
52546969
52546981
52546997
52546999
52547003
52547021
52547023
52547039
52547059
52547063
52547071
52547083
52547107
52547129
52547149
52547191
52547197
52547237
52547321
52547329
52547351
52547389
52547401
52547423
52547431
52547447
52547461
52547471
52547477
52547491
52547503
52547513
52547567
52547569
52547587
52547611
52547639
52547669
52547683
52547689
52547707
52547717
52547753
52547783
52547813
52547827
52547851
52547879
52547903
52547921
52547923
52547941
52547947
52547953
52547959
52547981
52548011
52548017
52548061
52548079
52548109
52548113
52548121
52548143
52548149
52548157
52548163
52548191
52548211
52548227
52548229
52548233
52548239
52548253
52548259
52548283
52548311
52548313
52548337
52548341
52548367
52548383
52548403
52548413
52548421
52548439
52548443
52548481
52548487
52548497
52548499
52548521
52548523
52548553
52548557
52548563
52548571
52548611
52548647
52548659
52548673
52548677
52548697
52548701
52548707
52548719
52548779
52548781
52548817
52548823
52548863
52548871
52548919
52548941
52548943
52548959
52548973
52549001
52549019
52549067
52549097
52549099
52549127
52549151
52549153
52549163
52549183
52549199
52549201
52549207
52549219
52549223
52549253
52549267
52549271
52549283
52549291
52549297
52549303
52549349
52549351
52549369
52549379
52549381
52549403
52549423
52549429
52549439
52549463
52549477
52549489
52549493
52549513
52549517
52549531
52549559
52549579
52549597
52549603
52549631
52549643
52549709
52549753
52549781
52549789
52549793
52549799
52549813
52549831
52549837
52549897
52549921
52549949
52549969
52550033
52550063
52550081
52550087
52550093
52550119
52550123
52550131
52550137
52550149
52550167
52550191
52550203
52550207
52550209
52550221
52550227
52550237
52550243
52550261
52550263
52550287
52550299
52550389
52550411
52550413
52550419
52550431
52550467
52550489
52550503
52550513
52550521
52550539
52550543
52550551
52550557
52550573
52550591
52550593
52550609
52550627
52550629
52550647
52550657
52550669
52550671
52550677
52550681
52550683
52550731
52550737
52550741
52550759
52550783
52550801
52550809
52550831
52550857
52550881
52550899
52550917
52550923
52550933
52550947
52550977
52551001
52551041
52551049
52551061
52551071
52551077
52551089
52551091
52551151
52551157
52551173
52551179
52551223
52551227
52551229
52551263
52551269
52551307
52551319
52551329
52551337
52551341
52551349
52551361
52551371
52551377
52551413
52551467
52551469
52551487
52551503
52551529
52551553
52551557
52551589
52551599
52551623
52551637
52551643
52551661
52551671
52551679
52551703
52551749
52551767
52551773
52551797
52551817
52551823
52551833
52551839
52551841
52551859
52551883
52551887
52551899
52551907
52551923
52551937
52551979
52551997
52552009
52552013
52552021
52552039
52552103
52552127
52552133
52552153
52552177
52552193
52552207
52552211
52552231
52552243
52552249
52552267
52552273
52552277
52552319
52552327
52552333
52552337
52552361
52552373
52552399
52552411
52552417
52552433
52552441
52552501
52552541
52552547
52552561
52552573
52552597
52552607
52552637
52552639
52552679
52552697
52552771
52552793
52552811
52552823
52552847
52552853
52552859
52552889
52552891
52552897
52552921
52552931
52552949
52552961
52552979
52553041
52553047
52553101
52553113
52553119
52553131
52553141
52553161
52553167
52553173
52553197
52553213
52553227
52553231
52553233
52553257
52553287
52553311
52553317
52553323
52553327
52553329
52553351
52553363
52553387
52553399
52553429
52553437
52553491
52553569
52553573
52553591
52553603
52553609
52553617
52553621
52553693
52553717
52553729
52553747
52553777
52553779
52553789
52553803
52553833
52553843
52553861
52553903
52553911
52553947
52553957
52553983
52553989
52553993
52554031
52554043
52554049
52554053
52554059
52554067
52554071
52554077
52554079
52554101
52554107
52554137
52554143
52554167
52554179
52554199
52554253
52554283
52554317
52554343
52554347
52554349
52554353
52554373
52554377
52554391
52554421
52554431
52554457
52554473
52554499
52554511
52554527
52554529
52554533
52554539
52554569
52554571
52554577
52554613
52554647
52554683
52554721
52554727
52554737
52554739
52554773
52554787
52554791
52554797
52554809
52554841
52554851
52554857
52554881
52554913
52554917
52554919
52554941
52554947
52554961
52554967
52555003
52555021
52555031
52555037
52555039
52555043
52555051
52555103
52555147
52555169
52555183
52555189
52555201
52555219
52555289
52555309
52555339
52555357
52555379
52555397
52555409
52555423
52555427
52555439
52555469
52555471
52555493
52555499
52555507
52555513
52555519
52555543
52555583
52555597
52555609
52555631
52555639
52555697
52555717
52555739
52555771
52555781
52555793
52555817
52555829
52555883
52555903
52555931
52555963
52555969
52555981
52555999
52556087
52556089
52556107
52556111
52556171
52556183
52556209
52556237
52556267
52556269
52556281
52556291
52556321
52556327
52556353
52556389
52556393
52556407
52556411
52556429
52556437
52556447
52556453
52556459
52556467
52556477
52556479
52556509
52556531
52556533
52556561
52556573
52556591
52556593
52556599
52556611
52556617
52556627
52556653
52556659
52556681
52556683
52556689
52556701
52556719
52556723
52556731
52556747
52556753
52556759
52556767
52556783
52556813
52556821
52556851
52556887
52556893
52556923
52556939
52556953
52556989
52556993
52557017
52557053
52557061
52557073
52557101
52557119
52557143
52557157
52557179
52557209
52557221
52557229
52557247
52557257
52557289
52557301
52557311
52557347
52557361
52557371
52557383
52557391
52557409
52557419
52557451
52557467
52557473
52557487
52557497
52557499
52557529
52557551
52557559
52557601
52557611
52557623
52557641
52557671
52557677
52557697
52557719
52557749
52557763
52557767
52557823
52557833
52557851
52557881
52557887
52557899
52557907
52557937
52557943
52557977
52557979
52557983
52558001
52558031
52558039
52558049
52558069
52558081
52558087
52558091
52558097
52558109
52558127
52558133
52558153
52558171
52558211
52558229
52558249
52558277
52558291
52558301
52558343
52558349
52558357
52558399
52558417
52558453
52558459
52558483
52558511
52558559
52558573
52558591
52558603
52558607
52558631
52558651
52558661
52558663
52558687
52558697
52558699
52558717
52558739
52558763
52558777
52558787
52558789
52558799
52558801
52558829
52558859
52558871
52558873
52558889
52558897
52558901
52558927
52558931
52558939
52558969
52558993
52558999
52559011
52559033
52559041
52559069
52559081
52559131
52559137
52559161
52559183
52559231
52559237
52559261
52559279
52559293
52559329
52559333
52559357
52559371
52559387
52559389
52559399
52559401
52559407
52559413
52559443
52559483
52559503
52559509
52559519
52559527
52559537
52559543
52559587
52559593
52559603
52559621
52559657
52559671
52559701
52559713
52559723
52559747
52559753
52559777
52559831
52559867
