50593811
50593841
50593849
50593871
50593883
50593889
50593897
50593901
50593913
50593927
50593967
50593969
50593973
50593999
50594021
50594039
50594053
50594081
50594083
50594107
50594143
50594161
50594177
50594189
50594191
50594197
50594209
50594221
50594239
50594249
50594251
50594267
50594293
50594303
50594309
50594317
50594333
50594339
50594347
50594351
50594353
50594377
50594389
50594399
50594417
50594443
50594459
50594477
50594483
50594501
50594543
50594561
50594569
50594611
50594623
50594633
50594693
50594717
50594741
50594743
50594773
50594783
50594833
50594837
50594851
50594899
50594903
50594953
50594969
50594989
50594993
50595011
50595071
50595073
50595089
50595091
50595161
50595163
50595197
50595217
50595229
50595241
50595253
50595257
50595263
50595289
50595319
50595323
50595341
50595361
50595371
50595409
50595427
50595437
50595439
50595463
50595481
50595487
50595527
50595541
50595569
50595619
50595631
50595659
50595661
50595683
50595719
50595731
50595773
50595793
50595799
50595817
50595869
50595931
50595953
50595977
50595991
50595997
50596003
50596027
50596037
50596087
50596109
50596141
50596151
50596153
50596171
50596187
50596193
50596207
50596211
50596223
50596229
50596241
50596283
50596289
50596307
50596321
50596327
50596339
50596349
50596379
50596409
50596421
50596451
50596477
50596489
50596493
50596499
50596529
50596531
50596613
50596621
50596643
50596669
50596691
50596699
50596727
50596739
50596751
50596759
50596781
50596787
50596789
50596817
50596823
50596837
50596873
50596891
50596907
50596919
50596951
50596963
50596969
50596979
50597003
50597009
50597023
50597039
50597069
50597081
50597087
50597089
50597147
50597149
50597153
50597179
50597201
50597213
50597233
50597269
50597293
50597297
50597299
50597303
50597311
50597317
50597329
50597347
50597353
50597359
50597413
50597419
50597441
50597461
50597467
50597497
50597501
50597507
50597509
50597527
50597531
50597579
50597587
50597621
50597623
50597641
50597647
50597681
50597693
50597717
50597753
50597761
50597773
50597777
50597801
50597809
50597843
50597849
50597857
50597863
50597873
50597887
50597917
50597927
50597929
50597947
50598017
50598043
50598061
50598077
50598089
50598113
50598133
50598151
50598173
50598181
50598193
50598217
50598227
50598241
50598269
50598281
50598283
50598299
50598329
50598343
50598371
50598391
50598403
50598407
50598421
50598491
50598497
50598503
50598523
50598557
50598593
50598671
50598719
50598733
50598739
50598773
50598787
50598803
50598811
50598871
50598883
50598887
50598893
50598901
50598907
50598967
50598971
50599007
50599009
50599013
50599019
50599061
50599063
50599097
50599117
50599127
50599187
50599231
50599247
50599249
50599273
50599291
50599301
50599303
50599309
50599319
50599343
50599349
50599363
50599397
50599411
50599427
50599447
50599459
50599477
50599481
50599487
50599501
50599513
50599543
50599547
50599567
50599573
50599583
50599597
50599607
50599613
50599643
50599649
50599669
50599709
50599711
50599729
50599733
50599763
50599799
50599811
50599819
50599823
50599841
50599847
50599849
50599853
50599859
50599873
50599897
50599909
50599921
50599933
50599937
50599957
50599961
50599963
50599981
50600009
50600051
50600057
50600063
50600071
50600083
50600087
50600093
50600113
50600131
50600159
50600183
50600227
50600233
50600239
50600243
50600267
50600281
50600323
50600357
50600371
50600387
50600399
50600413
50600419
50600441
50600443
50600467
50600471
50600489
50600507
50600533
50600567
50600569
50600603
50600617
50600639
50600657
50600677
50600681
50600747
50600749
50600791
50600801
50600821
50600831
50600863
50600873
50600881
50600917
50600939
50600951
50600983
50601037
50601053
50601073
50601079
50601091
50601097
50601107
50601121
50601137
50601139
50601149
50601193
50601209
50601211
50601227
50601233
50601241
50601247
50601277
50601293
50601323
50601347
50601371
50601407
50601431
50601457
50601461
50601493
50601511
50601539
50601559
50601569
50601589
50601611
50601613
50601619
50601631
50601647
50601653
50601709
50601713
50601721
50601767
50601773
50601787
50601799
50601823
50601853
50601857
50601871
50601907
50601917
50601931
50601937
50601961
50601973
50602009
50602031
50602037
50602049
50602061
50602103
50602109
50602133
50602147
50602151
50602163
50602177
50602207
50602229
50602243
50602247
50602267
50602289
50602291
50602297
50602309
50602373
50602379
50602403
50602427
50602429
50602483
50602543
50602577
50602579
50602583
50602609
50602627
50602639
50602649
50602661
50602679
50602687
50602703
50602723
50602729
50602751
50602759
50602771
50602789
50602801
50602813
50602891
50602913
50602957
50602963
50603009
50603029
50603039
50603051
50603053
50603071
50603081
50603083
50603093
50603107
50603149
50603183
50603207
50603209
50603219
50603227
50603233
50603239
50603257
50603261
50603263
50603269
50603299
50603351
50603363
50603369
50603387
50603401
50603417
50603431
50603453
50603459
50603461
50603467
50603491
50603507
50603549
50603603
50603633
50603659
50603671
50603681
50603741
50603767
50603771
50603789
50603803
50603807
50603809
50603867
50603879
50603899
50603941
50603947
50603957
50603989
50604023
50604031
50604041
50604061
50604091
50604107
50604109
50604133
50604149
50604167
50604179
50604193
50604199
50604227
50604233
50604247
50604283
50604287
50604311
50604313
50604317
50604329
50604331
50604349
50604401
50604413
50604443
50604481
50604509
50604517
50604527
50604539
50604557
50604569
50604583
50604601
50604613
50604629
50604637
50604689
50604691
50604703
50604707
50604709
50604727
50604751
50604787
50604811
50604823
50604833
50604859
50604871
50604881
50604893
50604919
50604941
50604943
50604977
50604979
50605001
50605007
50605013
50605031
50605057
50605063
50605069
50605081
50605091
50605097
50605117
50605123
50605127
50605157
50605187
50605201
50605213
50605223
50605231
50605249
50605273
50605327
50605351
50605393
50605403
50605409
50605427
50605433
50605459
50605483
50605517
50605523
50605537
50605553
50605567
50605601
50605649
50605673
50605691
50605697
50605729
50605781
50605811
50605813
50605829
50605859
50605861
50605901
50605921
50605939
50605943
50605993
50606021
50606051
50606107
50606111
50606117
50606119
50606123
50606159
50606183
50606203
50606209
50606221
50606243
50606249
50606251
50606273
50606287
50606317
50606321
50606351
50606359
50606377
50606383
50606389
50606429
50606431
50606449
50606459
50606471
50606489
50606497
50606503
50606513
50606561
50606581
50606617
50606651
50606683
50606687
50606729
50606737
50606749
50606761
50606771
50606789
50606791
50606819
50606839
50606863
50606869
50606893
50606917
50606929
50606999
50607017
50607047
50607077
50607101
50607119
50607143
50607149
50607229
50607281
50607287
50607307
50607313
50607329
50607331
50607377
50607409
50607413
50607433
50607439
50607449
50607457
50607461
50607463
50607467
50607493
50607503
50607509
50607511
50607541
50607547
50607559
50607563
50607569
50607577
50607617
50607649
50607671
50607677
50607679
50607709
50607727
50607737
50607743
50607757
50607763
50607769
50607829
50607859
50607911
50607913
50607941
50607961
50607967
50607983
50608003
50608007
50608009
50608013
50608021
50608037
50608069
50608079
50608087
50608091
50608121
50608127
50608147
50608169
50608241
50608247
50608273
50608279
50608351
50608379
50608409
50608417
50608423
50608429
50608469
50608477
50608483
50608499
50608501
50608513
50608531
50608543
50608559
50608573
50608583
50608603
50608619
50608631
50608661
50608673
50608681
50608687
50608699
50608757
50608781
50608829
50608841
50608861
50608891
50608897
50608931
50608981
50608997
50609003
50609029
50609057
50609063
50609093
50609101
50609113
50609123
50609137
50609149
50609159
50609161
50609171
50609189
50609213
50609219
50609239
50609249
50609281
50609291
50609309
50609327
50609387
50609411
50609413
50609417
50609431
50609441
50609467
50609477
50609479
50609501
50609509
50609543
50609641
50609651
50609717
50609737
50609743
50609777
50609789
50609791
50609807
50609813
50609837
50609861
50609869
50609903
50609917
50609921
50609947
50609981
50609983
50610013
50610029
50610047
50610061
50610083
50610089
50610107
50610121
50610127
50610137
50610151
50610169
50610179
50610193
50610199
50610223
50610227
50610233
50610247
50610253
50610257
50610289
50610293
50610299
50610311
50610347
50610349
50610361
50610367
50610397
50610407
50610421
50610437
50610449
50610457
50610463
50610491
50610499
50610503
50610517
50610529
50610533
50610551
50610559
50610577
50610589
50610619
50610647
50610667
50610689
50610719
50610727
50610733
50610767
50610773
50610799
50610803
50610809
50610823
50610839
50610841
50610881
50610883
50610943
50610949
50610953
50611009
50611013
50611019
50611021
50611027
50611051
50611081
50611087
50611111
50611133
50611139
50611157
50611181
50611217
50611219
50611229
50611241
50611243
50611259
50611289
50611291
50611367
50611369
50611373
50611381
50611391
50611417
50611423
50611441
50611447
50611453
50611469
50611481
50611487
50611493
50611529
50611537
50611549
50611571
50611577
50611607
50611609
50611637
50611651
50611667
50611679
50611681
50611697
50611709
50611723
50611751
50611811
50611889
50611901
50611921
50611927
50611969
50611973
50611987
50611993
50612021
50612033
50612053
50612063
50612069
50612083
50612101
50612113
50612117
50612123
50612129
50612131
50612153
50612197
50612201
50612203
50612207
50612209
50612227
50612239
50612273
50612291
50612299
50612323
50612347
50612357
50612399
50612423
50612437
50612461
50612473
50612477
50612479
50612521
50612531
50612557
50612593
50612629
50612647
50612659
50612663
50612669
50612687
50612699
50612741
50612753
50612759
50612777
50612833
50612839
50612909
50612911
50612921
50612953
50612963
50612971
50612977
50612999
50613001
50613011
50613023
50613037
50613047
50613083
50613089
50613161
50613181
50613217
50613223
50613239
50613253
50613289
50613319
50613331
50613379
50613391
50613401
50613413
50613419
50613443
50613449
50613457
50613517
50613527
50613529
50613559
50613599
50613631
50613637
50613643
50613659
50613679
50613683
50613697
50613707
50613733
50613749
50613757
50613763
50613769
50613779
50613821
50613839
50613847
50613851
50613911
50613919
50613923
50613949
50613973
50613977
50613989
50613991
50614013
50614027
50614037
50614051
50614063
50614093
50614111
50614129
50614141
50614171
50614177
50614183
50614189
50614217
50614241
50614243
50614247
50614307
50614349
50614373
50614379
50614393
50614411
50614429
50614463
50614481
50614511
50614519
50614607
50614633
50614637
50614639
50614649
50614667
50614673
50614691
50614709
50614717
50614757
50614777
50614799
50614807
50614813
50614873
50614897
50614919
50614931
50614937
50614943
50614957
50614987
50614997
50615003
50615009
50615023
50615077
50615087
50615093
50615113
50615141
50615161
50615167
50615189
50615209
50615231
50615251
50615263
50615303
50615311
50615329
50615339
50615359
50615377
50615393
50615401
50615413
50615431
50615437
50615441
50615459
50615489
50615491
50615497
50615501
50615531
50615533
50615549
50615581
50615597
50615603
50615629
50615683
50615693
50615711
50615713
50615729
50615767
50615797
50615809
50615827
50615833
50615837
50615843
50615857
50615879
50615881
50615891
50615897
50615899
50615941
50615947
50615959
50616001
50616047
50616073
50616079
50616091
50616101
50616103
50616109
50616119
50616121
50616127
50616143
50616151
50616161
50616187
50616193
50616199
50616239
50616271
50616283
50616287
50616299
50616359
50616383
50616403
50616451
50616493
50616499
50616523
50616529
50616541
50616563
50616581
50616607
50616617
50616619
50616623
50616647
50616653
50616659
50616661
50616773
50616781
50616793
50616799
50616809
50616827
50616847
50616869
50616877
50616887
50616899
50616913
50616941
50616947
50616953
50616967
50616971
50617013
50617019
50617033
50617051
50617057
50617111
50617157
50617169
50617183
50617201
50617207
50617213
50617283
50617289
50617351
50617363
50617379
50617403
50617409
50617417
50617429
50617439
50617447
50617453
50617459
50617477
50617481
50617519
50617537
50617547
50617573
50617621
50617627
50617631
50617639
50617649
50617667
50617669
50617711
50617717
50617727
50617753
50617757
50617759
50617783
50617841
50617877
50617883
50617901
50617937
50617939
50617951
50617967
50617969
50617979
50617991
50617997
50618039
50618053
50618059
50618077
50618081
50618083
50618089
50618111
50618119
50618123
50618143
50618153
50618159
50618167
50618173
50618177
50618179
50618207
50618209
50618221
50618287
50618327
50618341
50618357
50618363
50618431
50618441
50618453
50618459
50618461
50618521
50618549
50618563
50618569
50618573
50618587
50618591
50618609
50618621
50618647
50618651
50618677
50618683
50618693
50618731
50618749
50618759
50618761
50618773
50618779
50618807
50618851
50618863
50618899
50618903
50618921
50618933
50618941
50618947
50618951
50618963
50618987
50619029
50619031
50619043
50619077
50619083
50619091
50619137
50619139
50619143
50619157
50619167
50619169
50619193
50619199
50619221
50619223
50619229
50619269
50619271
50619301
50619307
50619341
50619397
50619407
50619409
50619427
50619449
50619473
50619479
50619539
50619571
50619599
50619631
50619637
50619641
50619649
50619661
50619671
50619677
50619689
50619697
50619713
50619739
50619749
50619797
50619827
50619851
50619853
50619859
50619889
50619913
50619917
50619937
50619977
50619983
50620001
50620019
50620027
50620039
50620061
50620069
50620091
50620093
50620111
50620127
50620133
50620147
50620153
50620177
50620189
50620211
50620223
50620243
50620307
50620327
50620333
50620337
50620391
50620421
50620429
50620469
50620487
50620499
50620511
50620513
50620547
50620561
50620567
50620571
50620597
50620601
50620607
50620637
50620639
50620673
50620697
50620733
50620741
50620753
50620763
50620771
50620793
50620811
50620819
50620831
50620837
50620853
50620859
50620877
50620931
50620939
50620943
50620957
50620961
50620981
50620987
50620993
50621003
50621009
50621029
50621071
50621093
50621147
50621173
50621231
50621237
50621243
50621251
50621267
50621279
50621287
50621297
50621341
50621369
50621387
50621407
50621423
50621447
50621477
50621479
50621489
50621531
50621539
50621561
50621569
50621579
50621581
50621591
50621603
50621611
50621633
50621647
50621653
50621663
50621677
50621717
50621741
50621749
50621759
50621761
50621771
50621797
50621821
50621843
50621861
50621863
50621881
50621897
50621939
50621951
50621999
50622001
50622007
50622017
50622029
50622037
50622071
50622083
50622113
50622119
50622127
50622161
50622181
50622193
50622203
50622227
50622269
50622283
50622317
50622329
50622343
50622353
50622359
50622373
50622389
50622409
50622419
50622437
50622469
50622491
50622493
50622521
50622527
50622541
50622553
50622557
50622571
50622643
50622667
50622679
50622703
50622709
50622727
50622731
50622751
50622763
50622769
50622797
50622833
50622851
50622857
50622881
50622937
50622941
50622947
50622953
50622967
50623019
50623061
50623063
50623099
50623103
50623159
50623171
50623291
50623301
50623319
50623327
50623369
50623373
50623381
50623387
50623421
50623423
50623439
50623451
50623457
50623477
50623481
50623487
50623499
50623537
50623541
50623567
50623571
50623577
50623579
50623627
50623631
50623649
50623663
50623669
50623673
50623679
50623687
50623693
50623697
50623757
50623777
50623787
50623789
50623799
50623819
50623831
50623843
50623849
50623861
50623871
50623873
50623877
50623901
50623913
50623919
50623921
50623931
50623981
50624087
50624131
50624149
50624153
50624221
50624237
50624261
50624267
50624279
50624281
50624291
50624293
50624297
50624323
50624369
50624383
50624393
50624437
50624447
50624461
50624467
50624501
50624503
50624507
50624513
50624527
50624549
50624573
50624579
50624599
50624611
50624617
50624659
50624663
50624671
50624677
50624681
50624689
50624729
50624737
50624753
50624779
50624813
50624839
50624857
50624869
50624879
50624897
50624921
50624947
50624971
50625007
50625011
50625013
50625067
50625073
50625083
50625137
50625149
50625161
50625187
50625191
50625203
50625227
50625293
50625331
50625353
50625373
50625389
50625391
50625409
50625433
50625437
50625493
50625499
50625517
50625521
50625551
50625563
50625569
50625571
50625593
50625623
50625647
50625667
50625713
50625733
50625739
50625763
50625797
50625833
50625853
50625859
50625871
50625893
50625901
50625907
50625917
50625931
50625961
50625973
50625977
50625997
50626001
50626039
50626049
50626057
50626061
50626109
50626117
50626139
50626159
50626207
50626211
50626229
50626231
50626253
50626273
50626283
50626291
50626309
50626319
50626327
50626363
50626369
50626399
50626417
50626453
50626463
50626481
50626487
50626571
50626613
50626637
50626643
50626669
50626679
50626717
50626727
50626739
50626769
50626777
50626783
50626787
50626789
50626831
50626853
50626859
50626861
50626871
50626931
50626949
50626973
50626991
50627029
50627041
50627081
50627099
50627141
50627167
50627197
50627221
50627249
50627273
50627279
50627287
50627323
50627327
50627363
50627399
50627429
50627441
50627459
50627461
50627483
50627509
50627519
50627527
50627537
50627539
50627543
50627569
50627573
50627587
50627597
50627611
50627627
50627651
50627653
50627657
50627671
50627699
50627719
50627767
50627783
50627791
50627809
50627821
50627827
50627873
50627897
50627903
50627923
50627933
50627981
50627999
50628031
50628059
50628073
50628089
50628101
50628107
50628119
50628131
50628133
50628139
50628143
50628161
50628191
50628199
50628223
50628233
50628241
50628251
50628269
50628299
50628307
50628343
50628367
50628373
50628419
50628421
50628437
50628439
50628443
50628449
50628503
50628509
50628511
50628527
50628551
50628581
50628583
50628619
50628637
50628659
50628661
50628671
50628707
50628709
50628713
50628733
50628769
50628779
50628793
50628821
50628827
50628829
50628847
50628887
50628937
50628953
50628961
50628971
50628979
50628997
50629001
50629067
50629069
50629079
50629093
50629109
50629121
50629127
50629133
50629171
50629193
50629237
50629289
50629291
50629303
50629307
50629321
50629351
50629367
50629373
50629379
50629393
50629409
50629427
50629457
50629459
50629477
50629483
50629487
50629489
50629507
50629531
50629543
50629559
50629567
50629577
50629589
50629633
50629639
50629643
50629651
50629673
50629687
50629703
50629741
50629759
50629769
50629781
50629811
50629837
50629849
50629861
50629897
50629903
50629907
50629921
50629933
50629937
50629991
50629993
50630011
50630017
50630033
50630057
50630093
50630119
50630147
50630159
50630197
50630213
50630243
50630263
50630273
50630287
50630303
50630323
50630339
50630341
50630351
50630381
50630387
50630407
50630413
50630417
50630443
50630453
50630473
50630483
50630501
50630513
50630551
50630579
50630599
50630603
50630621
50630623
50630633
50630639
50630663
50630669
50630707
50630711
50630729
50630759
50630771
50630807
50630831
50630857
50630873
50630887
50630903
50630917
50630929
50630939
50630959
50630971
50630999
50631011
50631043
50631089
50631101
50631109
50631197
50631221
50631241
50631283
50631289
50631293
50631319
50631323
50631331
50631341
50631353
50631359
50631367
50631397
50631467
50631479
50631517
50631547
50631563
50631569
50631583
50631611
50631641
50631667
50631697
50631703
50631727
50631731
50631739
50631781
50631787
50631793
50631803
50631821
50631829
50631859
50631871
50631877
50631881
50631887
50631913
50631923
50631943
50631953
50632003
50632009
50632031
50632051
50632067
50632073
50632081
50632097
50632111
50632133
50632147
50632151
50632181
50632187
50632213
50632237
50632271
50632277
50632303
50632339
50632403
50632423
50632427
50632441
50632471
50632481
50632513
50632537
50632541
50632559
50632567
50632619
50632633
50632639
50632651
50632667
50632693
50632709
50632717
50632781
50632787
50632793
50632807
50632831
50632837
50632849
50632877
50632931
50632937
50632957
50632961
50632969
50632979
50632993
50632999
50633027
50633029
50633047
50633069
50633083
50633117
50633161
50633183
50633197
50633201
50633207
50633243
50633251
50633273
50633339
50633351
50633371
50633399
50633417
50633491
50633521
50633543
50633563
50633567
50633591
50633593
50633629
50633657
50633659
50633699
50633717
50633731
50633753
50633761
50633767
50633771
50633783
50633789
50633809
50633827
50633839
50633851
50633857
50633861
50633887
50633897
50633923
50633941
50633951
50633953
50633959
50633963
50633981
50633983
50633987
50634037
50634043
50634049
50634053
50634071
50634083
50634113
50634151
50634169
50634193
50634197
50634217
50634257
50634271
50634277
50634281
50634299
50634359
50634403
50634421
50634443
50634461
50634469
50634473
50634511
50634527
50634539
50634547
50634553
50634559
50634589
50634593
50634599
50634613
50634629
50634641
50634659
50634709
50634719
50634733
50634739
50634757
50634767
50634797
50634817
50634853
50634863
50634869
50634887
50634889
50634923
50634929
50634977
50634989
50635001
50635003
50635007
50635009
50635033
50635043
50635051
50635097
50635103
50635111
50635139
50635153
50635159
50635219
50635237
50635241
50635253
50635279
50635303
50635331
50635391
50635423
50635433
50635439
50635447
50635457
50635463
50635477
50635523
50635549
50635601
50635609
50635619
50635631
50635633
50635661
50635667
50635681
50635729
50635733
50635751
50635757
50635759
50635763
50635777
50635799
50635867
50635891
50635909
50635951
50635957
50635973
50635997
50635999
50636009
50636021
50636023
50636093
50636099
50636123
50636137
50636141
50636143
50636153
50636191
50636207
50636281
50636293
50636303
50636329
50636357
50636371
50636401
50636429
50636441
50636447
50636471
50636473
50636477
50636483
50636497
50636503
50636533
50636549
50636563
50636567
50636587
50636603
50636623
50636647
50636699
50636737
50636743
50636753
50636797
50636801
50636819
50636821
50636837
50636849
50636891
50636899
50636917
50636923
50636939
50636941
50636959
50636977
50637031
50637047
50637049
50637061
50637073
50637079
50637089
50637143
50637151
50637157
50637179
50637199
50637211
50637241
50637269
50637317
50637319
50637343
50637403
50637409
50637437
50637439
50637443
50637449
50637469
50637479
50637487
50637491
50637511
50637523
50637533
50637541
50637547
50637551
50637563
50637593
50637599
50637607
50637637
50637649
50637667
50637689
50637709
50637721
50637733
50637749
50637751
50637767
50637779
50637791
50637817
50637823
50637833
50637841
50637859
50637877
50637887
50637889
50637913
50637931
50637947
50637959
50637967
50637971
50638009
50638013
50638073
50638099
50638103
50638109
50638127
50638139
50638151
50638201
50638213
50638229
50638253
50638261
50638271
50638297
50638307
50638319
50638327
50638331
50638337
50638349
50638361
50638369
50638397
50638409
50638417
50638453
50638463
50638481
50638501
50638507
50638513
50638517
50638543
50638547
50638561
50638573
50638613
50638619
50638633
50638639
50638661
50638703
50638711
50638739
50638741
50638793
50638807
50638811
50638831
50638871
50638873
50638877
50638879
50638891
50638919
50638943
50638949
50638957
50638961
50638963
50638979
50638997
50639011
50639021
50639053
50639087
50639093
50639101
50639119
50639137
50639159
50639177
50639189
50639207
50639219
50639227
50639231
50639233
50639263
50639269
50639299
50639321
50639339
50639341
50639371
50639377
50639383
50639411
50639417
50639429
50639431
50639453
50639513
50639527
50639531
50639557
50639573
50639581
50639591
50639593
50639623
50639653
50639663
50639689
50639747
50639749
50639777
50639779
50639801
50639803
50639837
50639839
50639863
50639867
50639891
50639893
50639899
50639909
50639929
50639947
50639971
50640011
50640049
50640071
50640077
50640097
50640131
50640133
50640151
50640157
50640169
50640179
50640203
50640217
50640221
50640241
50640251
50640287
50640299
50640307
50640311
50640323
50640347
50640379
50640397
50640413
50640427
50640437
50640439
50640449
50640451
50640463
50640497
50640511
50640517
50640523
50640533
50640559
50640581
50640593
50640613
50640647
50640661
50640673
50640697
50640721
50640727
50640731
50640743
50640767
50640791
50640829
50640851
50640857
50640859
50640893
50640937
50640959
50640979
50641001
50641033
50641037
50641051
50641093
50641111
50641139
50641141
50641159
50641169
50641189
50641237
50641277
50641303
50641307
50641309
50641313
50641319
50641369
50641373
50641379
50641399
50641421
50641433
50641483
50641523
50641583
50641603
50641609
50641621
50641637
50641681
50641687
50641697
50641711
50641729
50641751
50641813
50641819
50641823
50641841
50641867
50641873
50641891
50641901
50641919
50641933
50641939
50641951
50641961
50641991
50641993
50641999
50642023
50642027
50642047
50642129
50642131
50642147
50642153
50642161
50642191
50642197
50642203
50642219
50642227
50642279
50642281
50642299
50642311
50642341
50642369
50642377
50642387
50642399
50642407
50642411
50642441
50642443
50642447
50642479
50642483
50642521
50642539
50642563
50642569
50642587
50642597
50642611
50642629
50642639
50642653
50642659
50642681
50642693
50642717
50642737
50642741
50642773
50642791
50642807
50642819
50642857
50642873
50642887
50642927
50642939
50642953
50642957
50642971
50642981
50642989
50643001
50643023
50643049
50643067
50643071
50643083
50643091
50643101
50643127
50643137
50643139
50643157
50643167
50643179
50643191
50643209
50643211
50643259
50643277
50643301
50643347
50643371
50643407
50643413
50643433
50643449
50643451
50643469
50643511
50643559
50643563
50643577
50643613
50643727
50643737
50643743
50643757
50643763
50643781
50643811
50643821
50643829
50643839
50643871
50643877
50643881
50643899
50644021
50644039
50644073
50644079
50644093
50644103
50644117
50644129
50644141
50644147
50644151
50644189
50644201
50644247
50644249
50644259
50644267
50644271
50644273
50644289
50644301
50644313
50644331
50644351
50644387
50644397
50644423
50644487
50644493
50644499
50644507
50644523
50644549
50644577
50644603
50644619
50644631
50644637
50644651
50644661
50644667
50644673
50644681
50644753
50644771
50644777
50644787
50644807
50644829
50644837
50644849
50644877
50644879
50644889
50644907
50644931
50644967
50644973
50644981
50645009
50645029
50645033
50645053
50645071
50645087
50645093
50645117
50645123
50645129
50645141
50645167
50645173
50645213
50645299
50645303
50645321
50645327
50645359
50645377
50645381
50645383
50645389
50645401
50645407
50645449
50645459
50645467
50645477
50645503
50645509
50645527
50645549
50645587
50645593
50645597
50645627
50645671
50645681
50645689
50645713
50645719
50645731
50645741
50645759
50645761
50645767
50645789
50645797
50645807
50645857
50645863
50645891
50645911
50645927
50645939
50645951
50645981
50646017
50646053
50646059
50646067
50646091
50646103
50646137
50646221
50646223
50646227
50646263
50646283
50646289
50646311
50646317
50646329
50646331
50646353
50646371
50646373
50646397
50646413
50646433
50646443
50646461
50646469
50646503
50646509
50646527
50646569
50646577
50646581
50646593
50646601
50646611
50646613
50646619
50646623
50646649
50646677
50646679
50646691
50646697
50646709
50646727
50646737
50646749
50646763
50646779
50646793
50646803
50646811
50646823
50646829
50646863
50646899
50646929
50646949
50646971
50646983
50647001
50647067
50647073
50647099
50647123
50647133
50647139
50647147
50647151
50647169
50647183
50647189
50647213
50647231
50647237
50647271
50647297
50647313
50647343
50647349
50647379
50647409
50647417
50647433
50647439
50647447
50647451
50647481
50647549
50647567
50647591
50647603
50647621
50647643
50647651
50647657
50647691
50647693
50647703
50647739
50647741
50647757
50647759
50647781
50647789
50647799
50647801
50647813
50647823
50647859
50647867
50647897
50647903
50647907
50647957
50647979
50647991
50648009
50648021
50648027
50648029
50648051
50648071
50648077
50648111
50648113
50648149
50648173
50648179
50648197
50648201
50648207
50648233
50648249
50648263
50648291
50648329
50648341
50648359
50648363
50648383
50648393
50648417
50648431
50648441
50648447
50648459
50648473
50648497
50648519
50648561
50648573
50648603
50648621
50648693
50648701
50648749
50648753
50648777
50648779
50648791
50648809
50648821
50648861
50648879
50648891
50648903
50648909
50648951
50648989
50649029
50649047
50649077
50649083
50649089
50649097
50649163
50649187
50649211
50649233
50649241
50649271
50649293
50649331
50649343
50649367
50649373
50649377
50649433
50649437
50649439
50649449
50649451
50649463
50649491
50649493
50649509
50649527
50649539
50649551
50649593
50649619
50649623
50649659
50649667
50649673
50649701
50649713
50649721
50649733
50649737
50649761
50649769
50649787
50649791
50649799
50649847
50649857
50649869
50649871
50649881
50649961
50649967
50649983
50650007
50650027
50650049
50650091
50650097
50650099
50650109
50650121
50650177
50650183
50650217
50650253
50650277
50650291
50650307
50650309
50650319
50650337
50650357
50650363
50650403
50650423
50650427
50650433
50650441
50650471
50650489
50650499
50650513
50650519
50650529
50650541
50650543
50650547
50650571
50650573
50650583
50650609
50650643
50650651
50650657
50650661
50650687
50650739
50650741
50650753
50650759
50650813
50650823
50650877
50650889
50650909
50650961
50650967
50651011
50651059
50651077
50651137
50651141
50651149
50651173
50651213
50651219
50651231
50651239
50651257
50651273
50651297
50651299
50651309
50651311
50651317
50651327
50651351
50651369
50651401
50651407
50651423
50651431
50651443
50651467
50651479
50651501
50651521
50651527
50651563
50651567
50651569
50651599
50651611
50651621
50651633
50651639
50651647
50651651
50651659
50651683
50651717
50651743
50651747
50651749
50651771
50651801
50651813
50651831
50651837
50651849
50651879
50651903
50651917
50651921
50651969
50651971
50651977
50651989
50652011
50652013
50652023
50652037
50652053
50652071
50652073
50652083
50652089
50652113
50652127
50652169
50652209
50652211
50652227
50652247
50652253
50652257
50652293
50652313
50652317
50652331
50652353
50652361
50652377
50652379
50652389
50652397
50652403
50652421
50652451
50652467
50652517
50652521
50652529
50652541
50652551
50652559
50652587
50652617
50652649
50652677
50652691
50652713
50652731
50652733
50652743
50652751
50652761
50652769
50652781
50652787
50652827
50652869
50652907
50652913
50652919
50652989
50653003
50653019
50653049
50653079
50653121
50653123
50653133
50653151
50653159
50653171
50653177
50653219
50653223
50653243
50653249
50653279
50653307
50653331
50653367
50653397
50653399
50653433
50653439
50653453
50653483
50653513
50653571
50653619
50653651
50653661
50653663
50653679
50653711
50653723
50653741
50653769
50653787
50653789
50653793
50653847
50653853
50653861
50653873
50653927
50653951
50653979
50653997
50654003
50654011
50654047
50654081
50654099
50654143
50654161
50654179
50654183
50654207
50654231
50654251
50654281
50654293
50654321
50654353
50654363
50654389
50654411
50654449
50654489
50654497
50654501
50654521
50654567
50654581
50654603
50654609
50654621
50654633
50654641
50654647
50654657
50654683
50654689
50654701
50654711
50654753
50654761
50654771
50654777
50654783
50654789
50654801
50654819
50654869
50654921
50654927
50654939
50654953
50654963
50655089
50655097
50655103
50655107
50655113
50655127
50655133
50655173
50655181
50655229
50655233
50655239
50655263
50655281
50655289
50655299
50655313
50655317
50655337
50655343
50655379
50655413
50655433
50655443
50655467
50655491
50655497
50655533
50655557
50655569
50655593
50655599
50655617
50655629
50655667
50655697
50655713
50655727
50655739
50655743
50655749
50655751
50655769
50655791
50655809
50655817
50655841
50655851
50655859
50655883
50655889
50655907
50655911
50655929
50655931
50655949
50655967
50656027
50656057
50656079
50656103
50656117
50656153
50656159
50656171
50656217
50656241
50656267
50656273
50656313
50656321
50656343
50656349
50656351
50656357
50656369
50656381
50656399
50656427
50656433
50656439
50656453
50656471
50656483
50656493
50656531
50656547
50656577
50656579
50656631
50656637
50656673
50656687
50656691
50656699
50656721
50656733
50656789
50656799
50656807
50656819
50656841
50656847
50656849
50656877
50656913
50656927
50656937
50656943
50656973
50656981
50656993
50656999
50657003
50657011
50657041
50657077
50657081
50657083
50657119
50657129
50657137
50657143
50657197
50657209
50657213
50657227
50657231
50657239
50657251
50657261
50657281
50657291
50657309
50657359
50657371
50657381
50657419
50657429
50657443
50657447
50657449
50657471
50657491
50657507
50657539
50657543
50657567
50657609
50657611
50657623
50657647
50657653
50657657
50657701
50657713
50657729
50657731
50657749
50657767
50657779
50657791
50657801
50657833
50657851
50657911
50657927
50657941
50657951
50657987
50658007
50658017
50658019
50658053
50658059
50658067
50658103
50658107
50658173
50658193
50658203
50658221
50658263
50658269
50658299
50658319
50658323
50658367
50658373
50658409
50658449
50658451
50658457
50658467
50658473
50658481
50658497
50658529
50658539
50658547
50658551
50658599
50658613
50658637
50658653
50658667
50658697
50658703
50658721
50658733
50658749
50658761
50658781
50658791
50658899
50658913
50658919
50658931
50658941
50658943
50658947
50658973
50659013
50659019
50659039
50659051
50659109
50659127
50659163
50659171
50659181
50659199
50659207
50659241
50659247
50659261
50659267
50659291
50659319
50659321
