54067201
54067229
54067243
54067253
54067267
54067283
54067291
54067301
54067309
54067313
54067333
54067373
54067393
54067399
54067427
54067439
54067477
54067493
54067501
54067511
54067543
54067553
54067577
54067591
54067609
54067613
54067649
54067681
54067691
54067697
54067721
54067729
54067759
54067771
54067781
54067789
54067799
54067823
54067843
54067847
54067873
54067877
54067879
54067921
54067931
54067967
54067987
54067997
54068011
54068017
54068051
54068057
54068059
54068111
54068149
54068159
54068171
54068173
54068191
54068197
54068213
54068219
54068221
54068227
54068233
54068269
54068291
54068293
54068297
54068303
54068317
54068323
54068341
54068351
54068363
54068369
54068393
54068401
54068411
54068437
54068453
54068477
54068489
54068513
54068537
54068543
54068563
54068569
54068611
54068629
54068669
54068671
54068683
54068719
54068741
54068747
54068771
54068797
54068801
54068821
54068827
54068849
54068879
54068887
54068899
54068909
54068921
54068953
54068981
54068999
54069011
54069019
54069047
54069077
54069109
54069121
54069161
54069179
54069187
54069199
54069203
54069217
54069233
54069263
54069287
54069313
54069331
54069359
54069371
54069377
54069397
54069403
54069409
54069413
54069443
54069461
54069467
54069473
54069511
54069551
54069563
54069577
54069581
54069623
54069641
54069647
54069671
54069689
54069721
54069751
54069773
54069779
54069793
54069817
54069889
54069919
54069923
54069937
54069943
54069997
54070001
54070063
54070073
54070097
54070109
54070117
54070127
54070147
54070153
54070157
54070193
54070199
54070223
54070241
54070271
54070279
54070337
54070397
54070399
54070463
54070469
54070481
54070483
54070517
54070537
54070543
54070553
54070559
54070607
54070657
54070669
54070691
54070699
54070711
54070717
54070721
54070741
54070799
54070811
54070813
54070837
54070843
54070847
54070853
54070873
54070879
54070889
54070921
54070969
54070981
54070987
54071011
54071029
54071041
54071047
54071111
54071113
54071119
54071153
54071177
54071179
54071201
54071209
54071219
54071221
54071243
54071267
54071293
54071309
54071351
54071357
54071363
54071371
54071377
54071383
54071387
54071419
54071431
54071443
54071447
54071453
54071489
54071491
54071539
54071561
54071569
54071581
54071593
54071623
54071651
54071659
54071687
54071711
54071729
54071737
54071749
54071767
54071779
54071791
54071813
54071821
54071833
54071839
54071851
54071867
54071869
54071879
54071893
54071939
54071947
54071993
54072017
54072023
54072041
54072061
54072089
54072101
54072107
54072127
54072163
54072173
54072181
54072191
54072197
54072203
54072229
54072247
54072253
54072289
54072299
54072301
54072307
54072311
54072331
54072353
54072367
54072373
54072377
54072391
54072433
54072439
54072449
54072451
54072467
54072509
54072521
54072541
54072569
54072581
54072583
54072593
54072643
54072659
54072671
54072703
54072709
54072713
54072719
54072721
54072731
54072743
54072761
54072787
54072827
54072871
54072883
54072913
54072919
54072979
54073079
54073109
54073121
54073127
54073133
54073177
54073211
54073213
54073223
54073237
54073241
54073247
54073273
54073289
54073291
54073321
54073337
54073351
54073361
54073417
54073423
54073433
54073477
54073499
54073501
54073507
54073561
54073597
54073609
54073619
54073631
54073637
54073693
54073699
54073729
54073741
54073751
54073769
54073781
54073807
54073823
54073837
54073849
54073861
54073871
54073879
54073927
54073937
54073961
54073969
54073979
54073993
54074023
54074063
54074077
54074107
54074113
54074123
54074191
54074213
54074231
54074249
54074281
54074287
54074291
54074329
54074341
54074347
54074359
54074387
54074413
54074429
54074431
54074443
54074453
54074507
54074533
54074543
54074557
54074563
54074597
54074617
54074623
54074639
54074651
54074653
54074663
54074689
54074701
54074707
54074711
54074719
54074729
54074737
54074743
54074747
54074803
54074809
54074831
54074843
54074849
54074851
54074921
54074927
54074959
54074971
54074981
54074983
54075013
54075029
54075041
54075059
54075061
54075137
54075143
54075149
54075157
54075163
54075173
54075193
54075257
54075293
54075313
54075361
54075367
54075403
54075409
54075443
54075449
54075451
54075479
54075491
54075503
54075509
54075523
54075533
54075551
54075559
54075569
54075601
54075617
54075629
54075631
54075641
54075643
54075647
54075661
54075673
54075677
54075689
54075719
54075727
54075733
54075743
54075751
54075757
54075779
54075781
54075797
54075799
54075823
54075839
54075871
54075877
54075893
54075937
54075941
54075947
54075977
54075979
54076003
54076027
54076051
54076093
54076157
54076163
54076189
54076199
54076207
54076237
54076259
54076279
54076291
54076313
54076331
54076333
54076343
54076453
54076457
54076469
54076471
54076501
54076543
54076549
54076553
54076579
54076597
54076601
54076637
54076639
54076691
54076723
54076739
54076769
54076783
54076817
54076819
54076873
54076879
54076903
54076921
54076951
54076961
54076963
54076987
54076993
54077003
54077039
54077053
54077057
54077063
54077069
54077087
54077123
54077137
54077143
54077147
54077183
54077207
54077251
54077263
54077281
54077291
54077297
54077327
54077329
54077333
54077341
54077351
54077371
54077377
54077381
54077411
54077447
54077467
54077473
54077519
54077539
54077549
54077563
54077581
54077587
54077593
54077603
54077651
54077701
54077707
54077711
54077719
54077741
54077753
54077759
54077783
54077909
54077917
54077939
54077963
54077977
54078007
54078029
54078041
54078049
54078097
54078113
54078119
54078151
54078203
54078217
54078223
54078239
54078253
54078257
54078259
54078287
54078293
54078317
54078331
54078371
54078379
54078383
54078419
54078439
54078443
54078457
54078461
54078463
54078469
54078481
54078487
54078491
54078509
54078511
54078517
54078559
54078569
54078587
54078599
54078611
54078643
54078671
54078677
54078679
54078691
54078697
54078701
54078721
54078779
54078781
54078797
54078833
54078859
54078889
54078917
54078919
54078931
54078949
54078961
54078967
54078979
54079007
54079009
54079021
54079031
54079033
54079063
54079087
54079099
54079139
54079189
54079199
54079219
54079241
54079253
54079273
54079297
54079313
54079321
54079327
54079331
54079357
54079379
54079381
54079387
54079391
54079393
54079409
54079411
54079439
54079471
54079481
54079483
54079523
54079547
54079559
54079561
54079573
54079583
54079589
54079591
54079609
54079621
54079633
54079639
54079661
54079667
54079679
54079691
54079709
54079721
54079741
54079747
54079759
54079763
54079807
54079811
54079819
54079843
54079847
54079937
54079979
54080057
54080069
54080071
54080083
54080129
54080141
54080171
54080177
54080183
54080219
54080233
54080239
54080263
54080269
54080287
54080309
54080317
54080333
54080357
54080359
54080363
54080381
54080407
54080413
54080423
54080437
54080443
54080449
54080471
54080473
54080483
54080491
54080497
54080501
54080513
54080527
54080549
54080581
54080603
54080651
54080687
54080693
54080729
54080731
54080743
54080773
54080827
54080839
54080867
54080881
54080899
54080933
54080941
54080947
54080959
54080963
54080977
54081043
54081047
54081107
54081133
54081149
54081169
54081179
54081187
54081221
54081227
54081241
54081263
54081271
54081289
54081311
54081323
54081361
54081367
54081371
54081373
54081407
54081413
54081421
54081431
54081439
54081451
54081493
54081497
54081509
54081527
54081557
54081589
54081593
54081611
54081613
54081617
54081649
54081673
54081691
54081697
54081719
54081749
54081751
54081761
54081773
54081791
54081793
54081857
54081877
54081919
54081941
54081971
54081991
54081997
54082027
54082033
54082079
54082099
54082109
54082141
54082159
54082169
54082211
54082279
54082297
54082307
54082319
54082337
54082339
54082349
54082367
54082393
54082397
54082411
54082439
54082451
54082471
54082489
54082513
54082517
54082529
54082543
54082547
54082549
54082579
54082583
54082597
54082643
54082667
54082669
54082673
54082681
54082687
54082697
54082711
54082727
54082739
54082747
54082753
54082757
54082781
54082793
54082799
54082807
54082837
54082841
54082849
54082871
54082909
54082927
54082943
54082961
54082969
54082979
54082993
54083009
54083017
54083021
54083023
54083033
54083119
54083129
54083147
54083179
54083191
54083213
54083243
54083279
54083287
54083299
54083303
54083311
54083333
54083339
54083357
54083383
54083401
54083423
54083429
54083453
54083459
54083467
54083473
54083501
54083537
54083543
54083567
54083569
54083591
54083599
54083651
54083657
54083663
54083669
54083717
54083719
54083761
54083773
54083791
54083803
54083873
54083891
54083893
54083921
54083923
54083929
54083951
54083963
54083969
54083977
54083989
54083993
54084001
54084007
54084011
54084029
54084049
54084053
54084071
54084131
54084139
54084161
54084227
54084229
54084271
54084281
54084287
54084301
54084319
54084337
54084353
54084379
54084397
54084403
54084409
54084421
54084439
54084473
54084479
54084487
54084517
54084521
54084551
54084557
54084559
54084587
54084593
54084619
54084629
54084631
54084637
54084643
54084649
54084673
54084683
54084689
54084691
54084703
54084749
54084757
54084763
54084829
54084839
54084847
54084869
54084883
54084893
54084907
54084911
54084917
54084923
54084929
54084931
54084941
54084949
54085021
54085061
54085067
54085103
54085117
54085127
54085133
54085139
54085169
54085181
54085201
54085243
54085249
54085253
54085289
54085307
54085321
54085349
54085411
54085439
54085441
54085469
54085501
54085523
54085541
54085543
54085547
54085553
54085561
54085583
54085631
54085639
54085649
54085651
54085679
54085693
54085697
54085709
54085727
54085739
54085747
54085753
54085763
54085781
54085813
54085879
54085937
54085973
54085987
54085991
54086003
54086009
54086017
54086033
54086047
54086059
54086069
54086083
54086099
54086113
54086147
54086161
54086173
54086177
54086191
54086209
54086251
54086261
54086287
54086297
54086311
54086359
54086377
54086381
54086411
54086419
54086423
54086437
54086449
54086453
54086477
54086491
54086509
54086531
54086533
54086551
54086567
54086603
54086663
54086689
54086717
54086729
54086759
54086771
54086783
54086821
54086839
54086861
54086873
54086881
54086891
54086897
54086917
54086947
54086957
54086959
54086969
54086987
54087017
54087029
54087031
54087043
54087071
54087073
54087079
54087101
54087119
54087127
54087139
54087151
54087181
54087203
54087227
54087269
54087277
54087287
54087289
54087301
54087307
54087311
54087317
54087331
54087361
54087367
54087391
54087409
54087443
54087457
54087461
54087479
54087493
54087499
54087503
54087511
54087521
54087533
54087577
54087589
54087617
54087619
54087689
54087701
54087707
54087713
54087721
54087731
54087749
54087757
54087769
54087779
54087797
54087799
54087833
54087853
54087857
54087883
54087919
54087923
54087947
54087967
54087977
54087983
54087991
54087997
54088007
54088009
54088031
54088039
54088051
54088063
54088091
54088121
54088129
54088147
54088159
54088183
54088189
54088207
54088217
54088253
54088259
54088261
54088283
54088289
54088303
54088319
54088327
54088343
54088381
54088403
54088457
54088469
54088483
54088499
54088501
54088511
54088519
54088523
54088589
54088603
54088613
54088621
54088627
54088633
54088691
54088703
54088733
54088753
54088757
54088777
54088787
54088789
54088813
54088823
54088841
54088871
54088889
54088891
54088897
54088907
54088921
54088933
54088997
54089003
54089011
54089039
54089047
54089059
54089069
54089071
54089083
54089093
54089197
54089201
54089213
54089221
54089251
54089293
54089297
54089303
54089311
54089323
54089351
54089363
54089377
54089383
54089401
54089411
54089417
54089419
54089429
54089443
54089467
54089471
54089473
54089479
54089501
54089543
54089549
54089551
54089557
54089573
54089579
54089603
54089617
54089647
54089663
54089731
54089741
54089759
54089773
54089807
54089821
54089873
54089879
54089881
54089899
54089909
54089911
54089923
54089933
54089939
54089953
54089963
54089969
54089983
54089989
54089993
54090011
54090037
54090097
54090109
54090121
54090137
54090149
54090161
54090167
54090217
54090271
54090301
54090313
54090317
54090329
54090341
54090343
54090349
54090383
54090419
54090451
54090461
54090479
54090497
54090499
54090523
54090527
54090529
54090541
54090577
54090593
54090607
54090611
54090613
54090643
54090649
54090671
54090677
54090679
54090683
54090709
54090721
54090731
54090761
54090769
54090791
54090797
54090809
54090811
54090833
54090857
54090863
54090913
54090919
54090943
54090973
54090989
54091019
54091021
54091039
54091049
54091067
54091073
54091087
54091091
54091097
54091099
54091109
54091117
54091123
54091153
54091181
54091199
54091207
54091211
54091223
54091231
54091237
54091241
54091243
54091283
54091319
54091337
54091339
54091357
54091361
54091369
54091381
54091393
54091397
54091417
54091483
54091487
54091489
54091493
54091507
54091511
54091517
54091523
54091529
54091547
54091553
54091571
54091601
54091633
54091663
54091691
54091703
54091769
54091781
54091819
54091823
54091867
54091889
54091897
54091901
54091903
54091913
54091927
54091949
54091951
54091957
54092009
54092029
54092111
54092119
54092123
54092141
54092149
54092173
54092281
54092287
54092369
54092387
54092399
54092417
54092431
54092461
54092491
54092503
54092531
54092567
54092587
54092603
54092609
54092611
54092617
54092663
54092683
54092719
54092741
54092767
54092771
54092783
54092813
54092821
54092879
54092891
54092893
54092933
54092947
54092993
54092999
54093023
54093037
54093059
54093071
54093107
54093119
54093131
54093157
54093161
54093191
54093199
54093203
54093211
54093229
54093239
54093253
54093257
54093271
54093293
54093313
54093331
54093353
54093359
54093373
54093421
54093451
54093503
54093563
54093581
54093583
54093607
54093623
54093647
54093649
54093653
54093659
54093691
54093701
54093709
54093713
54093727
54093733
54093751
54093773
54093797
54093799
54093821
54093827
54093829
54093877
54093899
54093911
54093917
54093929
54093967
54093997
54094009
54094013
54094031
54094057
54094063
54094069
54094081
54094093
54094097
54094099
54094109
54094123
54094141
54094147
54094181
54094189
54094217
54094219
54094231
54094267
54094297
54094303
54094307
54094319
54094351
54094361
54094363
54094399
54094409
54094421
54094423
54094441
54094451
54094477
54094487
54094517
54094519
54094529
54094567
54094571
54094583
54094589
54094591
54094627
54094637
54094639
54094717
54094723
54094727
54094751
54094753
54094757
54094763
54094771
54094787
54094793
54094801
54094811
54094837
54094841
54094849
54094853
54094883
54094891
54094921
54094981
54094987
54094991
54095017
54095039
54095077
54095081
54095087
54095089
54095137
54095143
54095177
54095183
54095189
54095191
54095219
54095231
54095243
54095257
54095273
54095317
54095323
54095339
54095347
54095387
54095407
54095417
54095519
54095521
54095537
54095551
54095557
54095611
54095621
54095623
54095627
54095633
54095693
54095773
54095779
54095801
54095863
54095893
54095897
54095917
54095927
54095929
54095939
54095941
54095947
54095953
54095963
54095971
54095981
54096017
54096061
54096067
54096071
54096073
54096083
54096101
54096121
54096131
54096137
54096149
54096157
54096181
54096197
54096239
54096241
54096283
54096337
54096347
54096353
54096379
54096409
54096421
54096433
54096443
54096463
54096467
54096473
54096481
54096491
54096503
54096521
54096541
54096557
54096583
54096587
54096607
54096617
54096619
54096631
54096641
54096673
54096677
54096683
54096689
54096697
54096719
54096761
54096769
54096787
54096799
54096821
54096853
54096863
54096877
54096937
54096947
54096961
54096979
54097003
54097007
54097013
54097033
54097037
54097049
54097061
54097091
54097097
54097103
54097117
54097129
54097171
54097187
54097189
54097193
54097217
54097223
54097229
54097231
54097249
54097261
54097279
54097289
54097319
54097343
54097361
54097363
54097369
54097399
54097429
54097447
54097457
54097481
54097501
54097529
54097543
54097583
54097591
54097597
54097627
54097639
54097643
54097651
54097709
54097711
54097717
54097739
54097751
54097777
54097787
54097801
54097829
54097837
54097843
54097853
54097871
54097873
54097903
54097919
54097933
54097949
54097991
54098017
54098059
54098071
54098089
54098101
54098159
54098179
54098189
54098197
54098203
54098207
54098227
54098249
54098287
54098299
54098353
54098371
54098417
54098419
54098459
54098467
54098497
54098519
54098533
54098537
54098579
54098581
54098617
54098623
54098651
54098669
54098683
54098713
54098741
54098789
54098791
54098831
54098851
54098857
54098873
54098893
54098897
54098899
54098911
54098953
54098959
54098977
54098983
54099011
54099037
54099041
54099109
54099119
54099161
54099163
54099169
54099173
54099179
54099187
54099191
54099229
54099263
54099277
54099281
54099293
54099299
54099313
54099341
54099343
54099347
54099359
54099361
54099431
54099443
54099467
54099481
54099503
54099509
54099511
54099523
54099533
54099581
54099583
54099589
54099599
54099601
54099613
54099641
54099653
54099659
54099667
54099671
54099737
54099751
54099779
54099781
54099791
54099811
54099833
54099901
54099931
54099953
54099959
54099989
54100009
54100043
54100073
54100093
54100099
54100133
54100139
54100141
54100153
54100169
54100181
54100183
54100187
54100231
54100259
54100271
54100309
54100331
54100379
54100433
54100447
54100471
54100483
54100499
54100507
54100517
54100523
54100547
54100567
54100583
54100589
54100597
54100601
54100609
54100621
54100633
54100637
54100639
54100663
54100667
54100687
54100721
54100759
54100763
54100769
54100777
54100789
54100799
54100801
54100831
54100883
54100903
54100909
54100927
54100931
54100939
54100967
54100973
54100997
54101023
54101027
54101051
54101063
54101119
54101197
54101209
54101239
54101273
54101279
54101321
54101351
54101381
54101389
54101413
54101461
54101473
54101477
54101507
54101527
54101561
54101573
54101581
54101609
54101647
54101651
54101657
54101669
54101741
54101743
54101753
54101777
54101779
54101843
54101857
54101867
54101891
54101893
54101899
54101947
54101951
54101989
54102019
54102053
54102067
54102091
54102107
54102131
54102133
54102149
54102151
54102163
54102199
54102221
54102229
54102239
54102263
54102277
54102283
54102319
54102337
54102341
54102343
54102359
54102361
54102383
54102403
54102421
54102427
54102467
54102491
54102511
54102523
54102539
54102541
54102577
54102583
54102589
54102599
54102617
54102641
54102649
54102667
54102677
54102679
54102689
54102691
54102703
54102749
54102761
54102779
54102793
54102863
54102871
54102883
54102887
54102907
54102911
54102947
54102977
54103003
54103037
54103087
54103097
54103141
54103169
54103171
54103187
54103193
54103219
54103243
54103249
54103261
54103271
54103289
54103297
54103303
54103307
54103319
54103327
54103381
54103391
54103411
54103433
54103471
54103481
54103487
54103549
54103561
54103597
54103601
54103603
54103607
54103631
54103661
54103663
54103667
54103691
54103717
54103727
54103733
54103739
54103757
54103759
54103771
54103789
54103807
54103817
54103853
54103859
54103867
54103871
54103873
54103891
54103913
54103939
54103967
54103991
54103999
54104069
54104093
54104137
54104143
54104147
54104161
54104209
54104261
54104263
54104299
54104311
54104327
54104329
54104333
54104341
54104383
54104389
54104399
54104417
54104447
54104497
54104507
54104509
54104521
54104527
54104549
54104551
54104569
54104597
54104639
54104653
54104683
54104747
54104773
54104779
54104801
54104819
54104839
54104857
54104861
54104893
54104909
54104917
54104927
54104971
54104983
54105001
54105019
54105031
54105043
54105089
54105119
54105151
54105157
54105167
54105193
54105197
54105221
54105229
54105239
54105241
54105257
54105277
54105287
54105307
54105341
54105349
54105371
54105409
54105437
54105449
54105461
54105473
54105487
54105511
54105539
54105553
54105587
54105593
54105613
54105631
54105659
54105671
54105697
54105721
54105743
54105761
54105767
54105769
54105809
54105817
54105839
54105871
54105893
54105899
54105929
54105949
54105971
54105973
54105979
54105983
54106001
54106033
54106043
54106049
54106061
54106069
54106079
54106081
54106093
54106103
54106109
54106111
54106139
54106147
54106177
54106181
54106211
54106229
54106277
54106279
54106303
54106333
54106379
54106387
54106397
54106411
54106417
54106421
54106441
54106457
54106463
54106477
54106483
54106523
54106553
54106589
54106607
54106639
54106667
54106673
54106681
54106739
54106747
54106751
54106763
54106769
54106777
54106783
54106807
54106841
54106849
54106859
54106861
54106901
54106909
54106931
54106951
54106957
54106967
54106973
54106979
54106991
54106993
54107051
54107057
54107077
54107093
54107111
54107147
54107153
54107171
54107173
54107197
54107203
54107213
54107219
54107233
54107281
54107299
54107353
54107401
54107407
54107419
54107423
54107437
54107453
54107479
54107483
54107509
54107519
54107531
54107539
54107561
54107563
54107567
54107587
54107629
54107663
54107689
54107693
54107699
54107701
54107723
54107737
54107749
54107759
54107773
54107777
54107789
54107827
54107831
54107869
54107909
54107971
54107993
54108007
54108049
54108077
54108083
54108101
54108137
54108149
54108157
54108169
54108179
54108203
54108211
54108247
54108253
54108277
54108289
54108293
54108311
54108317
54108337
54108359
54108367
54108407
54108419
54108437
54108449
54108451
54108473
54108503
54108511
54108521
54108533
54108553
54108559
54108563
54108583
54108589
54108617
54108641
54108661
54108679
54108709
54108721
54108727
54108737
54108757
54108767
54108781
54108787
54108829
54108833
54108851
54108869
54108871
54108877
54108893
54108907
54108931
54108973
54109001
54109009
54109021
54109039
54109067
54109103
54109163
54109193
54109213
54109243
54109247
54109301
54109333
54109339
54109369
54109387
54109411
54109417
54109427
54109483
54109513
54109519
54109529
54109541
54109553
54109567
54109613
54109637
54109687
54109697
54109703
54109721
54109751
54109753
54109771
54109807
54109813
54109817
54109819
54109829
54109843
54109859
54109879
54109897
54109901
54109907
54109921
54109927
54109949
54109981
54109987
54110003
54110029
54110033
54110041
54110047
54110051
54110057
54110141
54110149
54110153
54110179
54110197
54110213
54110219
54110227
54110239
54110261
54110267
54110333
54110341
54110351
54110359
54110363
54110369
54110377
54110417
54110431
54110437
54110453
54110471
54110503
54110519
54110533
54110569
54110587
54110627
54110629
54110647
54110659
54110663
54110669
54110759
54110801
54110809
54110821
54110867
54110929
54110941
54110951
54110981
54111011
54111037
54111059
54111073
54111091
54111133
54111137
54111139
54111181
54111223
54111227
54111247
54111257
54111283
54111307
54111313
54111347
54111371
54111397
54111413
54111439
54111503
54111509
54111511
54111529
54111539
54111553
54111557
54111611
54111613
54111623
54111667
54111671
54111683
54111703
54111721
54111737
54111773
54111787
54111793
54111809
54111821
54111839
54111853
54111857
54111859
54111877
54111913
54111917
54111929
54111949
54111961
54111973
54111983
54111997
54112001
54112043
54112049
54112111
54112141
54112187
54112193
54112213
54112249
54112271
54112273
54112277
54112327
54112339
54112351
54112363
54112367
54112403
54112433
54112439
54112477
54112501
54112529
54112543
54112549
54112567
54112571
54112573
54112601
54112603
54112607
54112609
54112613
54112633
54112657
54112679
54112693
54112697
54112699
54112727
54112733
54112739
54112757
54112769
54112771
54112787
54112829
54112831
54112879
54112897
54112937
54112973
54112991
54112999
54113041
54113047
54113051
54113077
54113113
54113119
54113123
54113131
54113173
54113179
54113231
54113233
54113237
54113249
54113251
54113263
54113281
54113299
54113413
54113429
54113441
54113453
54113461
54113483
54113489
54113491
54113519
54113537
54113581
54113597
54113603
54113617
54113621
54113627
54113629
54113639
54113699
54113701
54113711
54113723
54113743
54113753
54113777
54113803
54113819
54113833
54113837
54113863
54113867
54113887
54113897
54113903
54113933
54113953
54113959
54113977
54113981
54113989
54113993
54114013
54114023
54114059
54114089
54114103
54114107
54114133
54114139
54114149
54114157
54114161
54114187
54114191
54114209
54114217
54114233
54114317
54114329
54114353
54114367
54114371
54114373
54114419
54114427
54114439
54114479
54114481
54114497
54114509
54114523
54114539
54114563
54114569
54114611
54114631
54114649
54114677
54114701
54114703
54114713
54114733
54114737
54114751
54114787
54114799
54114803
54114817
54114821
54114829
54114833
54114839
54114877
54114889
54114901
54114911
54114913
54114947
54114971
54114989
54115003
54115007
54115013
54115031
54115037
54115069
54115109
54115111
54115129
54115141
54115147
54115151
54115153
54115207
54115223
54115241
54115291
54115307
54115319
54115379
54115393
54115417
54115441
54115447
54115469
54115483
54115487
54115489
54115499
54115507
54115513
54115517
54115519
54115541
54115559
54115577
54115583
54115603
54115609
54115627
54115631
54115639
54115643
54115651
54115661
54115679
54115681
54115693
54115717
54115729
54115741
54115759
54115783
54115799
54115829
54115877
54115889
54115909
54115931
54115937
54115939
54115949
54115951
54115961
54115979
54116003
54116011
54116071
54116077
54116099
54116113
54116131
54116137
54116143
54116147
54116149
54116189
54116197
54116201
54116207
54116243
54116281
54116299
54116327
54116383
54116417
54116431
54116441
54116467
54116477
54116497
54116519
54116521
54116537
54116549
54116561
54116609
54116611
54116633
54116653
54116663
54116683
54116707
54116749
54116753
54116779
54116789
54116827
54116893
54116927
54116939
54116989
54117023
54117043
54117053
54117059
54117061
54117071
54117109
54117139
54117143
54117157
54117181
54117191
54117197
54117209
54117211
54117223
54117233
54117269
54117299
54117311
54117319
54117353
54117359
54117373
54117383
54117397
54117403
54117419
54117433
54117457
54117463
54117473
54117493
54117523
54117527
54117559
54117571
54117587
54117589
54117593
54117617
54117619
54117631
54117641
54117671
54117677
54117703
54117751
54117787
54117829
54117839
54117881
54117907
54117911
54117941
54117989
54118003
54118007
54118027
54118063
54118079
54118093
54118109
54118133
54118153
54118171
54118189
54118193
54118199
54118231
54118243
54118271
54118277
54118279
54118303
54118349
54118357
54118367
54118369
54118387
54118409
54118417
54118433
54118481
54118489
54118499
54118501
54118507
54118523
54118541
54118549
54118577
54118613
54118619
54118621
54118657
54118661
54118697
54118709
54118711
54118717
54118733
54118741
54118759
54118787
54118807
54118817
54118829
54118861
54118877
54118907
54118913
54118951
54118979
54118993
54119003
54119053
54119063
54119083
54119089
54119099
54119141
54119147
54119159
54119171
54119173
54119213
54119227
54119243
54119251
54119257
54119267
54119269
54119281
54119291
54119293
54119309
54119339
54119357
54119363
54119369
54119389
54119407
54119431
54119441
54119447
54119477
54119491
54119497
54119509
54119531
54119557
54119573
54119587
54119603
54119651
54119669
54119677
54119711
54119729
54119761
54119773
54119797
54119801
54119803
54119833
54119861
54119911
54119927
54119939
54119957
54119969
54120007
54120013
54120019
54120029
54120047
54120139
54120167
54120179
54120181
54120193
54120211
54120221
54120223
54120251
54120259
54120289
54120301
54120317
54120329
54120331
54120337
54120349
54120361
54120371
54120377
54120397
54120413
54120427
54120439
54120457
54120461
54120487
54120491
54120499
54120509
54120527
54120551
54120553
54120557
54120601
54120611
54120613
54120631
54120653
54120691
54120701
54120709
54120713
54120719
54120743
54120763
54120799
54120827
54120839
54120841
54120853
54120887
54120889
54120893
54120919
54120971
54120977
54121019
54121021
54121033
54121037
54121043
54121049
54121061
54121069
54121073
54121079
54121087
54121117
54121127
54121169
54121201
54121211
54121259
54121267
54121273
54121283
54121297
54121307
54121313
54121339
54121357
54121409
54121429
54121469
54121499
54121513
54121531
54121547
54121549
54121577
54121583
54121589
54121601
54121619
54121621
54121643
54121651
54121657
54121663
54121699
54121721
54121723
54121741
54121799
54121807
54121813
54121817
54121841
54121843
54121867
54121871
54121883
54121889
54121891
54121909
54121919
54121973
54121979
54122017
54122041
54122087
54122099
54122111
54122119
54122129
54122137
54122179
54122209
54122219
54122221
54122227
54122269
54122281
54122303
54122309
54122329
54122351
54122353
54122359
54122389
54122429
54122437
54122443
54122459
54122491
54122539
54122573
54122581
54122587
54122597
54122603
54122687
54122741
54122759
54122791
54122813
54122833
54122837
54122881
54122899
54122987
54123007
54123023
54123029
54123031
54123049
54123059
54123067
54123073
54123079
54123089
54123103
54123109
54123143
54123169
54123217
54123233
54123247
54123281
54123313
54123317
54123319
54123353
54123361
54123373
54123389
54123397
54123401
54123413
54123431
54123437
54123449
54123493
54123521
54123527
54123557
54123581
54123593
54123617
54123677
54123679
54123683
54123697
54123721
54123749
54123763
54123787
54123809
54123833
54123847
54123851
54123877
54123907
54123919
54123941
54123961
54123973
54124003
54124013
54124043
54124061
54124067
54124069
54124079
54124087
54124093
54124097
54124099
54124111
54124123
54124151
54124207
54124283
54124297
54124319
54124321
54124327
54124333
54124361
54124363
54124373
54124381
54124397
54124429
54124439
54124459
54124471
54124489
54124513
54124517
54124529
54124531
54124541
54124547
54124561
54124571
54124579
54124601
54124613
54124619
54124661
54124699
54124709
54124723
54124757
54124769
54124781
54124799
54124801
54124813
54124841
54124849
54124859
54124891
54124907
54124909
54124913
54124921
54124937
54124943
54124949
54124951
54124979
54124981
54124997
54125009
54125063
54125069
54125077
54125081
54125119
54125143
54125147
54125171
54125173
54125179
54125189
54125209
54125219
54125249
54125257
54125303
54125311
54125381
54125429
54125431
54125441
54125521
54125543
54125557
54125579
54125581
54125611
54125633
54125639
54125641
54125651
54125677
54125681
54125683
54125707
54125713
54125723
54125791
54125801
54125821
54125837
54125873
54125881
54125887
54125893
54125917
54125941
54125957
54125959
54125963
54125987
54125989
54125993
54126019
54126029
54126047
54126053
54126073
54126103
54126131
54126143
54126157
54126161
54126167
54126173
54126179
54126229
54126251
54126253
54126277
54126287
54126349
54126377
54126427
54126433
54126439
54126451
54126463
54126467
54126473
54126481
54126491
54126493
54126503
54126529
54126533
54126539
54126547
54126619
54126629
54126643
54126647
54126689
54126749
54126757
54126773
54126781
54126817
54126829
54126841
54126851
54126857
54126883
54126901
54126911
54126937
54126959
54126977
54126979
54126983
54127001
54127037
54127057
54127103
54127141
54127159
54127169
54127207
54127231
54127243
54127277
54127279
54127289
54127319
54127321
54127343
54127361
54127387
54127417
54127453
54127459
54127471
54127481
54127501
54127511
54127517
54127553
54127571
54127607
54127613
54127621
54127627
54127639
54127657
54127673
54127687
54127693
54127747
54127807
54127817
54127837
54127849
54127859
54127889
54127907
54127919
54127937
54127939
54127943
54127981
54127987
54128033
54128047
54128059
54128069
54128071
54128089
54128101
54128117
54128141
54128149
54128189
54128203
54128213
54128219
54128227
54128233
54128237
54128257
54128267
54128279
54128281
54128309
54128329
54128339
54128461
54128479
54128489
54128491
54128497
54128507
54128519
54128579
54128621
54128623
54128647
54128653
54128671
54128677
54128681
54128687
54128693
54128707
54128713
54128719
54128771
54128779
54128791
54128801
54128803
54128849
54128857
54128863
54128911
54128917
54128927
54128939
54128957
54129017
54129029
54129041
54129067
54129079
54129107
54129149
54129151
54129161
54129221
54129223
54129227
54129247
54129253
54129259
54129287
54129301
54129329
54129337
54129349
54129371
54129391
54129403
54129407
54129433
54129443
54129463
54129469
54129473
54129527
54129583
54129611
54129623
54129641
54129643
54129667
54129671
54129697
54129701
54129703
54129709
54129731
54129737
54129749
54129767
54129781
54129821
54129847
54129869
54129893
54129919
54129941
54129953
54130003
54130007
54130009
54130033
54130049
54130073
54130099
54130103
54130129
54130169
54130177
54130213
54130217
54130231
54130253
54130273
54130283
54130301
54130313
54130343
54130361
54130367
54130369
54130387
54130399
54130451
54130457
54130459
54130463
54130469
54130493
54130513
54130541
54130561
54130577
54130579
54130591
54130597
54130621
54130627
54130633
54130651
54130663
54130673
54130693
54130697
54130711
54130751
54130757
54130759
54130781
54130787
54130807
54130831
54130847
54130859
54130877
54130883
54130927
54130939
54130961
54130969
54130987
54131017
54131027
54131041
54131059
54131087
54131093
54131113
54131123
54131131
54131153
54131173
54131183
54131191
54131201
54131219
54131221
54131227
54131257
54131269
54131279
54131293
54131309
54131327
54131359
54131369
54131381
54131387
54131431
54131447
54131459
54131479
54131503
54131509
54131531
54131557
54131563
54131593
54131599
54131647
54131659
54131663
54131683
54131699
54131713
54131717
54131729
54131731
54131747
54131761
54131771
54131783
54131789
54131801
54131807
54131813
54131821
54131837
54131843
54131863
54131923
54131929
54131933
54131941
54131953
54131971
54131977
54131981
54132011
54132017
54132037
54132059
54132077
54132079
54132101
54132103
54132119
54132139
54132149
54132157
54132173
54132209
54132223
54132277
54132289
54132319
54132329
54132359
54132367
54132383
54132413
54132427
54132431
54132439
54132461
54132467
54132469
54132487
54132503
54132511
54132527
54132563
54132613
54132619
54132649
54132703
54132707
54132713
54132719
54132721
